{
  "files": {
    "/Users/lorraynereis/Documents/PUC /Engenharia de Sofware/7 Peri\u0301odo/TCC 1/plf-es-2022-2-tcci-5308100-pes-lorrayne-reis/Instrumentos/Codigos/Collect-repositories/Repositories/Cloned-repositories/CVPR2023-3D-Occupancy-Prediction/projects/configs/_base_/models/3dssd.py": {
      "comment_ratio": 1.1993517017828201,
      "cyclomatic_complexity": 2,
      "fanout_external": 0,
      "fanout_internal": 0,
      "halstead_bugprop": 1.3728554873648764,
      "halstead_difficulty": 7.113095238095238,
      "halstead_effort": 29295.755489304058,
      "halstead_timerequired": 1627.5419716280032,
      "halstead_volume": 4118.566462094629,
      "lang": [
        "Python"
      ],
      "loc": 1,
      "operands_sum": 239,
      "operands_uniq": 84,
      "operators_sum": 397,
      "operators_uniq": 5
    }
  },
  "overall": {
    "comment_ratio": 1.1993517017828201,
    "cyclomatic_complexity": 2,
    "fanout_external": 0,
    "fanout_internal": 0,
    "halstead_bugprop": 1.3728554873648764,
    "halstead_difficulty": 7.113095238095238,
    "halstead_effort": 29295.755489304058,
    "halstead_timerequired": 1627.5419716280032,
    "halstead_volume": 4118.566462094629,
    "loc": 1,
    "maintainability_index": 100,
    "operands_sum": 239,
    "operands_uniq": 84,
    "operators_sum": 397,
    "operators_uniq": 5,
    "pylint": 100.0,
    "tiobe": 99.32835820895522,
    "tiobe_compiler": 100.0,
    "tiobe_complexity": 95.5223880597015,
    "tiobe_coverage": 100.0,
    "tiobe_duplication": 100.0,
    "tiobe_fanout": 100.0,
    "tiobe_functional": 100.0,
    "tiobe_security": 100.0,
    "tiobe_standard": 100.0
  },
  "stats": {
    "max": {
      "comment_ratio": 1.1993517017828201,
      "cyclomatic_complexity": 2,
      "fanout_external": 0,
      "fanout_internal": 0,
      "halstead_bugprop": 1.3728554873648764,
      "halstead_difficulty": 7.113095238095238,
      "halstead_effort": 29295.755489304058,
      "halstead_timerequired": 1627.5419716280032,
      "halstead_volume": 4118.566462094629,
      "loc": 1,
      "operands_sum": 239,
      "operands_uniq": 84,
      "operators_sum": 397,
      "operators_uniq": 5
    },
    "mean": {
      "comment_ratio": 1.1993517017828201,
      "cyclomatic_complexity": 2,
      "fanout_external": 0,
      "fanout_internal": 0,
      "halstead_bugprop": 1.3728554873648764,
      "halstead_difficulty": 7.113095238095238,
      "halstead_effort": 29295.755489304058,
      "halstead_timerequired": 1627.5419716280032,
      "halstead_volume": 4118.566462094629,
      "loc": 1,
      "operands_sum": 239,
      "operands_uniq": 84,
      "operators_sum": 397,
      "operators_uniq": 5
    },
    "median": {
      "comment_ratio": 1.1993517017828201,
      "cyclomatic_complexity": 2,
      "fanout_external": 0,
      "fanout_internal": 0,
      "halstead_bugprop": 1.3728554873648764,
      "halstead_difficulty": 7.113095238095238,
      "halstead_effort": 29295.755489304058,
      "halstead_timerequired": 1627.5419716280032,
      "halstead_volume": 4118.566462094629,
      "loc": 1,
      "operands_sum": 239,
      "operands_uniq": 84,
      "operators_sum": 397,
      "operators_uniq": 5
    },
    "min": {
      "comment_ratio": 1.1993517017828201,
      "cyclomatic_complexity": 2,
      "fanout_external": 0,
      "fanout_internal": 0,
      "halstead_bugprop": 1.3728554873648764,
      "halstead_difficulty": 7.113095238095238,
      "halstead_effort": 29295.755489304058,
      "halstead_timerequired": 1627.5419716280032,
      "halstead_volume": 4118.566462094629,
      "loc": 1,
      "operands_sum": 239,
      "operands_uniq": 84,
      "operators_sum": 397,
      "operators_uniq": 5
    }
  }
}
