{
  "files": {
    "/Users/lorraynereis/Documents/PUC /Engenharia de Sofware/7 Peri\u0301odo/TCC 1/plf-es-2022-2-tcci-5308100-pes-lorrayne-reis/Instrumentos/Codigos/Collect-repositories/Repositories/Cloned-repositories/PythonRobotics/PathPlanning/AStar/a_star_searching_from_two_side.py": {
      "comment_ratio": 23.771494352111663,
      "cyclomatic_complexity": 38,
      "fanout_external": 6,
      "fanout_internal": 1,
      "halstead_bugprop": 5.198134977147574,
      "halstead_difficulty": 100.88888888888889,
      "halstead_effort": 1573302.1864166656,
      "halstead_timerequired": 87405.67702314809,
      "halstead_volume": 15594.404931442721,
      "lang": [
        "Python"
      ],
      "loc": 4,
      "operands_sum": 908,
      "operands_uniq": 162,
      "operators_sum": 1136,
      "operators_uniq": 36
    }
  },
  "overall": {
    "comment_ratio": 23.771494352111663,
    "cyclomatic_complexity": 38,
    "fanout_external": 6,
    "fanout_internal": 1,
    "halstead_bugprop": 5.198134977147574,
    "halstead_difficulty": 100.88888888888889,
    "halstead_effort": 1573302.1864166656,
    "halstead_timerequired": 87405.67702314809,
    "halstead_volume": 15594.404931442721,
    "loc": 4,
    "maintainability_index": 89.59776050240743,
    "operands_sum": 908,
    "operands_uniq": 162,
    "operators_sum": 1136,
    "operators_uniq": 36,
    "pylint": 100.0,
    "tiobe": 85.01795903096061,
    "tiobe_compiler": 100.0,
    "tiobe_complexity": 0.11972687307080722,
    "tiobe_coverage": 100.0,
    "tiobe_duplication": 100.0,
    "tiobe_fanout": 100.0,
    "tiobe_functional": 100.0,
    "tiobe_security": 100.0,
    "tiobe_standard": 100.0
  },
  "stats": {
    "max": {
      "comment_ratio": 23.771494352111663,
      "cyclomatic_complexity": 38,
      "fanout_external": 6,
      "fanout_internal": 1,
      "halstead_bugprop": 5.198134977147574,
      "halstead_difficulty": 100.88888888888889,
      "halstead_effort": 1573302.1864166656,
      "halstead_timerequired": 87405.67702314809,
      "halstead_volume": 15594.404931442721,
      "loc": 4,
      "operands_sum": 908,
      "operands_uniq": 162,
      "operators_sum": 1136,
      "operators_uniq": 36
    },
    "mean": {
      "comment_ratio": 23.771494352111663,
      "cyclomatic_complexity": 38,
      "fanout_external": 6,
      "fanout_internal": 1,
      "halstead_bugprop": 5.198134977147574,
      "halstead_difficulty": 100.88888888888889,
      "halstead_effort": 1573302.1864166656,
      "halstead_timerequired": 87405.67702314809,
      "halstead_volume": 15594.404931442721,
      "loc": 4,
      "operands_sum": 908,
      "operands_uniq": 162,
      "operators_sum": 1136,
      "operators_uniq": 36
    },
    "median": {
      "comment_ratio": 23.771494352111663,
      "cyclomatic_complexity": 38,
      "fanout_external": 6,
      "fanout_internal": 1,
      "halstead_bugprop": 5.198134977147574,
      "halstead_difficulty": 100.88888888888889,
      "halstead_effort": 1573302.1864166656,
      "halstead_timerequired": 87405.67702314809,
      "halstead_volume": 15594.404931442721,
      "loc": 4,
      "operands_sum": 908,
      "operands_uniq": 162,
      "operators_sum": 1136,
      "operators_uniq": 36
    },
    "min": {
      "comment_ratio": 23.771494352111663,
      "cyclomatic_complexity": 38,
      "fanout_external": 6,
      "fanout_internal": 1,
      "halstead_bugprop": 5.198134977147574,
      "halstead_difficulty": 100.88888888888889,
      "halstead_effort": 1573302.1864166656,
      "halstead_timerequired": 87405.67702314809,
      "halstead_volume": 15594.404931442721,
      "loc": 4,
      "operands_sum": 908,
      "operands_uniq": 162,
      "operators_sum": 1136,
      "operators_uniq": 36
    }
  }
}
