{
  "files": {
    "/Users/lorraynereis/Documents/PUC /Engenharia de Sofware/7 Peri\u0301odo/TCC 1/plf-es-2022-2-tcci-5308100-pes-lorrayne-reis/Instrumentos/Codigos/Collect-repositories/Repositories/Cloned-repositories/PythonRobotics/PathPlanning/AStar/a_star_variants.py": {
      "comment_ratio": 6.5123163125066075,
      "cyclomatic_complexity": 104,
      "fanout_external": 5,
      "fanout_internal": 1,
      "halstead_bugprop": 8.054659945175581,
      "halstead_difficulty": 137.30232558139537,
      "halstead_effort": 3317770.6267197654,
      "halstead_timerequired": 184320.5903733203,
      "halstead_volume": 24163.979835526745,
      "lang": [
        "Python"
      ],
      "loc": 21,
      "operands_sum": 1312,
      "operands_uniq": 172,
      "operators_sum": 1826,
      "operators_uniq": 36
    }
  },
  "overall": {
    "comment_ratio": 6.5123163125066075,
    "cyclomatic_complexity": 104,
    "fanout_external": 5,
    "fanout_internal": 1,
    "halstead_bugprop": 8.054659945175581,
    "halstead_difficulty": 137.30232558139537,
    "halstead_effort": 3317770.6267197654,
    "halstead_timerequired": 184320.5903733203,
    "halstead_volume": 24163.979835526745,
    "loc": 21,
    "maintainability_index": 45.27712100165468,
    "operands_sum": 1312,
    "operands_uniq": 172,
    "operators_sum": 1826,
    "operators_uniq": 36,
    "pylint": 100.0,
    "tiobe": 85.00086175246341,
    "tiobe_compiler": 100.0,
    "tiobe_complexity": 0.00574501642266804,
    "tiobe_coverage": 100.0,
    "tiobe_duplication": 100.0,
    "tiobe_fanout": 100.0,
    "tiobe_functional": 100.0,
    "tiobe_security": 100.0,
    "tiobe_standard": 100.0
  },
  "stats": {
    "max": {
      "comment_ratio": 6.5123163125066075,
      "cyclomatic_complexity": 104,
      "fanout_external": 5,
      "fanout_internal": 1,
      "halstead_bugprop": 8.054659945175581,
      "halstead_difficulty": 137.30232558139537,
      "halstead_effort": 3317770.6267197654,
      "halstead_timerequired": 184320.5903733203,
      "halstead_volume": 24163.979835526745,
      "loc": 21,
      "operands_sum": 1312,
      "operands_uniq": 172,
      "operators_sum": 1826,
      "operators_uniq": 36
    },
    "mean": {
      "comment_ratio": 6.5123163125066075,
      "cyclomatic_complexity": 104,
      "fanout_external": 5,
      "fanout_internal": 1,
      "halstead_bugprop": 8.054659945175581,
      "halstead_difficulty": 137.30232558139537,
      "halstead_effort": 3317770.6267197654,
      "halstead_timerequired": 184320.5903733203,
      "halstead_volume": 24163.979835526745,
      "loc": 21,
      "operands_sum": 1312,
      "operands_uniq": 172,
      "operators_sum": 1826,
      "operators_uniq": 36
    },
    "median": {
      "comment_ratio": 6.5123163125066075,
      "cyclomatic_complexity": 104,
      "fanout_external": 5,
      "fanout_internal": 1,
      "halstead_bugprop": 8.054659945175581,
      "halstead_difficulty": 137.30232558139537,
      "halstead_effort": 3317770.6267197654,
      "halstead_timerequired": 184320.5903733203,
      "halstead_volume": 24163.979835526745,
      "loc": 21,
      "operands_sum": 1312,
      "operands_uniq": 172,
      "operators_sum": 1826,
      "operators_uniq": 36
    },
    "min": {
      "comment_ratio": 6.5123163125066075,
      "cyclomatic_complexity": 104,
      "fanout_external": 5,
      "fanout_internal": 1,
      "halstead_bugprop": 8.054659945175581,
      "halstead_difficulty": 137.30232558139537,
      "halstead_effort": 3317770.6267197654,
      "halstead_timerequired": 184320.5903733203,
      "halstead_volume": 24163.979835526745,
      "loc": 21,
      "operands_sum": 1312,
      "operands_uniq": 172,
      "operators_sum": 1826,
      "operators_uniq": 36
    }
  }
}
