{
  "files": {
    "/Users/lorraynereis/Documents/PUC /Engenharia de Sofware/7 Peri\u0301odo/TCC 1/plf-es-2022-2-tcci-5308100-pes-lorrayne-reis/Instrumentos/Codigos/Collect-repositories/Repositories/Cloned-repositories/l5kit/l5kit/l5kit/kinematic/ackerman_perturbation.py": {
      "comment_ratio": 22.381152713504417,
      "cyclomatic_complexity": 2,
      "fanout_external": 8,
      "fanout_internal": 1,
      "halstead_bugprop": 1.378452150150962,
      "halstead_difficulty": 36.02597402597402,
      "halstead_effort": 148980.24407215978,
      "halstead_timerequired": 8276.6802262311,
      "halstead_volume": 4135.356450452886,
      "lang": [
        "Python"
      ],
      "loc": 1,
      "operands_sum": 292,
      "operands_uniq": 77,
      "operators_sum": 336,
      "operators_uniq": 19
    }
  },
  "overall": {
    "comment_ratio": 22.381152713504417,
    "cyclomatic_complexity": 2,
    "fanout_external": 8,
    "fanout_internal": 1,
    "halstead_bugprop": 1.378452150150962,
    "halstead_difficulty": 36.02597402597402,
    "halstead_effort": 148980.24407215978,
    "halstead_timerequired": 8276.6802262311,
    "halstead_volume": 4135.356450452886,
    "loc": 1,
    "maintainability_index": 100,
    "operands_sum": 292,
    "operands_uniq": 77,
    "operators_sum": 336,
    "operators_uniq": 19,
    "pylint": 100.0,
    "tiobe": 99.12835820895522,
    "tiobe_compiler": 100.0,
    "tiobe_complexity": 95.5223880597015,
    "tiobe_coverage": 100.0,
    "tiobe_duplication": 100.0,
    "tiobe_fanout": 96.0,
    "tiobe_functional": 100.0,
    "tiobe_security": 100.0,
    "tiobe_standard": 100.0
  },
  "stats": {
    "max": {
      "comment_ratio": 22.381152713504417,
      "cyclomatic_complexity": 2,
      "fanout_external": 8,
      "fanout_internal": 1,
      "halstead_bugprop": 1.378452150150962,
      "halstead_difficulty": 36.02597402597402,
      "halstead_effort": 148980.24407215978,
      "halstead_timerequired": 8276.6802262311,
      "halstead_volume": 4135.356450452886,
      "loc": 1,
      "operands_sum": 292,
      "operands_uniq": 77,
      "operators_sum": 336,
      "operators_uniq": 19
    },
    "mean": {
      "comment_ratio": 22.381152713504417,
      "cyclomatic_complexity": 2,
      "fanout_external": 8,
      "fanout_internal": 1,
      "halstead_bugprop": 1.378452150150962,
      "halstead_difficulty": 36.02597402597402,
      "halstead_effort": 148980.24407215978,
      "halstead_timerequired": 8276.6802262311,
      "halstead_volume": 4135.356450452886,
      "loc": 1,
      "operands_sum": 292,
      "operands_uniq": 77,
      "operators_sum": 336,
      "operators_uniq": 19
    },
    "median": {
      "comment_ratio": 22.381152713504417,
      "cyclomatic_complexity": 2,
      "fanout_external": 8,
      "fanout_internal": 1,
      "halstead_bugprop": 1.378452150150962,
      "halstead_difficulty": 36.02597402597402,
      "halstead_effort": 148980.24407215978,
      "halstead_timerequired": 8276.6802262311,
      "halstead_volume": 4135.356450452886,
      "loc": 1,
      "operands_sum": 292,
      "operands_uniq": 77,
      "operators_sum": 336,
      "operators_uniq": 19
    },
    "min": {
      "comment_ratio": 22.381152713504417,
      "cyclomatic_complexity": 2,
      "fanout_external": 8,
      "fanout_internal": 1,
      "halstead_bugprop": 1.378452150150962,
      "halstead_difficulty": 36.02597402597402,
      "halstead_effort": 148980.24407215978,
      "halstead_timerequired": 8276.6802262311,
      "halstead_volume": 4135.356450452886,
      "loc": 1,
      "operands_sum": 292,
      "operands_uniq": 77,
      "operators_sum": 336,
      "operators_uniq": 19
    }
  }
}
