{
  "files": {
    "/Users/lorraynereis/Documents/PUC /Engenharia de Sofware/7 Peri\u0301odo/TCC 1/plf-es-2022-2-tcci-5308100-pes-lorrayne-reis/Instrumentos/Codigos/Collect-repositories/Repositories/Cloned-repositories/CVPR2023-3D-Occupancy-Prediction/projects/mmdet3d_plugin/models/opt/adamw.py": {
      "comment_ratio": 33.624878522837705,
      "cyclomatic_complexity": 14,
      "fanout_external": 6,
      "fanout_internal": 1,
      "halstead_bugprop": 1.0030062038652494,
      "halstead_difficulty": 33.90163934426229,
      "halstead_effort": 102010.66375049193,
      "halstead_timerequired": 5667.259097249552,
      "halstead_volume": 3009.0186115957486,
      "lang": [
        "Python"
      ],
      "loc": 1,
      "operands_sum": 188,
      "operands_uniq": 61,
      "operators_sum": 284,
      "operators_uniq": 22
    }
  },
  "overall": {
    "comment_ratio": 33.624878522837705,
    "cyclomatic_complexity": 14,
    "fanout_external": 6,
    "fanout_internal": 1,
    "halstead_bugprop": 1.0030062038652494,
    "halstead_difficulty": 33.90163934426229,
    "halstead_effort": 102010.66375049193,
    "halstead_timerequired": 5667.259097249552,
    "halstead_volume": 3009.0186115957486,
    "loc": 1,
    "maintainability_index": 100,
    "operands_sum": 188,
    "operands_uniq": 61,
    "operators_sum": 284,
    "operators_uniq": 22,
    "pylint": 100.0,
    "tiobe": 85.36937283570603,
    "tiobe_compiler": 100.0,
    "tiobe_complexity": 2.4624855713736054,
    "tiobe_coverage": 100.0,
    "tiobe_duplication": 100.0,
    "tiobe_fanout": 100.0,
    "tiobe_functional": 100.0,
    "tiobe_security": 100.0,
    "tiobe_standard": 100.0
  },
  "stats": {
    "max": {
      "comment_ratio": 33.624878522837705,
      "cyclomatic_complexity": 14,
      "fanout_external": 6,
      "fanout_internal": 1,
      "halstead_bugprop": 1.0030062038652494,
      "halstead_difficulty": 33.90163934426229,
      "halstead_effort": 102010.66375049193,
      "halstead_timerequired": 5667.259097249552,
      "halstead_volume": 3009.0186115957486,
      "loc": 1,
      "operands_sum": 188,
      "operands_uniq": 61,
      "operators_sum": 284,
      "operators_uniq": 22
    },
    "mean": {
      "comment_ratio": 33.624878522837705,
      "cyclomatic_complexity": 14,
      "fanout_external": 6,
      "fanout_internal": 1,
      "halstead_bugprop": 1.0030062038652494,
      "halstead_difficulty": 33.90163934426229,
      "halstead_effort": 102010.66375049193,
      "halstead_timerequired": 5667.259097249552,
      "halstead_volume": 3009.0186115957486,
      "loc": 1,
      "operands_sum": 188,
      "operands_uniq": 61,
      "operators_sum": 284,
      "operators_uniq": 22
    },
    "median": {
      "comment_ratio": 33.624878522837705,
      "cyclomatic_complexity": 14,
      "fanout_external": 6,
      "fanout_internal": 1,
      "halstead_bugprop": 1.0030062038652494,
      "halstead_difficulty": 33.90163934426229,
      "halstead_effort": 102010.66375049193,
      "halstead_timerequired": 5667.259097249552,
      "halstead_volume": 3009.0186115957486,
      "loc": 1,
      "operands_sum": 188,
      "operands_uniq": 61,
      "operators_sum": 284,
      "operators_uniq": 22
    },
    "min": {
      "comment_ratio": 33.624878522837705,
      "cyclomatic_complexity": 14,
      "fanout_external": 6,
      "fanout_internal": 1,
      "halstead_bugprop": 1.0030062038652494,
      "halstead_difficulty": 33.90163934426229,
      "halstead_effort": 102010.66375049193,
      "halstead_timerequired": 5667.259097249552,
      "halstead_volume": 3009.0186115957486,
      "loc": 1,
      "operands_sum": 188,
      "operands_uniq": 61,
      "operators_sum": 284,
      "operators_uniq": 22
    }
  }
}
