{
  "files": {
    "/Users/lorraynereis/Documents/PUC /Engenharia de Sofware/7 Peri\u0301odo/TCC 1/plf-es-2022-2-tcci-5308100-pes-lorrayne-reis/Instrumentos/Codigos/Collect-repositories/Repositories/Cloned-repositories/l5kit/l5kit/l5kit/tests/sampling/agent_sampling_test.py": {
      "comment_ratio": 3.278688524590164,
      "cyclomatic_complexity": 0,
      "fanout_external": 7,
      "fanout_internal": 1,
      "halstead_bugprop": 0.8866298553191543,
      "halstead_difficulty": 34.212765957446805,
      "halstead_effort": 91002.17919275744,
      "halstead_timerequired": 5055.676621819857,
      "halstead_volume": 2659.8895659574628,
      "lang": [
        "Python"
      ],
      "loc": 1,
      "operands_sum": 201,
      "operands_uniq": 47,
      "operators_sum": 244,
      "operators_uniq": 16
    }
  },
  "overall": {
    "comment_ratio": 3.278688524590164,
    "cyclomatic_complexity": 0,
    "fanout_external": 7,
    "fanout_internal": 1,
    "halstead_bugprop": 0.8866298553191543,
    "halstead_difficulty": 34.212765957446805,
    "halstead_effort": 91002.17919275744,
    "halstead_timerequired": 5055.676621819857,
    "halstead_volume": 2659.8895659574628,
    "loc": 1,
    "maintainability_index": 100,
    "operands_sum": 201,
    "operands_uniq": 47,
    "operators_sum": 244,
    "operators_uniq": 16,
    "pylint": 100.0,
    "tiobe": 99.66923076923078,
    "tiobe_compiler": 100.0,
    "tiobe_complexity": 98.46153846153847,
    "tiobe_coverage": 100.0,
    "tiobe_duplication": 100.0,
    "tiobe_fanout": 98.0,
    "tiobe_functional": 100.0,
    "tiobe_security": 100.0,
    "tiobe_standard": 100.0
  },
  "stats": {
    "max": {
      "comment_ratio": 3.278688524590164,
      "cyclomatic_complexity": 0,
      "fanout_external": 7,
      "fanout_internal": 1,
      "halstead_bugprop": 0.8866298553191543,
      "halstead_difficulty": 34.212765957446805,
      "halstead_effort": 91002.17919275744,
      "halstead_timerequired": 5055.676621819857,
      "halstead_volume": 2659.8895659574628,
      "loc": 1,
      "operands_sum": 201,
      "operands_uniq": 47,
      "operators_sum": 244,
      "operators_uniq": 16
    },
    "mean": {
      "comment_ratio": 3.278688524590164,
      "cyclomatic_complexity": 0,
      "fanout_external": 7,
      "fanout_internal": 1,
      "halstead_bugprop": 0.8866298553191543,
      "halstead_difficulty": 34.212765957446805,
      "halstead_effort": 91002.17919275744,
      "halstead_timerequired": 5055.676621819857,
      "halstead_volume": 2659.8895659574628,
      "loc": 1,
      "operands_sum": 201,
      "operands_uniq": 47,
      "operators_sum": 244,
      "operators_uniq": 16
    },
    "median": {
      "comment_ratio": 3.278688524590164,
      "cyclomatic_complexity": 0,
      "fanout_external": 7,
      "fanout_internal": 1,
      "halstead_bugprop": 0.8866298553191543,
      "halstead_difficulty": 34.212765957446805,
      "halstead_effort": 91002.17919275744,
      "halstead_timerequired": 5055.676621819857,
      "halstead_volume": 2659.8895659574628,
      "loc": 1,
      "operands_sum": 201,
      "operands_uniq": 47,
      "operators_sum": 244,
      "operators_uniq": 16
    },
    "min": {
      "comment_ratio": 3.278688524590164,
      "cyclomatic_complexity": 0,
      "fanout_external": 7,
      "fanout_internal": 1,
      "halstead_bugprop": 0.8866298553191543,
      "halstead_difficulty": 34.212765957446805,
      "halstead_effort": 91002.17919275744,
      "halstead_timerequired": 5055.676621819857,
      "halstead_volume": 2659.8895659574628,
      "loc": 1,
      "operands_sum": 201,
      "operands_uniq": 47,
      "operators_sum": 244,
      "operators_uniq": 16
    }
  }
}
