{
  "files": {
    "/Users/lorraynereis/Documents/PUC /Engenharia de Sofware/7 Peri\u0301odo/TCC 1/plf-es-2022-2-tcci-5308100-pes-lorrayne-reis/Instrumentos/Codigos/Collect-repositories/Repositories/Cloned-repositories/l5kit/l5kit/l5kit/sampling/agent_sampling.py": {
      "comment_ratio": 40.24201283848594,
      "cyclomatic_complexity": 4,
      "fanout_external": 9,
      "fanout_internal": 1,
      "halstead_bugprop": 2.9372540291645897,
      "halstead_difficulty": 56.23703703703704,
      "halstead_effort": 495547.3908759459,
      "halstead_timerequired": 27530.410604219218,
      "halstead_volume": 8811.76208749377,
      "lang": [
        "Python"
      ],
      "loc": 1,
      "operands_sum": 584,
      "operands_uniq": 135,
      "operators_sum": 618,
      "operators_uniq": 26
    }
  },
  "overall": {
    "comment_ratio": 40.24201283848594,
    "cyclomatic_complexity": 4,
    "fanout_external": 9,
    "fanout_internal": 1,
    "halstead_bugprop": 2.9372540291645897,
    "halstead_difficulty": 56.23703703703704,
    "halstead_effort": 495547.3908759459,
    "halstead_timerequired": 27530.410604219218,
    "halstead_volume": 8811.76208749377,
    "loc": 1,
    "maintainability_index": 100,
    "operands_sum": 584,
    "operands_uniq": 135,
    "operators_sum": 618,
    "operators_uniq": 26,
    "pylint": 100.0,
    "tiobe": 93.50733944954129,
    "tiobe_compiler": 100.0,
    "tiobe_complexity": 58.71559633027523,
    "tiobe_coverage": 100.0,
    "tiobe_duplication": 100.0,
    "tiobe_fanout": 94.0,
    "tiobe_functional": 100.0,
    "tiobe_security": 100.0,
    "tiobe_standard": 100.0
  },
  "stats": {
    "max": {
      "comment_ratio": 40.24201283848594,
      "cyclomatic_complexity": 4,
      "fanout_external": 9,
      "fanout_internal": 1,
      "halstead_bugprop": 2.9372540291645897,
      "halstead_difficulty": 56.23703703703704,
      "halstead_effort": 495547.3908759459,
      "halstead_timerequired": 27530.410604219218,
      "halstead_volume": 8811.76208749377,
      "loc": 1,
      "operands_sum": 584,
      "operands_uniq": 135,
      "operators_sum": 618,
      "operators_uniq": 26
    },
    "mean": {
      "comment_ratio": 40.24201283848594,
      "cyclomatic_complexity": 4,
      "fanout_external": 9,
      "fanout_internal": 1,
      "halstead_bugprop": 2.9372540291645897,
      "halstead_difficulty": 56.23703703703704,
      "halstead_effort": 495547.3908759459,
      "halstead_timerequired": 27530.410604219218,
      "halstead_volume": 8811.76208749377,
      "loc": 1,
      "operands_sum": 584,
      "operands_uniq": 135,
      "operators_sum": 618,
      "operators_uniq": 26
    },
    "median": {
      "comment_ratio": 40.24201283848594,
      "cyclomatic_complexity": 4,
      "fanout_external": 9,
      "fanout_internal": 1,
      "halstead_bugprop": 2.9372540291645897,
      "halstead_difficulty": 56.23703703703704,
      "halstead_effort": 495547.3908759459,
      "halstead_timerequired": 27530.410604219218,
      "halstead_volume": 8811.76208749377,
      "loc": 1,
      "operands_sum": 584,
      "operands_uniq": 135,
      "operators_sum": 618,
      "operators_uniq": 26
    },
    "min": {
      "comment_ratio": 40.24201283848594,
      "cyclomatic_complexity": 4,
      "fanout_external": 9,
      "fanout_internal": 1,
      "halstead_bugprop": 2.9372540291645897,
      "halstead_difficulty": 56.23703703703704,
      "halstead_effort": 495547.3908759459,
      "halstead_timerequired": 27530.410604219218,
      "halstead_volume": 8811.76208749377,
      "loc": 1,
      "operands_sum": 584,
      "operands_uniq": 135,
      "operators_sum": 618,
      "operators_uniq": 26
    }
  }
}
