{
  "files": {
    "/Users/lorraynereis/Documents/PUC /Engenharia de Sofware/7 Peri\u0301odo/TCC 1/plf-es-2022-2-tcci-5308100-pes-lorrayne-reis/Instrumentos/Codigos/Collect-repositories/Repositories/Cloned-repositories/CVPR2023-3D-Occupancy-Prediction/tools/analysis_tools/analyze_logs.py": {
      "comment_ratio": 9.788430637386181,
      "cyclomatic_complexity": 36,
      "fanout_external": 8,
      "fanout_internal": 0,
      "halstead_bugprop": 2.477841942787192,
      "halstead_difficulty": 48.21818181818182,
      "halstead_effort": 358431.09994208906,
      "halstead_timerequired": 19912.838885671616,
      "halstead_volume": 7433.525828361576,
      "lang": [
        "Python"
      ],
      "loc": 2,
      "operands_sum": 442,
      "operands_uniq": 110,
      "operators_sum": 610,
      "operators_uniq": 24
    }
  },
  "overall": {
    "comment_ratio": 9.788430637386181,
    "cyclomatic_complexity": 36,
    "fanout_external": 8,
    "fanout_internal": 0,
    "halstead_bugprop": 2.477841942787192,
    "halstead_difficulty": 48.21818181818182,
    "halstead_effort": 358431.09994208906,
    "halstead_timerequired": 19912.838885671616,
    "halstead_volume": 7433.525828361576,
    "loc": 2,
    "maintainability_index": 100,
    "operands_sum": 442,
    "operands_uniq": 110,
    "operators_sum": 610,
    "operators_uniq": 24,
    "pylint": 100.0,
    "tiobe": 85.02115049901958,
    "tiobe_compiler": 100.0,
    "tiobe_complexity": 0.14100332679724162,
    "tiobe_coverage": 100.0,
    "tiobe_duplication": 100.0,
    "tiobe_fanout": 100.0,
    "tiobe_functional": 100.0,
    "tiobe_security": 100.0,
    "tiobe_standard": 100.0
  },
  "stats": {
    "max": {
      "comment_ratio": 9.788430637386181,
      "cyclomatic_complexity": 36,
      "fanout_external": 8,
      "fanout_internal": 0,
      "halstead_bugprop": 2.477841942787192,
      "halstead_difficulty": 48.21818181818182,
      "halstead_effort": 358431.09994208906,
      "halstead_timerequired": 19912.838885671616,
      "halstead_volume": 7433.525828361576,
      "loc": 2,
      "operands_sum": 442,
      "operands_uniq": 110,
      "operators_sum": 610,
      "operators_uniq": 24
    },
    "mean": {
      "comment_ratio": 9.788430637386181,
      "cyclomatic_complexity": 36,
      "fanout_external": 8,
      "fanout_internal": 0,
      "halstead_bugprop": 2.477841942787192,
      "halstead_difficulty": 48.21818181818182,
      "halstead_effort": 358431.09994208906,
      "halstead_timerequired": 19912.838885671616,
      "halstead_volume": 7433.525828361576,
      "loc": 2,
      "operands_sum": 442,
      "operands_uniq": 110,
      "operators_sum": 610,
      "operators_uniq": 24
    },
    "median": {
      "comment_ratio": 9.788430637386181,
      "cyclomatic_complexity": 36,
      "fanout_external": 8,
      "fanout_internal": 0,
      "halstead_bugprop": 2.477841942787192,
      "halstead_difficulty": 48.21818181818182,
      "halstead_effort": 358431.09994208906,
      "halstead_timerequired": 19912.838885671616,
      "halstead_volume": 7433.525828361576,
      "loc": 2,
      "operands_sum": 442,
      "operands_uniq": 110,
      "operators_sum": 610,
      "operators_uniq": 24
    },
    "min": {
      "comment_ratio": 9.788430637386181,
      "cyclomatic_complexity": 36,
      "fanout_external": 8,
      "fanout_internal": 0,
      "halstead_bugprop": 2.477841942787192,
      "halstead_difficulty": 48.21818181818182,
      "halstead_effort": 358431.09994208906,
      "halstead_timerequired": 19912.838885671616,
      "halstead_volume": 7433.525828361576,
      "loc": 2,
      "operands_sum": 442,
      "operands_uniq": 110,
      "operators_sum": 610,
      "operators_uniq": 24
    }
  }
}
