{
  "files": {
    "/Users/lorraynereis/Documents/PUC /Engenharia de Sofware/7 Peri\u0301odo/TCC 1/plf-es-2022-2-tcci-5308100-pes-lorrayne-reis/Instrumentos/Codigos/Collect-repositories/Repositories/Cloned-repositories/PythonRobotics/ArmNavigation/arm_obstacle_navigation/arm_obstacle_navigation.py": {
      "comment_ratio": 18.669429097605892,
      "cyclomatic_complexity": 39,
      "fanout_external": 7,
      "fanout_internal": 1,
      "halstead_bugprop": 3.9992437257233093,
      "halstead_difficulty": 83.84444444444445,
      "halstead_effort": 1005943.105143603,
      "halstead_timerequired": 55885.728063533505,
      "halstead_volume": 11997.731177169928,
      "lang": [
        "Python"
      ],
      "loc": 4,
      "operands_sum": 686,
      "operands_uniq": 135,
      "operators_sum": 937,
      "operators_uniq": 33
    }
  },
  "overall": {
    "comment_ratio": 18.669429097605892,
    "cyclomatic_complexity": 39,
    "fanout_external": 7,
    "fanout_internal": 1,
    "halstead_bugprop": 3.9992437257233093,
    "halstead_difficulty": 83.84444444444445,
    "halstead_effort": 1005943.105143603,
    "halstead_timerequired": 55885.728063533505,
    "halstead_volume": 11997.731177169928,
    "loc": 4,
    "maintainability_index": 90.73117256976647,
    "operands_sum": 686,
    "operands_uniq": 135,
    "operators_sum": 937,
    "operators_uniq": 33,
    "pylint": 100.0,
    "tiobe": 84.91660210293304,
    "tiobe_compiler": 100.0,
    "tiobe_complexity": 0.11068068622025456,
    "tiobe_coverage": 100.0,
    "tiobe_duplication": 100.0,
    "tiobe_fanout": 98.0,
    "tiobe_functional": 100.0,
    "tiobe_security": 100.0,
    "tiobe_standard": 100.0
  },
  "stats": {
    "max": {
      "comment_ratio": 18.669429097605892,
      "cyclomatic_complexity": 39,
      "fanout_external": 7,
      "fanout_internal": 1,
      "halstead_bugprop": 3.9992437257233093,
      "halstead_difficulty": 83.84444444444445,
      "halstead_effort": 1005943.105143603,
      "halstead_timerequired": 55885.728063533505,
      "halstead_volume": 11997.731177169928,
      "loc": 4,
      "operands_sum": 686,
      "operands_uniq": 135,
      "operators_sum": 937,
      "operators_uniq": 33
    },
    "mean": {
      "comment_ratio": 18.669429097605892,
      "cyclomatic_complexity": 39,
      "fanout_external": 7,
      "fanout_internal": 1,
      "halstead_bugprop": 3.9992437257233093,
      "halstead_difficulty": 83.84444444444445,
      "halstead_effort": 1005943.105143603,
      "halstead_timerequired": 55885.728063533505,
      "halstead_volume": 11997.731177169928,
      "loc": 4,
      "operands_sum": 686,
      "operands_uniq": 135,
      "operators_sum": 937,
      "operators_uniq": 33
    },
    "median": {
      "comment_ratio": 18.669429097605892,
      "cyclomatic_complexity": 39,
      "fanout_external": 7,
      "fanout_internal": 1,
      "halstead_bugprop": 3.9992437257233093,
      "halstead_difficulty": 83.84444444444445,
      "halstead_effort": 1005943.105143603,
      "halstead_timerequired": 55885.728063533505,
      "halstead_volume": 11997.731177169928,
      "loc": 4,
      "operands_sum": 686,
      "operands_uniq": 135,
      "operators_sum": 937,
      "operators_uniq": 33
    },
    "min": {
      "comment_ratio": 18.669429097605892,
      "cyclomatic_complexity": 39,
      "fanout_external": 7,
      "fanout_internal": 1,
      "halstead_bugprop": 3.9992437257233093,
      "halstead_difficulty": 83.84444444444445,
      "halstead_effort": 1005943.105143603,
      "halstead_timerequired": 55885.728063533505,
      "halstead_volume": 11997.731177169928,
      "loc": 4,
      "operands_sum": 686,
      "operands_uniq": 135,
      "operators_sum": 937,
      "operators_uniq": 33
    }
  }
}
