{
  "files": {
    "/Users/lorraynereis/Documents/PUC /Engenharia de Sofware/7 Peri\u0301odo/TCC 1/plf-es-2022-2-tcci-5308100-pes-lorrayne-reis/Instrumentos/Codigos/Collect-repositories/Repositories/Cloned-repositories/PythonRobotics/ArmNavigation/arm_obstacle_navigation/arm_obstacle_navigation_2.py": {
      "comment_ratio": 19.348600508905854,
      "cyclomatic_complexity": 41,
      "fanout_external": 8,
      "fanout_internal": 1,
      "halstead_bugprop": 4.531692151531674,
      "halstead_difficulty": 89.96644295302013,
      "halstead_effort": 1223100.6702942704,
      "halstead_timerequired": 67950.03723857057,
      "halstead_volume": 13595.076454595022,
      "lang": [
        "Python"
      ],
      "loc": 4,
      "operands_sum": 766,
      "operands_uniq": 149,
      "operators_sum": 1041,
      "operators_uniq": 35
    }
  },
  "overall": {
    "comment_ratio": 19.348600508905854,
    "cyclomatic_complexity": 41,
    "fanout_external": 8,
    "fanout_internal": 1,
    "halstead_bugprop": 4.531692151531674,
    "halstead_difficulty": 89.96644295302013,
    "halstead_effort": 1223100.6702942704,
    "halstead_timerequired": 67950.03723857057,
    "halstead_volume": 13595.076454595022,
    "loc": 4,
    "maintainability_index": 89.6212238498033,
    "operands_sum": 766,
    "operands_uniq": 149,
    "operators_sum": 1041,
    "operators_uniq": 35,
    "pylint": 100.0,
    "tiobe": 84.81427212178876,
    "tiobe_compiler": 100.0,
    "tiobe_complexity": 0.09514747859181731,
    "tiobe_coverage": 100.0,
    "tiobe_duplication": 100.0,
    "tiobe_fanout": 96.0,
    "tiobe_functional": 100.0,
    "tiobe_security": 100.0,
    "tiobe_standard": 100.0
  },
  "stats": {
    "max": {
      "comment_ratio": 19.348600508905854,
      "cyclomatic_complexity": 41,
      "fanout_external": 8,
      "fanout_internal": 1,
      "halstead_bugprop": 4.531692151531674,
      "halstead_difficulty": 89.96644295302013,
      "halstead_effort": 1223100.6702942704,
      "halstead_timerequired": 67950.03723857057,
      "halstead_volume": 13595.076454595022,
      "loc": 4,
      "operands_sum": 766,
      "operands_uniq": 149,
      "operators_sum": 1041,
      "operators_uniq": 35
    },
    "mean": {
      "comment_ratio": 19.348600508905854,
      "cyclomatic_complexity": 41,
      "fanout_external": 8,
      "fanout_internal": 1,
      "halstead_bugprop": 4.531692151531674,
      "halstead_difficulty": 89.96644295302013,
      "halstead_effort": 1223100.6702942704,
      "halstead_timerequired": 67950.03723857057,
      "halstead_volume": 13595.076454595022,
      "loc": 4,
      "operands_sum": 766,
      "operands_uniq": 149,
      "operators_sum": 1041,
      "operators_uniq": 35
    },
    "median": {
      "comment_ratio": 19.348600508905854,
      "cyclomatic_complexity": 41,
      "fanout_external": 8,
      "fanout_internal": 1,
      "halstead_bugprop": 4.531692151531674,
      "halstead_difficulty": 89.96644295302013,
      "halstead_effort": 1223100.6702942704,
      "halstead_timerequired": 67950.03723857057,
      "halstead_volume": 13595.076454595022,
      "loc": 4,
      "operands_sum": 766,
      "operands_uniq": 149,
      "operators_sum": 1041,
      "operators_uniq": 35
    },
    "min": {
      "comment_ratio": 19.348600508905854,
      "cyclomatic_complexity": 41,
      "fanout_external": 8,
      "fanout_internal": 1,
      "halstead_bugprop": 4.531692151531674,
      "halstead_difficulty": 89.96644295302013,
      "halstead_effort": 1223100.6702942704,
      "halstead_timerequired": 67950.03723857057,
      "halstead_volume": 13595.076454595022,
      "loc": 4,
      "operands_sum": 766,
      "operands_uniq": 149,
      "operators_sum": 1041,
      "operators_uniq": 35
    }
  }
}
