{
  "files": {
    "/Users/lorraynereis/Documents/PUC /Engenharia de Sofware/7 Peri\u0301odo/TCC 1/plf-es-2022-2-tcci-5308100-pes-lorrayne-reis/Instrumentos/Codigos/Collect-repositories/Repositories/Cloned-repositories/MotionPlanning/HybridAstarPlanner/astar.py": {
      "comment_ratio": 6.873156342182891,
      "cyclomatic_complexity": 27,
      "fanout_external": 7,
      "fanout_internal": 1,
      "halstead_bugprop": 3.649290473503787,
      "halstead_difficulty": 122.71875,
      "halstead_effort": 1343509.0958858787,
      "halstead_timerequired": 74639.39421588214,
      "halstead_volume": 10947.871420511361,
      "lang": [
        "Python"
      ],
      "loc": 1,
      "operands_sum": 693,
      "operands_uniq": 96,
      "operators_sum": 866,
      "operators_uniq": 34
    }
  },
  "overall": {
    "comment_ratio": 6.873156342182891,
    "cyclomatic_complexity": 27,
    "fanout_external": 7,
    "fanout_internal": 1,
    "halstead_bugprop": 3.649290473503787,
    "halstead_difficulty": 122.71875,
    "halstead_effort": 1343509.0958858787,
    "halstead_timerequired": 74639.39421588214,
    "halstead_volume": 10947.871420511361,
    "loc": 1,
    "maintainability_index": 100,
    "operands_sum": 693,
    "operands_uniq": 96,
    "operators_sum": 866,
    "operators_uniq": 34,
    "pylint": 100.0,
    "tiobe": 84.95054759898906,
    "tiobe_compiler": 100.0,
    "tiobe_complexity": 0.33698399326032014,
    "tiobe_coverage": 100.0,
    "tiobe_duplication": 100.0,
    "tiobe_fanout": 98.0,
    "tiobe_functional": 100.0,
    "tiobe_security": 100.0,
    "tiobe_standard": 100.0
  },
  "stats": {
    "max": {
      "comment_ratio": 6.873156342182891,
      "cyclomatic_complexity": 27,
      "fanout_external": 7,
      "fanout_internal": 1,
      "halstead_bugprop": 3.649290473503787,
      "halstead_difficulty": 122.71875,
      "halstead_effort": 1343509.0958858787,
      "halstead_timerequired": 74639.39421588214,
      "halstead_volume": 10947.871420511361,
      "loc": 1,
      "operands_sum": 693,
      "operands_uniq": 96,
      "operators_sum": 866,
      "operators_uniq": 34
    },
    "mean": {
      "comment_ratio": 6.873156342182891,
      "cyclomatic_complexity": 27,
      "fanout_external": 7,
      "fanout_internal": 1,
      "halstead_bugprop": 3.649290473503787,
      "halstead_difficulty": 122.71875,
      "halstead_effort": 1343509.0958858787,
      "halstead_timerequired": 74639.39421588214,
      "halstead_volume": 10947.871420511361,
      "loc": 1,
      "operands_sum": 693,
      "operands_uniq": 96,
      "operators_sum": 866,
      "operators_uniq": 34
    },
    "median": {
      "comment_ratio": 6.873156342182891,
      "cyclomatic_complexity": 27,
      "fanout_external": 7,
      "fanout_internal": 1,
      "halstead_bugprop": 3.649290473503787,
      "halstead_difficulty": 122.71875,
      "halstead_effort": 1343509.0958858787,
      "halstead_timerequired": 74639.39421588214,
      "halstead_volume": 10947.871420511361,
      "loc": 1,
      "operands_sum": 693,
      "operands_uniq": 96,
      "operators_sum": 866,
      "operators_uniq": 34
    },
    "min": {
      "comment_ratio": 6.873156342182891,
      "cyclomatic_complexity": 27,
      "fanout_external": 7,
      "fanout_internal": 1,
      "halstead_bugprop": 3.649290473503787,
      "halstead_difficulty": 122.71875,
      "halstead_effort": 1343509.0958858787,
      "halstead_timerequired": 74639.39421588214,
      "halstead_volume": 10947.871420511361,
      "loc": 1,
      "operands_sum": 693,
      "operands_uniq": 96,
      "operators_sum": 866,
      "operators_uniq": 34
    }
  }
}
