{
  "files": {
    "/Users/lorraynereis/Documents/PUC /Engenharia de Sofware/7 Peri\u0301odo/TCC 1/plf-es-2022-2-tcci-5308100-pes-lorrayne-reis/Instrumentos/Codigos/Collect-repositories/Repositories/Cloned-repositories/pylot/pylot/perception/base_perception_eval_operator.py": {
      "comment_ratio": 22.324407176990352,
      "cyclomatic_complexity": 32,
      "fanout_external": 4,
      "fanout_internal": 1,
      "halstead_bugprop": 2.7180358276264514,
      "halstead_difficulty": 97.6111111111111,
      "halstead_effort": 795931.491523279,
      "halstead_timerequired": 44218.41619573772,
      "halstead_volume": 8154.1074828793535,
      "lang": [
        "Python"
      ],
      "loc": 2,
      "operands_sum": 502,
      "operands_uniq": 108,
      "operators_sum": 626,
      "operators_uniq": 42
    }
  },
  "overall": {
    "comment_ratio": 22.324407176990352,
    "cyclomatic_complexity": 32,
    "fanout_external": 4,
    "fanout_internal": 1,
    "halstead_bugprop": 2.7180358276264514,
    "halstead_difficulty": 97.6111111111111,
    "halstead_effort": 795931.491523279,
    "halstead_timerequired": 44218.41619573772,
    "halstead_volume": 8154.1074828793535,
    "loc": 2,
    "maintainability_index": 100,
    "operands_sum": 502,
    "operands_uniq": 108,
    "operators_sum": 626,
    "operators_uniq": 42,
    "pylint": 100.0,
    "tiobe": 85.03021052962835,
    "tiobe_compiler": 100.0,
    "tiobe_complexity": 0.20140353085565033,
    "tiobe_coverage": 100.0,
    "tiobe_duplication": 100.0,
    "tiobe_fanout": 100.0,
    "tiobe_functional": 100.0,
    "tiobe_security": 100.0,
    "tiobe_standard": 100.0
  },
  "stats": {
    "max": {
      "comment_ratio": 22.324407176990352,
      "cyclomatic_complexity": 32,
      "fanout_external": 4,
      "fanout_internal": 1,
      "halstead_bugprop": 2.7180358276264514,
      "halstead_difficulty": 97.6111111111111,
      "halstead_effort": 795931.491523279,
      "halstead_timerequired": 44218.41619573772,
      "halstead_volume": 8154.1074828793535,
      "loc": 2,
      "operands_sum": 502,
      "operands_uniq": 108,
      "operators_sum": 626,
      "operators_uniq": 42
    },
    "mean": {
      "comment_ratio": 22.324407176990352,
      "cyclomatic_complexity": 32,
      "fanout_external": 4,
      "fanout_internal": 1,
      "halstead_bugprop": 2.7180358276264514,
      "halstead_difficulty": 97.6111111111111,
      "halstead_effort": 795931.491523279,
      "halstead_timerequired": 44218.41619573772,
      "halstead_volume": 8154.1074828793535,
      "loc": 2,
      "operands_sum": 502,
      "operands_uniq": 108,
      "operators_sum": 626,
      "operators_uniq": 42
    },
    "median": {
      "comment_ratio": 22.324407176990352,
      "cyclomatic_complexity": 32,
      "fanout_external": 4,
      "fanout_internal": 1,
      "halstead_bugprop": 2.7180358276264514,
      "halstead_difficulty": 97.6111111111111,
      "halstead_effort": 795931.491523279,
      "halstead_timerequired": 44218.41619573772,
      "halstead_volume": 8154.1074828793535,
      "loc": 2,
      "operands_sum": 502,
      "operands_uniq": 108,
      "operators_sum": 626,
      "operators_uniq": 42
    },
    "min": {
      "comment_ratio": 22.324407176990352,
      "cyclomatic_complexity": 32,
      "fanout_external": 4,
      "fanout_internal": 1,
      "halstead_bugprop": 2.7180358276264514,
      "halstead_difficulty": 97.6111111111111,
      "halstead_effort": 795931.491523279,
      "halstead_timerequired": 44218.41619573772,
      "halstead_volume": 8154.1074828793535,
      "loc": 2,
      "operands_sum": 502,
      "operands_uniq": 108,
      "operators_sum": 626,
      "operators_uniq": 42
    }
  }
}
