{
  "files": {
    "/Users/lorraynereis/Documents/PUC /Engenharia de Sofware/7 Peri\u0301odo/TCC 1/plf-es-2022-2-tcci-5308100-pes-lorrayne-reis/Instrumentos/Codigos/Collect-repositories/Repositories/Cloned-repositories/PythonRobotics/PathPlanning/BatchInformedRRTStar/batch_informed_rrtstar.py": {
      "comment_ratio": 13.577469482981295,
      "cyclomatic_complexity": 55,
      "fanout_external": 7,
      "fanout_internal": 1,
      "halstead_bugprop": 11.166655386818237,
      "halstead_difficulty": 199.4745098039216,
      "halstead_effort": 6682389.328304664,
      "halstead_timerequired": 371243.85157248133,
      "halstead_volume": 33499.96616045471,
      "lang": [
        "Python"
      ],
      "loc": 6,
      "operands_sum": 1754,
      "operands_uniq": 255,
      "operators_sum": 2287,
      "operators_uniq": 58
    }
  },
  "overall": {
    "comment_ratio": 13.577469482981295,
    "cyclomatic_complexity": 55,
    "fanout_external": 7,
    "fanout_internal": 1,
    "halstead_bugprop": 11.166655386818237,
    "halstead_difficulty": 199.4745098039216,
    "halstead_effort": 6682389.328304664,
    "halstead_timerequired": 371243.85157248133,
    "halstead_volume": 33499.96616045471,
    "loc": 6,
    "maintainability_index": 75.14313811858528,
    "operands_sum": 1754,
    "operands_uniq": 255,
    "operators_sum": 2287,
    "operators_uniq": 58,
    "pylint": 100.0,
    "tiobe": 84.90587659157688,
    "tiobe_compiler": 100.0,
    "tiobe_complexity": 0.039177277179236046,
    "tiobe_coverage": 100.0,
    "tiobe_duplication": 100.0,
    "tiobe_fanout": 98.0,
    "tiobe_functional": 100.0,
    "tiobe_security": 100.0,
    "tiobe_standard": 100.0
  },
  "stats": {
    "max": {
      "comment_ratio": 13.577469482981295,
      "cyclomatic_complexity": 55,
      "fanout_external": 7,
      "fanout_internal": 1,
      "halstead_bugprop": 11.166655386818237,
      "halstead_difficulty": 199.4745098039216,
      "halstead_effort": 6682389.328304664,
      "halstead_timerequired": 371243.85157248133,
      "halstead_volume": 33499.96616045471,
      "loc": 6,
      "operands_sum": 1754,
      "operands_uniq": 255,
      "operators_sum": 2287,
      "operators_uniq": 58
    },
    "mean": {
      "comment_ratio": 13.577469482981295,
      "cyclomatic_complexity": 55,
      "fanout_external": 7,
      "fanout_internal": 1,
      "halstead_bugprop": 11.166655386818237,
      "halstead_difficulty": 199.4745098039216,
      "halstead_effort": 6682389.328304664,
      "halstead_timerequired": 371243.85157248133,
      "halstead_volume": 33499.96616045471,
      "loc": 6,
      "operands_sum": 1754,
      "operands_uniq": 255,
      "operators_sum": 2287,
      "operators_uniq": 58
    },
    "median": {
      "comment_ratio": 13.577469482981295,
      "cyclomatic_complexity": 55,
      "fanout_external": 7,
      "fanout_internal": 1,
      "halstead_bugprop": 11.166655386818237,
      "halstead_difficulty": 199.4745098039216,
      "halstead_effort": 6682389.328304664,
      "halstead_timerequired": 371243.85157248133,
      "halstead_volume": 33499.96616045471,
      "loc": 6,
      "operands_sum": 1754,
      "operands_uniq": 255,
      "operators_sum": 2287,
      "operators_uniq": 58
    },
    "min": {
      "comment_ratio": 13.577469482981295,
      "cyclomatic_complexity": 55,
      "fanout_external": 7,
      "fanout_internal": 1,
      "halstead_bugprop": 11.166655386818237,
      "halstead_difficulty": 199.4745098039216,
      "halstead_effort": 6682389.328304664,
      "halstead_timerequired": 371243.85157248133,
      "halstead_volume": 33499.96616045471,
      "loc": 6,
      "operands_sum": 1754,
      "operands_uniq": 255,
      "operators_sum": 2287,
      "operators_uniq": 58
    }
  }
}
