{
  "files": {
    "/Users/lorraynereis/Documents/PUC /Engenharia de Sofware/7 Peri\u0301odo/TCC 1/plf-es-2022-2-tcci-5308100-pes-lorrayne-reis/Instrumentos/Codigos/Collect-repositories/Repositories/Cloned-repositories/pylot/pylot/planning/behavior_planning_operator.py": {
      "comment_ratio": 22.961224134933055,
      "cyclomatic_complexity": 24,
      "fanout_external": 11,
      "fanout_internal": 1,
      "halstead_bugprop": 2.6338723967363795,
      "halstead_difficulty": 78.35585585585585,
      "halstead_effort": 619137.9775841801,
      "halstead_timerequired": 34396.554310232226,
      "halstead_volume": 7901.617190209139,
      "lang": [
        "Python"
      ],
      "loc": 1,
      "operands_sum": 497,
      "operands_uniq": 111,
      "operators_sum": 602,
      "operators_uniq": 35
    }
  },
  "overall": {
    "comment_ratio": 22.961224134933055,
    "cyclomatic_complexity": 24,
    "fanout_external": 11,
    "fanout_internal": 1,
    "halstead_bugprop": 2.6338723967363795,
    "halstead_difficulty": 78.35585585585585,
    "halstead_effort": 619137.9775841801,
    "halstead_timerequired": 34396.554310232226,
    "halstead_volume": 7901.617190209139,
    "loc": 1,
    "maintainability_index": 100,
    "operands_sum": 497,
    "operands_uniq": 111,
    "operators_sum": 602,
    "operators_uniq": 35,
    "pylint": 100.0,
    "tiobe": 84.57224019866055,
    "tiobe_compiler": 100.0,
    "tiobe_complexity": 0.4816013244036421,
    "tiobe_coverage": 100.0,
    "tiobe_duplication": 100.0,
    "tiobe_fanout": 90.0,
    "tiobe_functional": 100.0,
    "tiobe_security": 100.0,
    "tiobe_standard": 100.0
  },
  "stats": {
    "max": {
      "comment_ratio": 22.961224134933055,
      "cyclomatic_complexity": 24,
      "fanout_external": 11,
      "fanout_internal": 1,
      "halstead_bugprop": 2.6338723967363795,
      "halstead_difficulty": 78.35585585585585,
      "halstead_effort": 619137.9775841801,
      "halstead_timerequired": 34396.554310232226,
      "halstead_volume": 7901.617190209139,
      "loc": 1,
      "operands_sum": 497,
      "operands_uniq": 111,
      "operators_sum": 602,
      "operators_uniq": 35
    },
    "mean": {
      "comment_ratio": 22.961224134933055,
      "cyclomatic_complexity": 24,
      "fanout_external": 11,
      "fanout_internal": 1,
      "halstead_bugprop": 2.6338723967363795,
      "halstead_difficulty": 78.35585585585585,
      "halstead_effort": 619137.9775841801,
      "halstead_timerequired": 34396.554310232226,
      "halstead_volume": 7901.617190209139,
      "loc": 1,
      "operands_sum": 497,
      "operands_uniq": 111,
      "operators_sum": 602,
      "operators_uniq": 35
    },
    "median": {
      "comment_ratio": 22.961224134933055,
      "cyclomatic_complexity": 24,
      "fanout_external": 11,
      "fanout_internal": 1,
      "halstead_bugprop": 2.6338723967363795,
      "halstead_difficulty": 78.35585585585585,
      "halstead_effort": 619137.9775841801,
      "halstead_timerequired": 34396.554310232226,
      "halstead_volume": 7901.617190209139,
      "loc": 1,
      "operands_sum": 497,
      "operands_uniq": 111,
      "operators_sum": 602,
      "operators_uniq": 35
    },
    "min": {
      "comment_ratio": 22.961224134933055,
      "cyclomatic_complexity": 24,
      "fanout_external": 11,
      "fanout_internal": 1,
      "halstead_bugprop": 2.6338723967363795,
      "halstead_difficulty": 78.35585585585585,
      "halstead_effort": 619137.9775841801,
      "halstead_timerequired": 34396.554310232226,
      "halstead_volume": 7901.617190209139,
      "loc": 1,
      "operands_sum": 497,
      "operands_uniq": 111,
      "operators_sum": 602,
      "operators_uniq": 35
    }
  }
}
