{
  "files": {
    "/Users/lorraynereis/Documents/PUC /Engenharia de Sofware/7 Peri\u0301odo/TCC 1/plf-es-2022-2-tcci-5308100-pes-lorrayne-reis/Instrumentos/Codigos/Collect-repositories/Repositories/Cloned-repositories/CVPR2023-3D-Occupancy-Prediction/tools/analysis_tools/benchmark.py": {
      "comment_ratio": 14.60708782742681,
      "cyclomatic_complexity": 11,
      "fanout_external": 13,
      "fanout_internal": 1,
      "halstead_bugprop": 0.8482688045870774,
      "halstead_difficulty": 24.42857142857143,
      "halstead_effort": 62165.98525045296,
      "halstead_timerequired": 3453.665847247387,
      "halstead_volume": 2544.8064137612323,
      "lang": [
        "Python"
      ],
      "loc": 1,
      "operands_sum": 171,
      "operands_uniq": 70,
      "operators_sum": 221,
      "operators_uniq": 20
    }
  },
  "overall": {
    "comment_ratio": 14.60708782742681,
    "cyclomatic_complexity": 11,
    "fanout_external": 13,
    "fanout_internal": 1,
    "halstead_bugprop": 0.8482688045870774,
    "halstead_difficulty": 24.42857142857143,
    "halstead_effort": 62165.98525045296,
    "halstead_timerequired": 3453.665847247387,
    "halstead_volume": 2544.8064137612323,
    "loc": 1,
    "maintainability_index": 100,
    "operands_sum": 171,
    "operands_uniq": 70,
    "operators_sum": 221,
    "operators_uniq": 20,
    "pylint": 100.0,
    "tiobe": 85.05949367088607,
    "tiobe_compiler": 100.0,
    "tiobe_complexity": 5.063291139240507,
    "tiobe_coverage": 100.0,
    "tiobe_duplication": 100.0,
    "tiobe_fanout": 86.0,
    "tiobe_functional": 100.0,
    "tiobe_security": 100.0,
    "tiobe_standard": 100.0
  },
  "stats": {
    "max": {
      "comment_ratio": 14.60708782742681,
      "cyclomatic_complexity": 11,
      "fanout_external": 13,
      "fanout_internal": 1,
      "halstead_bugprop": 0.8482688045870774,
      "halstead_difficulty": 24.42857142857143,
      "halstead_effort": 62165.98525045296,
      "halstead_timerequired": 3453.665847247387,
      "halstead_volume": 2544.8064137612323,
      "loc": 1,
      "operands_sum": 171,
      "operands_uniq": 70,
      "operators_sum": 221,
      "operators_uniq": 20
    },
    "mean": {
      "comment_ratio": 14.60708782742681,
      "cyclomatic_complexity": 11,
      "fanout_external": 13,
      "fanout_internal": 1,
      "halstead_bugprop": 0.8482688045870774,
      "halstead_difficulty": 24.42857142857143,
      "halstead_effort": 62165.98525045296,
      "halstead_timerequired": 3453.665847247387,
      "halstead_volume": 2544.8064137612323,
      "loc": 1,
      "operands_sum": 171,
      "operands_uniq": 70,
      "operators_sum": 221,
      "operators_uniq": 20
    },
    "median": {
      "comment_ratio": 14.60708782742681,
      "cyclomatic_complexity": 11,
      "fanout_external": 13,
      "fanout_internal": 1,
      "halstead_bugprop": 0.8482688045870774,
      "halstead_difficulty": 24.42857142857143,
      "halstead_effort": 62165.98525045296,
      "halstead_timerequired": 3453.665847247387,
      "halstead_volume": 2544.8064137612323,
      "loc": 1,
      "operands_sum": 171,
      "operands_uniq": 70,
      "operators_sum": 221,
      "operators_uniq": 20
    },
    "min": {
      "comment_ratio": 14.60708782742681,
      "cyclomatic_complexity": 11,
      "fanout_external": 13,
      "fanout_internal": 1,
      "halstead_bugprop": 0.8482688045870774,
      "halstead_difficulty": 24.42857142857143,
      "halstead_effort": 62165.98525045296,
      "halstead_timerequired": 3453.665847247387,
      "halstead_volume": 2544.8064137612323,
      "loc": 1,
      "operands_sum": 171,
      "operands_uniq": 70,
      "operators_sum": 221,
      "operators_uniq": 20
    }
  }
}
