{
  "files": {
    "/Users/lorraynereis/Documents/PUC /Engenharia de Sofware/7 Peri\u0301odo/TCC 1/plf-es-2022-2-tcci-5308100-pes-lorrayne-reis/Instrumentos/Codigos/Collect-repositories/Repositories/Cloned-repositories/CVPR2023-3D-Occupancy-Prediction/projects/configs/bevformer/bevformer_small_occ.py": {
      "comment_ratio": 7.432762836185819,
      "cyclomatic_complexity": 2,
      "fanout_external": 0,
      "fanout_internal": 0,
      "halstead_bugprop": 2.7493004822970835,
      "halstead_difficulty": 14.744736842105265,
      "halstead_effort": 121613.13633403074,
      "halstead_timerequired": 6756.285351890597,
      "halstead_volume": 8247.90144689125,
      "lang": [
        "Python"
      ],
      "loc": 1,
      "operands_sum": 431,
      "operands_uniq": 190,
      "operators_sum": 645,
      "operators_uniq": 13
    }
  },
  "overall": {
    "comment_ratio": 7.432762836185819,
    "cyclomatic_complexity": 2,
    "fanout_external": 0,
    "fanout_internal": 0,
    "halstead_bugprop": 2.7493004822970835,
    "halstead_difficulty": 14.744736842105265,
    "halstead_effort": 121613.13633403074,
    "halstead_timerequired": 6756.285351890597,
    "halstead_volume": 8247.90144689125,
    "loc": 1,
    "maintainability_index": 100,
    "operands_sum": 431,
    "operands_uniq": 190,
    "operators_sum": 645,
    "operators_uniq": 13,
    "pylint": 100.0,
    "tiobe": 99.32835820895522,
    "tiobe_compiler": 100.0,
    "tiobe_complexity": 95.5223880597015,
    "tiobe_coverage": 100.0,
    "tiobe_duplication": 100.0,
    "tiobe_fanout": 100.0,
    "tiobe_functional": 100.0,
    "tiobe_security": 100.0,
    "tiobe_standard": 100.0
  },
  "stats": {
    "max": {
      "comment_ratio": 7.432762836185819,
      "cyclomatic_complexity": 2,
      "fanout_external": 0,
      "fanout_internal": 0,
      "halstead_bugprop": 2.7493004822970835,
      "halstead_difficulty": 14.744736842105265,
      "halstead_effort": 121613.13633403074,
      "halstead_timerequired": 6756.285351890597,
      "halstead_volume": 8247.90144689125,
      "loc": 1,
      "operands_sum": 431,
      "operands_uniq": 190,
      "operators_sum": 645,
      "operators_uniq": 13
    },
    "mean": {
      "comment_ratio": 7.432762836185819,
      "cyclomatic_complexity": 2,
      "fanout_external": 0,
      "fanout_internal": 0,
      "halstead_bugprop": 2.7493004822970835,
      "halstead_difficulty": 14.744736842105265,
      "halstead_effort": 121613.13633403074,
      "halstead_timerequired": 6756.285351890597,
      "halstead_volume": 8247.90144689125,
      "loc": 1,
      "operands_sum": 431,
      "operands_uniq": 190,
      "operators_sum": 645,
      "operators_uniq": 13
    },
    "median": {
      "comment_ratio": 7.432762836185819,
      "cyclomatic_complexity": 2,
      "fanout_external": 0,
      "fanout_internal": 0,
      "halstead_bugprop": 2.7493004822970835,
      "halstead_difficulty": 14.744736842105265,
      "halstead_effort": 121613.13633403074,
      "halstead_timerequired": 6756.285351890597,
      "halstead_volume": 8247.90144689125,
      "loc": 1,
      "operands_sum": 431,
      "operands_uniq": 190,
      "operators_sum": 645,
      "operators_uniq": 13
    },
    "min": {
      "comment_ratio": 7.432762836185819,
      "cyclomatic_complexity": 2,
      "fanout_external": 0,
      "fanout_internal": 0,
      "halstead_bugprop": 2.7493004822970835,
      "halstead_difficulty": 14.744736842105265,
      "halstead_effort": 121613.13633403074,
      "halstead_timerequired": 6756.285351890597,
      "halstead_volume": 8247.90144689125,
      "loc": 1,
      "operands_sum": 431,
      "operands_uniq": 190,
      "operators_sum": 645,
      "operators_uniq": 13
    }
  }
}
