{
  "files": {
    "/Users/lorraynereis/Documents/PUC /Engenharia de Sofware/7 Peri\u0301odo/TCC 1/plf-es-2022-2-tcci-5308100-pes-lorrayne-reis/Instrumentos/Codigos/Collect-repositories/Repositories/Cloned-repositories/PythonRobotics/PathPlanning/BidirectionalBreadthFirstSearch/bidirectional_breadth_first_search.py": {
      "comment_ratio": 12.739482520244914,
      "cyclomatic_complexity": 21,
      "fanout_external": 4,
      "fanout_internal": 1,
      "halstead_bugprop": 4.310460655902169,
      "halstead_difficulty": 91.23333333333332,
      "halstead_effort": 1179773.0815204235,
      "halstead_timerequired": 65542.94897335686,
      "halstead_volume": 12931.381967706508,
      "lang": [
        "Python"
      ],
      "loc": 2,
      "operands_sum": 782,
      "operands_uniq": 150,
      "operators_sum": 935,
      "operators_uniq": 35
    }
  },
  "overall": {
    "comment_ratio": 12.739482520244914,
    "cyclomatic_complexity": 21,
    "fanout_external": 4,
    "fanout_internal": 1,
    "halstead_bugprop": 4.310460655902169,
    "halstead_difficulty": 91.23333333333332,
    "halstead_effort": 1179773.0815204235,
    "halstead_timerequired": 65542.94897335686,
    "halstead_volume": 12931.381967706508,
    "loc": 2,
    "maintainability_index": 100,
    "operands_sum": 782,
    "operands_uniq": 150,
    "operators_sum": 935,
    "operators_uniq": 35,
    "pylint": 100.0,
    "tiobe": 85.10830324909747,
    "tiobe_compiler": 100.0,
    "tiobe_complexity": 0.7220216606498195,
    "tiobe_coverage": 100.0,
    "tiobe_duplication": 100.0,
    "tiobe_fanout": 100.0,
    "tiobe_functional": 100.0,
    "tiobe_security": 100.0,
    "tiobe_standard": 100.0
  },
  "stats": {
    "max": {
      "comment_ratio": 12.739482520244914,
      "cyclomatic_complexity": 21,
      "fanout_external": 4,
      "fanout_internal": 1,
      "halstead_bugprop": 4.310460655902169,
      "halstead_difficulty": 91.23333333333332,
      "halstead_effort": 1179773.0815204235,
      "halstead_timerequired": 65542.94897335686,
      "halstead_volume": 12931.381967706508,
      "loc": 2,
      "operands_sum": 782,
      "operands_uniq": 150,
      "operators_sum": 935,
      "operators_uniq": 35
    },
    "mean": {
      "comment_ratio": 12.739482520244914,
      "cyclomatic_complexity": 21,
      "fanout_external": 4,
      "fanout_internal": 1,
      "halstead_bugprop": 4.310460655902169,
      "halstead_difficulty": 91.23333333333332,
      "halstead_effort": 1179773.0815204235,
      "halstead_timerequired": 65542.94897335686,
      "halstead_volume": 12931.381967706508,
      "loc": 2,
      "operands_sum": 782,
      "operands_uniq": 150,
      "operators_sum": 935,
      "operators_uniq": 35
    },
    "median": {
      "comment_ratio": 12.739482520244914,
      "cyclomatic_complexity": 21,
      "fanout_external": 4,
      "fanout_internal": 1,
      "halstead_bugprop": 4.310460655902169,
      "halstead_difficulty": 91.23333333333332,
      "halstead_effort": 1179773.0815204235,
      "halstead_timerequired": 65542.94897335686,
      "halstead_volume": 12931.381967706508,
      "loc": 2,
      "operands_sum": 782,
      "operands_uniq": 150,
      "operators_sum": 935,
      "operators_uniq": 35
    },
    "min": {
      "comment_ratio": 12.739482520244914,
      "cyclomatic_complexity": 21,
      "fanout_external": 4,
      "fanout_internal": 1,
      "halstead_bugprop": 4.310460655902169,
      "halstead_difficulty": 91.23333333333332,
      "halstead_effort": 1179773.0815204235,
      "halstead_timerequired": 65542.94897335686,
      "halstead_volume": 12931.381967706508,
      "loc": 2,
      "operands_sum": 782,
      "operands_uniq": 150,
      "operators_sum": 935,
      "operators_uniq": 35
    }
  }
}
