{
  "files": {
    "/Users/lorraynereis/Documents/PUC /Engenharia de Sofware/7 Peri\u0301odo/TCC 1/plf-es-2022-2-tcci-5308100-pes-lorrayne-reis/Instrumentos/Codigos/Collect-repositories/Repositories/Cloned-repositories/PythonRobotics/Bipedal/bipedal_planner/bipedal_planner.py": {
      "comment_ratio": 7.90258449304175,
      "cyclomatic_complexity": 18,
      "fanout_external": 9,
      "fanout_internal": 1,
      "halstead_bugprop": 3.664409181122857,
      "halstead_difficulty": 49.96026490066225,
      "halstead_effort": 549224.5601799504,
      "halstead_timerequired": 30512.475565552802,
      "halstead_volume": 10993.227543368572,
      "lang": [
        "Python"
      ],
      "loc": 4,
      "operands_sum": 656,
      "operands_uniq": 151,
      "operators_sum": 821,
      "operators_uniq": 23
    }
  },
  "overall": {
    "comment_ratio": 7.90258449304175,
    "cyclomatic_complexity": 18,
    "fanout_external": 9,
    "fanout_internal": 1,
    "halstead_bugprop": 3.664409181122857,
    "halstead_difficulty": 49.96026490066225,
    "halstead_effort": 549224.5601799504,
    "halstead_timerequired": 30512.475565552802,
    "halstead_volume": 10993.227543368572,
    "loc": 4,
    "maintainability_index": 96.01585099151092,
    "operands_sum": 656,
    "operands_uniq": 151,
    "operators_sum": 821,
    "operators_uniq": 23,
    "pylint": 100.0,
    "tiobe": 84.87281728172817,
    "tiobe_compiler": 100.0,
    "tiobe_complexity": 1.1521152115211521,
    "tiobe_coverage": 100.0,
    "tiobe_duplication": 100.0,
    "tiobe_fanout": 94.0,
    "tiobe_functional": 100.0,
    "tiobe_security": 100.0,
    "tiobe_standard": 100.0
  },
  "stats": {
    "max": {
      "comment_ratio": 7.90258449304175,
      "cyclomatic_complexity": 18,
      "fanout_external": 9,
      "fanout_internal": 1,
      "halstead_bugprop": 3.664409181122857,
      "halstead_difficulty": 49.96026490066225,
      "halstead_effort": 549224.5601799504,
      "halstead_timerequired": 30512.475565552802,
      "halstead_volume": 10993.227543368572,
      "loc": 4,
      "operands_sum": 656,
      "operands_uniq": 151,
      "operators_sum": 821,
      "operators_uniq": 23
    },
    "mean": {
      "comment_ratio": 7.90258449304175,
      "cyclomatic_complexity": 18,
      "fanout_external": 9,
      "fanout_internal": 1,
      "halstead_bugprop": 3.664409181122857,
      "halstead_difficulty": 49.96026490066225,
      "halstead_effort": 549224.5601799504,
      "halstead_timerequired": 30512.475565552802,
      "halstead_volume": 10993.227543368572,
      "loc": 4,
      "operands_sum": 656,
      "operands_uniq": 151,
      "operators_sum": 821,
      "operators_uniq": 23
    },
    "median": {
      "comment_ratio": 7.90258449304175,
      "cyclomatic_complexity": 18,
      "fanout_external": 9,
      "fanout_internal": 1,
      "halstead_bugprop": 3.664409181122857,
      "halstead_difficulty": 49.96026490066225,
      "halstead_effort": 549224.5601799504,
      "halstead_timerequired": 30512.475565552802,
      "halstead_volume": 10993.227543368572,
      "loc": 4,
      "operands_sum": 656,
      "operands_uniq": 151,
      "operators_sum": 821,
      "operators_uniq": 23
    },
    "min": {
      "comment_ratio": 7.90258449304175,
      "cyclomatic_complexity": 18,
      "fanout_external": 9,
      "fanout_internal": 1,
      "halstead_bugprop": 3.664409181122857,
      "halstead_difficulty": 49.96026490066225,
      "halstead_effort": 549224.5601799504,
      "halstead_timerequired": 30512.475565552802,
      "halstead_volume": 10993.227543368572,
      "loc": 4,
      "operands_sum": 656,
      "operands_uniq": 151,
      "operators_sum": 821,
      "operators_uniq": 23
    }
  }
}
