{
  "files": {
    "/Users/lorraynereis/Documents/PUC /Engenharia de Sofware/7 Peri\u0301odo/TCC 1/plf-es-2022-2-tcci-5308100-pes-lorrayne-reis/Instrumentos/Codigos/Collect-repositories/Repositories/Cloned-repositories/l5kit/l5kit/l5kit/rasterization/box_rasterizer.py": {
      "comment_ratio": 38.35999552522654,
      "cyclomatic_complexity": 13,
      "fanout_external": 12,
      "fanout_internal": 1,
      "halstead_bugprop": 2.587755569988254,
      "halstead_difficulty": 65.93396226415095,
      "halstead_effort": 511862.93430135585,
      "halstead_timerequired": 28436.829683408658,
      "halstead_volume": 7763.2667099647615,
      "lang": [
        "Python"
      ],
      "loc": 1,
      "operands_sum": 482,
      "operands_uniq": 106,
      "operators_sum": 615,
      "operators_uniq": 29
    }
  },
  "overall": {
    "comment_ratio": 38.35999552522654,
    "cyclomatic_complexity": 13,
    "fanout_external": 12,
    "fanout_internal": 1,
    "halstead_bugprop": 2.587755569988254,
    "halstead_difficulty": 65.93396226415095,
    "halstead_effort": 511862.93430135585,
    "halstead_timerequired": 28436.829683408658,
    "halstead_volume": 7763.2667099647615,
    "loc": 1,
    "maintainability_index": 100,
    "operands_sum": 482,
    "operands_uniq": 106,
    "operators_sum": 615,
    "operators_uniq": 29,
    "pylint": 100.0,
    "tiobe": 84.86153846153846,
    "tiobe_compiler": 100.0,
    "tiobe_complexity": 3.076923076923077,
    "tiobe_coverage": 100.0,
    "tiobe_duplication": 100.0,
    "tiobe_fanout": 88.0,
    "tiobe_functional": 100.0,
    "tiobe_security": 100.0,
    "tiobe_standard": 100.0
  },
  "stats": {
    "max": {
      "comment_ratio": 38.35999552522654,
      "cyclomatic_complexity": 13,
      "fanout_external": 12,
      "fanout_internal": 1,
      "halstead_bugprop": 2.587755569988254,
      "halstead_difficulty": 65.93396226415095,
      "halstead_effort": 511862.93430135585,
      "halstead_timerequired": 28436.829683408658,
      "halstead_volume": 7763.2667099647615,
      "loc": 1,
      "operands_sum": 482,
      "operands_uniq": 106,
      "operators_sum": 615,
      "operators_uniq": 29
    },
    "mean": {
      "comment_ratio": 38.35999552522654,
      "cyclomatic_complexity": 13,
      "fanout_external": 12,
      "fanout_internal": 1,
      "halstead_bugprop": 2.587755569988254,
      "halstead_difficulty": 65.93396226415095,
      "halstead_effort": 511862.93430135585,
      "halstead_timerequired": 28436.829683408658,
      "halstead_volume": 7763.2667099647615,
      "loc": 1,
      "operands_sum": 482,
      "operands_uniq": 106,
      "operators_sum": 615,
      "operators_uniq": 29
    },
    "median": {
      "comment_ratio": 38.35999552522654,
      "cyclomatic_complexity": 13,
      "fanout_external": 12,
      "fanout_internal": 1,
      "halstead_bugprop": 2.587755569988254,
      "halstead_difficulty": 65.93396226415095,
      "halstead_effort": 511862.93430135585,
      "halstead_timerequired": 28436.829683408658,
      "halstead_volume": 7763.2667099647615,
      "loc": 1,
      "operands_sum": 482,
      "operands_uniq": 106,
      "operators_sum": 615,
      "operators_uniq": 29
    },
    "min": {
      "comment_ratio": 38.35999552522654,
      "cyclomatic_complexity": 13,
      "fanout_external": 12,
      "fanout_internal": 1,
      "halstead_bugprop": 2.587755569988254,
      "halstead_difficulty": 65.93396226415095,
      "halstead_effort": 511862.93430135585,
      "halstead_timerequired": 28436.829683408658,
      "halstead_volume": 7763.2667099647615,
      "loc": 1,
      "operands_sum": 482,
      "operands_uniq": 106,
      "operators_sum": 615,
      "operators_uniq": 29
    }
  }
}
