{
  "files": {
    "/Users/lorraynereis/Documents/PUC /Engenharia de Sofware/7 Peri\u0301odo/TCC 1/plf-es-2022-2-tcci-5308100-pes-lorrayne-reis/Instrumentos/Codigos/Collect-repositories/Repositories/Cloned-repositories/l5kit/l5kit/l5kit/tests/rasterization/box_rasterizer_test.py": {
      "comment_ratio": 6.961673764117756,
      "cyclomatic_complexity": 0,
      "fanout_external": 7,
      "fanout_internal": 1,
      "halstead_bugprop": 3.025849522434756,
      "halstead_difficulty": 77.58947368421053,
      "halstead_effort": 704322.2156799975,
      "halstead_timerequired": 39129.01198222208,
      "halstead_volume": 9077.548567304268,
      "lang": [
        "Python"
      ],
      "loc": 1,
      "operands_sum": 567,
      "operands_uniq": 95,
      "operators_sum": 745,
      "operators_uniq": 26
    }
  },
  "overall": {
    "comment_ratio": 6.961673764117756,
    "cyclomatic_complexity": 0,
    "fanout_external": 7,
    "fanout_internal": 1,
    "halstead_bugprop": 3.025849522434756,
    "halstead_difficulty": 77.58947368421053,
    "halstead_effort": 704322.2156799975,
    "halstead_timerequired": 39129.01198222208,
    "halstead_volume": 9077.548567304268,
    "loc": 1,
    "maintainability_index": 100,
    "operands_sum": 567,
    "operands_uniq": 95,
    "operators_sum": 745,
    "operators_uniq": 26,
    "pylint": 100.0,
    "tiobe": 99.66923076923078,
    "tiobe_compiler": 100.0,
    "tiobe_complexity": 98.46153846153847,
    "tiobe_coverage": 100.0,
    "tiobe_duplication": 100.0,
    "tiobe_fanout": 98.0,
    "tiobe_functional": 100.0,
    "tiobe_security": 100.0,
    "tiobe_standard": 100.0
  },
  "stats": {
    "max": {
      "comment_ratio": 6.961673764117756,
      "cyclomatic_complexity": 0,
      "fanout_external": 7,
      "fanout_internal": 1,
      "halstead_bugprop": 3.025849522434756,
      "halstead_difficulty": 77.58947368421053,
      "halstead_effort": 704322.2156799975,
      "halstead_timerequired": 39129.01198222208,
      "halstead_volume": 9077.548567304268,
      "loc": 1,
      "operands_sum": 567,
      "operands_uniq": 95,
      "operators_sum": 745,
      "operators_uniq": 26
    },
    "mean": {
      "comment_ratio": 6.961673764117756,
      "cyclomatic_complexity": 0,
      "fanout_external": 7,
      "fanout_internal": 1,
      "halstead_bugprop": 3.025849522434756,
      "halstead_difficulty": 77.58947368421053,
      "halstead_effort": 704322.2156799975,
      "halstead_timerequired": 39129.01198222208,
      "halstead_volume": 9077.548567304268,
      "loc": 1,
      "operands_sum": 567,
      "operands_uniq": 95,
      "operators_sum": 745,
      "operators_uniq": 26
    },
    "median": {
      "comment_ratio": 6.961673764117756,
      "cyclomatic_complexity": 0,
      "fanout_external": 7,
      "fanout_internal": 1,
      "halstead_bugprop": 3.025849522434756,
      "halstead_difficulty": 77.58947368421053,
      "halstead_effort": 704322.2156799975,
      "halstead_timerequired": 39129.01198222208,
      "halstead_volume": 9077.548567304268,
      "loc": 1,
      "operands_sum": 567,
      "operands_uniq": 95,
      "operators_sum": 745,
      "operators_uniq": 26
    },
    "min": {
      "comment_ratio": 6.961673764117756,
      "cyclomatic_complexity": 0,
      "fanout_external": 7,
      "fanout_internal": 1,
      "halstead_bugprop": 3.025849522434756,
      "halstead_difficulty": 77.58947368421053,
      "halstead_effort": 704322.2156799975,
      "halstead_timerequired": 39129.01198222208,
      "halstead_volume": 9077.548567304268,
      "loc": 1,
      "operands_sum": 567,
      "operands_uniq": 95,
      "operators_sum": 745,
      "operators_uniq": 26
    }
  }
}
