{
  "files": {
    "/Users/lorraynereis/Documents/PUC /Engenharia de Sofware/7 Peri\u0301odo/TCC 1/plf-es-2022-2-tcci-5308100-pes-lorrayne-reis/Instrumentos/Codigos/Collect-repositories/Repositories/Cloned-repositories/CVPR2023-3D-Occupancy-Prediction/tools/misc/browse_dataset.py": {
      "comment_ratio": 11.109811717927728,
      "cyclomatic_complexity": 26,
      "fanout_external": 12,
      "fanout_internal": 1,
      "halstead_bugprop": 2.186297179122859,
      "halstead_difficulty": 43.0188679245283,
      "halstead_effort": 282156.08877736516,
      "halstead_timerequired": 15675.338265409177,
      "halstead_volume": 6558.891537368577,
      "lang": [
        "Python"
      ],
      "loc": 1,
      "operands_sum": 380,
      "operands_uniq": 106,
      "operators_sum": 554,
      "operators_uniq": 24
    }
  },
  "overall": {
    "comment_ratio": 11.109811717927728,
    "cyclomatic_complexity": 26,
    "fanout_external": 12,
    "fanout_internal": 1,
    "halstead_bugprop": 2.186297179122859,
    "halstead_difficulty": 43.0188679245283,
    "halstead_effort": 282156.08877736516,
    "halstead_timerequired": 15675.338265409177,
    "halstead_volume": 6558.891537368577,
    "loc": 1,
    "maintainability_index": 100,
    "operands_sum": 380,
    "operands_uniq": 106,
    "operators_sum": 554,
    "operators_uniq": 24,
    "pylint": 100.0,
    "tiobe": 84.45667394769467,
    "tiobe_compiler": 100.0,
    "tiobe_complexity": 0.3778263179644607,
    "tiobe_coverage": 100.0,
    "tiobe_duplication": 100.0,
    "tiobe_fanout": 88.0,
    "tiobe_functional": 100.0,
    "tiobe_security": 100.0,
    "tiobe_standard": 100.0
  },
  "stats": {
    "max": {
      "comment_ratio": 11.109811717927728,
      "cyclomatic_complexity": 26,
      "fanout_external": 12,
      "fanout_internal": 1,
      "halstead_bugprop": 2.186297179122859,
      "halstead_difficulty": 43.0188679245283,
      "halstead_effort": 282156.08877736516,
      "halstead_timerequired": 15675.338265409177,
      "halstead_volume": 6558.891537368577,
      "loc": 1,
      "operands_sum": 380,
      "operands_uniq": 106,
      "operators_sum": 554,
      "operators_uniq": 24
    },
    "mean": {
      "comment_ratio": 11.109811717927728,
      "cyclomatic_complexity": 26,
      "fanout_external": 12,
      "fanout_internal": 1,
      "halstead_bugprop": 2.186297179122859,
      "halstead_difficulty": 43.0188679245283,
      "halstead_effort": 282156.08877736516,
      "halstead_timerequired": 15675.338265409177,
      "halstead_volume": 6558.891537368577,
      "loc": 1,
      "operands_sum": 380,
      "operands_uniq": 106,
      "operators_sum": 554,
      "operators_uniq": 24
    },
    "median": {
      "comment_ratio": 11.109811717927728,
      "cyclomatic_complexity": 26,
      "fanout_external": 12,
      "fanout_internal": 1,
      "halstead_bugprop": 2.186297179122859,
      "halstead_difficulty": 43.0188679245283,
      "halstead_effort": 282156.08877736516,
      "halstead_timerequired": 15675.338265409177,
      "halstead_volume": 6558.891537368577,
      "loc": 1,
      "operands_sum": 380,
      "operands_uniq": 106,
      "operators_sum": 554,
      "operators_uniq": 24
    },
    "min": {
      "comment_ratio": 11.109811717927728,
      "cyclomatic_complexity": 26,
      "fanout_external": 12,
      "fanout_internal": 1,
      "halstead_bugprop": 2.186297179122859,
      "halstead_difficulty": 43.0188679245283,
      "halstead_effort": 282156.08877736516,
      "halstead_timerequired": 15675.338265409177,
      "halstead_volume": 6558.891537368577,
      "loc": 1,
      "operands_sum": 380,
      "operands_uniq": 106,
      "operators_sum": 554,
      "operators_uniq": 24
    }
  }
}
