{
  "files": {
    "/Users/lorraynereis/Documents/PUC /Engenharia de Sofware/7 Peri\u0301odo/TCC 1/plf-es-2022-2-tcci-5308100-pes-lorrayne-reis/Instrumentos/Codigos/Collect-repositories/Repositories/Cloned-repositories/PythonRobotics/PathPlanning/BSplinePath/bspline_path.py": {
      "comment_ratio": 37.80653950953678,
      "cyclomatic_complexity": 0,
      "fanout_external": 11,
      "fanout_internal": 1,
      "halstead_bugprop": 1.2842509459770426,
      "halstead_difficulty": 32.023809523809526,
      "halstead_effort": 123379.82302422303,
      "halstead_timerequired": 6854.434612456836,
      "halstead_volume": 3852.752837931128,
      "lang": [
        "Python"
      ],
      "loc": 1,
      "operands_sum": 269,
      "operands_uniq": 84,
      "operators_sum": 306,
      "operators_uniq": 20
    }
  },
  "overall": {
    "comment_ratio": 37.80653950953678,
    "cyclomatic_complexity": 0,
    "fanout_external": 11,
    "fanout_internal": 1,
    "halstead_bugprop": 1.2842509459770426,
    "halstead_difficulty": 32.023809523809526,
    "halstead_effort": 123379.82302422303,
    "halstead_timerequired": 6854.434612456836,
    "halstead_volume": 3852.752837931128,
    "loc": 1,
    "maintainability_index": 100,
    "operands_sum": 269,
    "operands_uniq": 84,
    "operators_sum": 306,
    "operators_uniq": 20,
    "pylint": 100.0,
    "tiobe": 99.26923076923077,
    "tiobe_compiler": 100.0,
    "tiobe_complexity": 98.46153846153847,
    "tiobe_coverage": 100.0,
    "tiobe_duplication": 100.0,
    "tiobe_fanout": 90.0,
    "tiobe_functional": 100.0,
    "tiobe_security": 100.0,
    "tiobe_standard": 100.0
  },
  "stats": {
    "max": {
      "comment_ratio": 37.80653950953678,
      "cyclomatic_complexity": 0,
      "fanout_external": 11,
      "fanout_internal": 1,
      "halstead_bugprop": 1.2842509459770426,
      "halstead_difficulty": 32.023809523809526,
      "halstead_effort": 123379.82302422303,
      "halstead_timerequired": 6854.434612456836,
      "halstead_volume": 3852.752837931128,
      "loc": 1,
      "operands_sum": 269,
      "operands_uniq": 84,
      "operators_sum": 306,
      "operators_uniq": 20
    },
    "mean": {
      "comment_ratio": 37.80653950953678,
      "cyclomatic_complexity": 0,
      "fanout_external": 11,
      "fanout_internal": 1,
      "halstead_bugprop": 1.2842509459770426,
      "halstead_difficulty": 32.023809523809526,
      "halstead_effort": 123379.82302422303,
      "halstead_timerequired": 6854.434612456836,
      "halstead_volume": 3852.752837931128,
      "loc": 1,
      "operands_sum": 269,
      "operands_uniq": 84,
      "operators_sum": 306,
      "operators_uniq": 20
    },
    "median": {
      "comment_ratio": 37.80653950953678,
      "cyclomatic_complexity": 0,
      "fanout_external": 11,
      "fanout_internal": 1,
      "halstead_bugprop": 1.2842509459770426,
      "halstead_difficulty": 32.023809523809526,
      "halstead_effort": 123379.82302422303,
      "halstead_timerequired": 6854.434612456836,
      "halstead_volume": 3852.752837931128,
      "loc": 1,
      "operands_sum": 269,
      "operands_uniq": 84,
      "operators_sum": 306,
      "operators_uniq": 20
    },
    "min": {
      "comment_ratio": 37.80653950953678,
      "cyclomatic_complexity": 0,
      "fanout_external": 11,
      "fanout_internal": 1,
      "halstead_bugprop": 1.2842509459770426,
      "halstead_difficulty": 32.023809523809526,
      "halstead_effort": 123379.82302422303,
      "halstead_timerequired": 6854.434612456836,
      "halstead_volume": 3852.752837931128,
      "loc": 1,
      "operands_sum": 269,
      "operands_uniq": 84,
      "operators_sum": 306,
      "operators_uniq": 20
    }
  }
}
