{
  "files": {
    "/Users/lorraynereis/Documents/PUC /Engenharia de Sofware/7 Peri\u0301odo/TCC 1/plf-es-2022-2-tcci-5308100-pes-lorrayne-reis/Instrumentos/Codigos/Collect-repositories/Repositories/Cloned-repositories/PythonRobotics/PathPlanning/BugPlanning/bug.py": {
      "comment_ratio": 10.446343779677113,
      "cyclomatic_complexity": 89,
      "fanout_external": 5,
      "fanout_internal": 1,
      "halstead_bugprop": 5.105043144027439,
      "halstead_difficulty": 108.30097087378641,
      "halstead_effort": 1658643.3865522163,
      "halstead_timerequired": 92146.85480845645,
      "halstead_volume": 15315.129432082318,
      "lang": [
        "Python"
      ],
      "loc": 9,
      "operands_sum": 970,
      "operands_uniq": 103,
      "operators_sum": 1225,
      "operators_uniq": 23
    }
  },
  "overall": {
    "comment_ratio": 10.446343779677113,
    "cyclomatic_complexity": 89,
    "fanout_external": 5,
    "fanout_internal": 1,
    "halstead_bugprop": 5.105043144027439,
    "halstead_difficulty": 108.30097087378641,
    "halstead_effort": 1658643.3865522163,
    "halstead_timerequired": 92146.85480845645,
    "halstead_volume": 15315.129432082318,
    "loc": 9,
    "maintainability_index": 64.82466020024764,
    "operands_sum": 970,
    "operands_uniq": 103,
    "operators_sum": 1225,
    "operators_uniq": 23,
    "pylint": 100.0,
    "tiobe": 85.00137728399596,
    "tiobe_compiler": 100.0,
    "tiobe_complexity": 0.009181893306399779,
    "tiobe_coverage": 100.0,
    "tiobe_duplication": 100.0,
    "tiobe_fanout": 100.0,
    "tiobe_functional": 100.0,
    "tiobe_security": 100.0,
    "tiobe_standard": 100.0
  },
  "stats": {
    "max": {
      "comment_ratio": 10.446343779677113,
      "cyclomatic_complexity": 89,
      "fanout_external": 5,
      "fanout_internal": 1,
      "halstead_bugprop": 5.105043144027439,
      "halstead_difficulty": 108.30097087378641,
      "halstead_effort": 1658643.3865522163,
      "halstead_timerequired": 92146.85480845645,
      "halstead_volume": 15315.129432082318,
      "loc": 9,
      "operands_sum": 970,
      "operands_uniq": 103,
      "operators_sum": 1225,
      "operators_uniq": 23
    },
    "mean": {
      "comment_ratio": 10.446343779677113,
      "cyclomatic_complexity": 89,
      "fanout_external": 5,
      "fanout_internal": 1,
      "halstead_bugprop": 5.105043144027439,
      "halstead_difficulty": 108.30097087378641,
      "halstead_effort": 1658643.3865522163,
      "halstead_timerequired": 92146.85480845645,
      "halstead_volume": 15315.129432082318,
      "loc": 9,
      "operands_sum": 970,
      "operands_uniq": 103,
      "operators_sum": 1225,
      "operators_uniq": 23
    },
    "median": {
      "comment_ratio": 10.446343779677113,
      "cyclomatic_complexity": 89,
      "fanout_external": 5,
      "fanout_internal": 1,
      "halstead_bugprop": 5.105043144027439,
      "halstead_difficulty": 108.30097087378641,
      "halstead_effort": 1658643.3865522163,
      "halstead_timerequired": 92146.85480845645,
      "halstead_volume": 15315.129432082318,
      "loc": 9,
      "operands_sum": 970,
      "operands_uniq": 103,
      "operators_sum": 1225,
      "operators_uniq": 23
    },
    "min": {
      "comment_ratio": 10.446343779677113,
      "cyclomatic_complexity": 89,
      "fanout_external": 5,
      "fanout_internal": 1,
      "halstead_bugprop": 5.105043144027439,
      "halstead_difficulty": 108.30097087378641,
      "halstead_effort": 1658643.3865522163,
      "halstead_timerequired": 92146.85480845645,
      "halstead_volume": 15315.129432082318,
      "loc": 9,
      "operands_sum": 970,
      "operands_uniq": 103,
      "operators_sum": 1225,
      "operators_uniq": 23
    }
  }
}
