{
  "files": {
    "/Users/lorraynereis/Documents/PUC /Engenharia de Sofware/7 Peri\u0301odo/TCC 1/plf-es-2022-2-tcci-5308100-pes-lorrayne-reis/Instrumentos/Codigos/Collect-repositories/Repositories/Cloned-repositories/CVPR2023-3D-Occupancy-Prediction/projects/mmdet3d_plugin/datasets/builder.py": {
      "comment_ratio": 20.083892617449663,
      "cyclomatic_complexity": 22,
      "fanout_external": 24,
      "fanout_internal": 1,
      "halstead_bugprop": 1.0496232432680093,
      "halstead_difficulty": 28.323529411764707,
      "halstead_effort": 89187.10440591996,
      "halstead_timerequired": 4954.83913366222,
      "halstead_volume": 3148.869729804028,
      "lang": [
        "Python"
      ],
      "loc": 1,
      "operands_sum": 214,
      "operands_uniq": 68,
      "operators_sum": 276,
      "operators_uniq": 18
    }
  },
  "overall": {
    "comment_ratio": 20.083892617449663,
    "cyclomatic_complexity": 22,
    "fanout_external": 24,
    "fanout_internal": 1,
    "halstead_bugprop": 1.0496232432680093,
    "halstead_difficulty": 28.323529411764707,
    "halstead_effort": 89187.10440591996,
    "halstead_timerequired": 4954.83913366222,
    "halstead_volume": 3148.869729804028,
    "loc": 1,
    "maintainability_index": 100,
    "operands_sum": 214,
    "operands_uniq": 68,
    "operators_sum": 276,
    "operators_uniq": 18,
    "pylint": 100.0,
    "tiobe": 83.29405310081317,
    "tiobe_compiler": 100.0,
    "tiobe_complexity": 0.6270206720877829,
    "tiobe_coverage": 100.0,
    "tiobe_duplication": 100.0,
    "tiobe_fanout": 64.0,
    "tiobe_functional": 100.0,
    "tiobe_security": 100.0,
    "tiobe_standard": 100.0
  },
  "stats": {
    "max": {
      "comment_ratio": 20.083892617449663,
      "cyclomatic_complexity": 22,
      "fanout_external": 24,
      "fanout_internal": 1,
      "halstead_bugprop": 1.0496232432680093,
      "halstead_difficulty": 28.323529411764707,
      "halstead_effort": 89187.10440591996,
      "halstead_timerequired": 4954.83913366222,
      "halstead_volume": 3148.869729804028,
      "loc": 1,
      "operands_sum": 214,
      "operands_uniq": 68,
      "operators_sum": 276,
      "operators_uniq": 18
    },
    "mean": {
      "comment_ratio": 20.083892617449663,
      "cyclomatic_complexity": 22,
      "fanout_external": 24,
      "fanout_internal": 1,
      "halstead_bugprop": 1.0496232432680093,
      "halstead_difficulty": 28.323529411764707,
      "halstead_effort": 89187.10440591996,
      "halstead_timerequired": 4954.83913366222,
      "halstead_volume": 3148.869729804028,
      "loc": 1,
      "operands_sum": 214,
      "operands_uniq": 68,
      "operators_sum": 276,
      "operators_uniq": 18
    },
    "median": {
      "comment_ratio": 20.083892617449663,
      "cyclomatic_complexity": 22,
      "fanout_external": 24,
      "fanout_internal": 1,
      "halstead_bugprop": 1.0496232432680093,
      "halstead_difficulty": 28.323529411764707,
      "halstead_effort": 89187.10440591996,
      "halstead_timerequired": 4954.83913366222,
      "halstead_volume": 3148.869729804028,
      "loc": 1,
      "operands_sum": 214,
      "operands_uniq": 68,
      "operators_sum": 276,
      "operators_uniq": 18
    },
    "min": {
      "comment_ratio": 20.083892617449663,
      "cyclomatic_complexity": 22,
      "fanout_external": 24,
      "fanout_internal": 1,
      "halstead_bugprop": 1.0496232432680093,
      "halstead_difficulty": 28.323529411764707,
      "halstead_effort": 89187.10440591996,
      "halstead_timerequired": 4954.83913366222,
      "halstead_volume": 3148.869729804028,
      "loc": 1,
      "operands_sum": 214,
      "operands_uniq": 68,
      "operators_sum": 276,
      "operators_uniq": 18
    }
  }
}
