{
  "files": {
    "/Users/lorraynereis/Documents/PUC /Engenharia de Sofware/7 Peri\u0301odo/TCC 1/plf-es-2022-2-tcci-5308100-pes-lorrayne-reis/Instrumentos/Codigos/Collect-repositories/Repositories/Cloned-repositories/l5kit/l5kit/l5kit/environment/callbacks.py": {
      "comment_ratio": 19.630102040816325,
      "cyclomatic_complexity": 16,
      "fanout_external": 15,
      "fanout_internal": 1,
      "halstead_bugprop": 2.183056120488763,
      "halstead_difficulty": 56.72727272727273,
      "halstead_effort": 371516.459777724,
      "halstead_timerequired": 20639.803320984665,
      "halstead_volume": 6549.168361466289,
      "lang": [
        "Python"
      ],
      "loc": 4,
      "operands_sum": 390,
      "operands_uniq": 110,
      "operators_sum": 526,
      "operators_uniq": 32
    }
  },
  "overall": {
    "comment_ratio": 19.630102040816325,
    "cyclomatic_complexity": 16,
    "fanout_external": 15,
    "fanout_internal": 1,
    "halstead_bugprop": 2.183056120488763,
    "halstead_difficulty": 56.72727272727273,
    "halstead_effort": 371516.459777724,
    "halstead_timerequired": 20639.803320984665,
    "halstead_volume": 6549.168361466289,
    "loc": 4,
    "maintainability_index": 99.1691459150214,
    "operands_sum": 390,
    "operands_uniq": 110,
    "operators_sum": 526,
    "operators_uniq": 32,
    "pylint": 100.0,
    "tiobe": 84.34685008999742,
    "tiobe_compiler": 100.0,
    "tiobe_complexity": 1.6456672666495242,
    "tiobe_coverage": 100.0,
    "tiobe_duplication": 100.0,
    "tiobe_fanout": 82.0,
    "tiobe_functional": 100.0,
    "tiobe_security": 100.0,
    "tiobe_standard": 100.0
  },
  "stats": {
    "max": {
      "comment_ratio": 19.630102040816325,
      "cyclomatic_complexity": 16,
      "fanout_external": 15,
      "fanout_internal": 1,
      "halstead_bugprop": 2.183056120488763,
      "halstead_difficulty": 56.72727272727273,
      "halstead_effort": 371516.459777724,
      "halstead_timerequired": 20639.803320984665,
      "halstead_volume": 6549.168361466289,
      "loc": 4,
      "operands_sum": 390,
      "operands_uniq": 110,
      "operators_sum": 526,
      "operators_uniq": 32
    },
    "mean": {
      "comment_ratio": 19.630102040816325,
      "cyclomatic_complexity": 16,
      "fanout_external": 15,
      "fanout_internal": 1,
      "halstead_bugprop": 2.183056120488763,
      "halstead_difficulty": 56.72727272727273,
      "halstead_effort": 371516.459777724,
      "halstead_timerequired": 20639.803320984665,
      "halstead_volume": 6549.168361466289,
      "loc": 4,
      "operands_sum": 390,
      "operands_uniq": 110,
      "operators_sum": 526,
      "operators_uniq": 32
    },
    "median": {
      "comment_ratio": 19.630102040816325,
      "cyclomatic_complexity": 16,
      "fanout_external": 15,
      "fanout_internal": 1,
      "halstead_bugprop": 2.183056120488763,
      "halstead_difficulty": 56.72727272727273,
      "halstead_effort": 371516.459777724,
      "halstead_timerequired": 20639.803320984665,
      "halstead_volume": 6549.168361466289,
      "loc": 4,
      "operands_sum": 390,
      "operands_uniq": 110,
      "operators_sum": 526,
      "operators_uniq": 32
    },
    "min": {
      "comment_ratio": 19.630102040816325,
      "cyclomatic_complexity": 16,
      "fanout_external": 15,
      "fanout_internal": 1,
      "halstead_bugprop": 2.183056120488763,
      "halstead_difficulty": 56.72727272727273,
      "halstead_effort": 371516.459777724,
      "halstead_timerequired": 20639.803320984665,
      "halstead_volume": 6549.168361466289,
      "loc": 4,
      "operands_sum": 390,
      "operands_uniq": 110,
      "operators_sum": 526,
      "operators_uniq": 32
    }
  }
}
