{
  "files": {
    "/Users/lorraynereis/Documents/PUC /Engenharia de Sofware/7 Peri\u0301odo/TCC 1/plf-es-2022-2-tcci-5308100-pes-lorrayne-reis/Instrumentos/Codigos/Collect-repositories/Repositories/Cloned-repositories/pylot/pylot/perception/camera_frame.py": {
      "comment_ratio": 26.730343300110743,
      "cyclomatic_complexity": 9,
      "fanout_external": 15,
      "fanout_internal": 1,
      "halstead_bugprop": 2.001027008846346,
      "halstead_difficulty": 66.15151515151516,
      "halstead_effort": 397112.9054828703,
      "halstead_timerequired": 22061.828082381682,
      "halstead_volume": 6003.081026539037,
      "lang": [
        "Python"
      ],
      "loc": 1,
      "operands_sum": 354,
      "operands_uniq": 99,
      "operators_sum": 493,
      "operators_uniq": 37
    }
  },
  "overall": {
    "comment_ratio": 26.730343300110743,
    "cyclomatic_complexity": 9,
    "fanout_external": 15,
    "fanout_internal": 1,
    "halstead_bugprop": 2.001027008846346,
    "halstead_difficulty": 66.15151515151516,
    "halstead_effort": 397112.9054828703,
    "halstead_timerequired": 22061.828082381682,
    "halstead_volume": 6003.081026539037,
    "loc": 1,
    "maintainability_index": 100,
    "operands_sum": 354,
    "operands_uniq": 99,
    "operators_sum": 493,
    "operators_uniq": 37,
    "pylint": 100.0,
    "tiobe": 85.46363636363637,
    "tiobe_compiler": 100.0,
    "tiobe_complexity": 9.090909090909092,
    "tiobe_coverage": 100.0,
    "tiobe_duplication": 100.0,
    "tiobe_fanout": 82.0,
    "tiobe_functional": 100.0,
    "tiobe_security": 100.0,
    "tiobe_standard": 100.0
  },
  "stats": {
    "max": {
      "comment_ratio": 26.730343300110743,
      "cyclomatic_complexity": 9,
      "fanout_external": 15,
      "fanout_internal": 1,
      "halstead_bugprop": 2.001027008846346,
      "halstead_difficulty": 66.15151515151516,
      "halstead_effort": 397112.9054828703,
      "halstead_timerequired": 22061.828082381682,
      "halstead_volume": 6003.081026539037,
      "loc": 1,
      "operands_sum": 354,
      "operands_uniq": 99,
      "operators_sum": 493,
      "operators_uniq": 37
    },
    "mean": {
      "comment_ratio": 26.730343300110743,
      "cyclomatic_complexity": 9,
      "fanout_external": 15,
      "fanout_internal": 1,
      "halstead_bugprop": 2.001027008846346,
      "halstead_difficulty": 66.15151515151516,
      "halstead_effort": 397112.9054828703,
      "halstead_timerequired": 22061.828082381682,
      "halstead_volume": 6003.081026539037,
      "loc": 1,
      "operands_sum": 354,
      "operands_uniq": 99,
      "operators_sum": 493,
      "operators_uniq": 37
    },
    "median": {
      "comment_ratio": 26.730343300110743,
      "cyclomatic_complexity": 9,
      "fanout_external": 15,
      "fanout_internal": 1,
      "halstead_bugprop": 2.001027008846346,
      "halstead_difficulty": 66.15151515151516,
      "halstead_effort": 397112.9054828703,
      "halstead_timerequired": 22061.828082381682,
      "halstead_volume": 6003.081026539037,
      "loc": 1,
      "operands_sum": 354,
      "operands_uniq": 99,
      "operators_sum": 493,
      "operators_uniq": 37
    },
    "min": {
      "comment_ratio": 26.730343300110743,
      "cyclomatic_complexity": 9,
      "fanout_external": 15,
      "fanout_internal": 1,
      "halstead_bugprop": 2.001027008846346,
      "halstead_difficulty": 66.15151515151516,
      "halstead_effort": 397112.9054828703,
      "halstead_timerequired": 22061.828082381682,
      "halstead_volume": 6003.081026539037,
      "loc": 1,
      "operands_sum": 354,
      "operands_uniq": 99,
      "operators_sum": 493,
      "operators_uniq": 37
    }
  }
}
