{
  "files": {
    "/Users/lorraynereis/Documents/PUC /Engenharia de Sofware/7 Peri\u0301odo/TCC 1/plf-es-2022-2-tcci-5308100-pes-lorrayne-reis/Instrumentos/Codigos/Collect-repositories/Repositories/Cloned-repositories/pylot/pylot/drivers/carla_lidar_driver_operator.py": {
      "comment_ratio": 26.7529665587918,
      "cyclomatic_complexity": 9,
      "fanout_external": 9,
      "fanout_internal": 1,
      "halstead_bugprop": 1.6619603824167344,
      "halstead_difficulty": 34.60747663551402,
      "halstead_effort": 172548.76531091123,
      "halstead_timerequired": 9586.042517272846,
      "halstead_volume": 4985.881147250203,
      "lang": [
        "Python"
      ],
      "loc": 1,
      "operands_sum": 322,
      "operands_uniq": 107,
      "operators_sum": 388,
      "operators_uniq": 23
    }
  },
  "overall": {
    "comment_ratio": 26.7529665587918,
    "cyclomatic_complexity": 9,
    "fanout_external": 9,
    "fanout_internal": 1,
    "halstead_bugprop": 1.6619603824167344,
    "halstead_difficulty": 34.60747663551402,
    "halstead_effort": 172548.76531091123,
    "halstead_timerequired": 9586.042517272846,
    "halstead_volume": 4985.881147250203,
    "loc": 1,
    "maintainability_index": 100,
    "operands_sum": 322,
    "operands_uniq": 107,
    "operators_sum": 388,
    "operators_uniq": 23,
    "pylint": 100.0,
    "tiobe": 86.06363636363638,
    "tiobe_compiler": 100.0,
    "tiobe_complexity": 9.090909090909092,
    "tiobe_coverage": 100.0,
    "tiobe_duplication": 100.0,
    "tiobe_fanout": 94.0,
    "tiobe_functional": 100.0,
    "tiobe_security": 100.0,
    "tiobe_standard": 100.0
  },
  "stats": {
    "max": {
      "comment_ratio": 26.7529665587918,
      "cyclomatic_complexity": 9,
      "fanout_external": 9,
      "fanout_internal": 1,
      "halstead_bugprop": 1.6619603824167344,
      "halstead_difficulty": 34.60747663551402,
      "halstead_effort": 172548.76531091123,
      "halstead_timerequired": 9586.042517272846,
      "halstead_volume": 4985.881147250203,
      "loc": 1,
      "operands_sum": 322,
      "operands_uniq": 107,
      "operators_sum": 388,
      "operators_uniq": 23
    },
    "mean": {
      "comment_ratio": 26.7529665587918,
      "cyclomatic_complexity": 9,
      "fanout_external": 9,
      "fanout_internal": 1,
      "halstead_bugprop": 1.6619603824167344,
      "halstead_difficulty": 34.60747663551402,
      "halstead_effort": 172548.76531091123,
      "halstead_timerequired": 9586.042517272846,
      "halstead_volume": 4985.881147250203,
      "loc": 1,
      "operands_sum": 322,
      "operands_uniq": 107,
      "operators_sum": 388,
      "operators_uniq": 23
    },
    "median": {
      "comment_ratio": 26.7529665587918,
      "cyclomatic_complexity": 9,
      "fanout_external": 9,
      "fanout_internal": 1,
      "halstead_bugprop": 1.6619603824167344,
      "halstead_difficulty": 34.60747663551402,
      "halstead_effort": 172548.76531091123,
      "halstead_timerequired": 9586.042517272846,
      "halstead_volume": 4985.881147250203,
      "loc": 1,
      "operands_sum": 322,
      "operands_uniq": 107,
      "operators_sum": 388,
      "operators_uniq": 23
    },
    "min": {
      "comment_ratio": 26.7529665587918,
      "cyclomatic_complexity": 9,
      "fanout_external": 9,
      "fanout_internal": 1,
      "halstead_bugprop": 1.6619603824167344,
      "halstead_difficulty": 34.60747663551402,
      "halstead_effort": 172548.76531091123,
      "halstead_timerequired": 9586.042517272846,
      "halstead_volume": 4985.881147250203,
      "loc": 1,
      "operands_sum": 322,
      "operands_uniq": 107,
      "operators_sum": 388,
      "operators_uniq": 23
    }
  }
}
