{
  "files": {
    "/Users/lorraynereis/Documents/PUC /Engenharia de Sofware/7 Peri\u0301odo/TCC 1/plf-es-2022-2-tcci-5308100-pes-lorrayne-reis/Instrumentos/Codigos/Collect-repositories/Repositories/Cloned-repositories/pylot/pylot/simulation/carla_operator.py": {
      "comment_ratio": 21.28725145038925,
      "cyclomatic_complexity": 38,
      "fanout_external": 14,
      "fanout_internal": 1,
      "halstead_bugprop": 5.288094616870561,
      "halstead_difficulty": 104.3539603960396,
      "halstead_effort": 1655500.8486582623,
      "halstead_timerequired": 91972.26936990346,
      "halstead_volume": 15864.283850611684,
      "lang": [
        "Python"
      ],
      "loc": 2,
      "operands_sum": 897,
      "operands_uniq": 202,
      "operators_sum": 1096,
      "operators_uniq": 47
    }
  },
  "overall": {
    "comment_ratio": 21.28725145038925,
    "cyclomatic_complexity": 38,
    "fanout_external": 14,
    "fanout_internal": 1,
    "halstead_bugprop": 5.288094616870561,
    "halstead_difficulty": 104.3539603960396,
    "halstead_effort": 1655500.8486582623,
    "halstead_timerequired": 91972.26936990346,
    "halstead_volume": 15864.283850611684,
    "loc": 2,
    "maintainability_index": 100,
    "operands_sum": 897,
    "operands_uniq": 202,
    "operators_sum": 1096,
    "operators_uniq": 47,
    "pylint": 100.0,
    "tiobe": 84.21795903096061,
    "tiobe_compiler": 100.0,
    "tiobe_complexity": 0.11972687307080722,
    "tiobe_coverage": 100.0,
    "tiobe_duplication": 100.0,
    "tiobe_fanout": 84.0,
    "tiobe_functional": 100.0,
    "tiobe_security": 100.0,
    "tiobe_standard": 100.0
  },
  "stats": {
    "max": {
      "comment_ratio": 21.28725145038925,
      "cyclomatic_complexity": 38,
      "fanout_external": 14,
      "fanout_internal": 1,
      "halstead_bugprop": 5.288094616870561,
      "halstead_difficulty": 104.3539603960396,
      "halstead_effort": 1655500.8486582623,
      "halstead_timerequired": 91972.26936990346,
      "halstead_volume": 15864.283850611684,
      "loc": 2,
      "operands_sum": 897,
      "operands_uniq": 202,
      "operators_sum": 1096,
      "operators_uniq": 47
    },
    "mean": {
      "comment_ratio": 21.28725145038925,
      "cyclomatic_complexity": 38,
      "fanout_external": 14,
      "fanout_internal": 1,
      "halstead_bugprop": 5.288094616870561,
      "halstead_difficulty": 104.3539603960396,
      "halstead_effort": 1655500.8486582623,
      "halstead_timerequired": 91972.26936990346,
      "halstead_volume": 15864.283850611684,
      "loc": 2,
      "operands_sum": 897,
      "operands_uniq": 202,
      "operators_sum": 1096,
      "operators_uniq": 47
    },
    "median": {
      "comment_ratio": 21.28725145038925,
      "cyclomatic_complexity": 38,
      "fanout_external": 14,
      "fanout_internal": 1,
      "halstead_bugprop": 5.288094616870561,
      "halstead_difficulty": 104.3539603960396,
      "halstead_effort": 1655500.8486582623,
      "halstead_timerequired": 91972.26936990346,
      "halstead_volume": 15864.283850611684,
      "loc": 2,
      "operands_sum": 897,
      "operands_uniq": 202,
      "operators_sum": 1096,
      "operators_uniq": 47
    },
    "min": {
      "comment_ratio": 21.28725145038925,
      "cyclomatic_complexity": 38,
      "fanout_external": 14,
      "fanout_internal": 1,
      "halstead_bugprop": 5.288094616870561,
      "halstead_difficulty": 104.3539603960396,
      "halstead_effort": 1655500.8486582623,
      "halstead_timerequired": 91972.26936990346,
      "halstead_volume": 15864.283850611684,
      "loc": 2,
      "operands_sum": 897,
      "operands_uniq": 202,
      "operators_sum": 1096,
      "operators_uniq": 47
    }
  }
}
