{
  "files": {
    "/Users/lorraynereis/Documents/PUC /Engenharia de Sofware/7 Peri\u0301odo/TCC 1/plf-es-2022-2-tcci-5308100-pes-lorrayne-reis/Instrumentos/Codigos/Collect-repositories/Repositories/Cloned-repositories/pylot/pylot/drivers/carla_camera_driver_operator.py": {
      "comment_ratio": 26.479676729260756,
      "cyclomatic_complexity": 10,
      "fanout_external": 12,
      "fanout_internal": 1,
      "halstead_bugprop": 1.627671594516041,
      "halstead_difficulty": 36.416666666666664,
      "halstead_effort": 177823.12170087747,
      "halstead_timerequired": 9879.062316715415,
      "halstead_volume": 4883.014783548123,
      "lang": [
        "Python"
      ],
      "loc": 2,
      "operands_sum": 323,
      "operands_uniq": 102,
      "operators_sum": 378,
      "operators_uniq": 23
    }
  },
  "overall": {
    "comment_ratio": 26.479676729260756,
    "cyclomatic_complexity": 10,
    "fanout_external": 12,
    "fanout_internal": 1,
    "halstead_bugprop": 1.627671594516041,
    "halstead_difficulty": 36.416666666666664,
    "halstead_effort": 177823.12170087747,
    "halstead_timerequired": 9879.062316715415,
    "halstead_volume": 4883.014783548123,
    "loc": 2,
    "maintainability_index": 100,
    "operands_sum": 323,
    "operands_uniq": 102,
    "operators_sum": 378,
    "operators_uniq": 23,
    "pylint": 100.0,
    "tiobe": 85.40523560209425,
    "tiobe_compiler": 100.0,
    "tiobe_complexity": 6.701570680628272,
    "tiobe_coverage": 100.0,
    "tiobe_duplication": 100.0,
    "tiobe_fanout": 88.0,
    "tiobe_functional": 100.0,
    "tiobe_security": 100.0,
    "tiobe_standard": 100.0
  },
  "stats": {
    "max": {
      "comment_ratio": 26.479676729260756,
      "cyclomatic_complexity": 10,
      "fanout_external": 12,
      "fanout_internal": 1,
      "halstead_bugprop": 1.627671594516041,
      "halstead_difficulty": 36.416666666666664,
      "halstead_effort": 177823.12170087747,
      "halstead_timerequired": 9879.062316715415,
      "halstead_volume": 4883.014783548123,
      "loc": 2,
      "operands_sum": 323,
      "operands_uniq": 102,
      "operators_sum": 378,
      "operators_uniq": 23
    },
    "mean": {
      "comment_ratio": 26.479676729260756,
      "cyclomatic_complexity": 10,
      "fanout_external": 12,
      "fanout_internal": 1,
      "halstead_bugprop": 1.627671594516041,
      "halstead_difficulty": 36.416666666666664,
      "halstead_effort": 177823.12170087747,
      "halstead_timerequired": 9879.062316715415,
      "halstead_volume": 4883.014783548123,
      "loc": 2,
      "operands_sum": 323,
      "operands_uniq": 102,
      "operators_sum": 378,
      "operators_uniq": 23
    },
    "median": {
      "comment_ratio": 26.479676729260756,
      "cyclomatic_complexity": 10,
      "fanout_external": 12,
      "fanout_internal": 1,
      "halstead_bugprop": 1.627671594516041,
      "halstead_difficulty": 36.416666666666664,
      "halstead_effort": 177823.12170087747,
      "halstead_timerequired": 9879.062316715415,
      "halstead_volume": 4883.014783548123,
      "loc": 2,
      "operands_sum": 323,
      "operands_uniq": 102,
      "operators_sum": 378,
      "operators_uniq": 23
    },
    "min": {
      "comment_ratio": 26.479676729260756,
      "cyclomatic_complexity": 10,
      "fanout_external": 12,
      "fanout_internal": 1,
      "halstead_bugprop": 1.627671594516041,
      "halstead_difficulty": 36.416666666666664,
      "halstead_effort": 177823.12170087747,
      "halstead_timerequired": 9879.062316715415,
      "halstead_volume": 4883.014783548123,
      "loc": 2,
      "operands_sum": 323,
      "operands_uniq": 102,
      "operators_sum": 378,
      "operators_uniq": 23
    }
  }
}
