{
  "files": {
    "/Users/lorraynereis/Documents/PUC /Engenharia de Sofware/7 Peri\u0301odo/TCC 1/plf-es-2022-2-tcci-5308100-pes-lorrayne-reis/Instrumentos/Codigos/Collect-repositories/Repositories/Cloned-repositories/pylot/pylot/drivers/carla_traffic_light_invasion_sensor_operator.py": {
      "comment_ratio": 13.365125947664465,
      "cyclomatic_complexity": 17,
      "fanout_external": 11,
      "fanout_internal": 1,
      "halstead_bugprop": 2.4873614676770037,
      "halstead_difficulty": 44.05035971223021,
      "halstead_effort": 328707.5021565387,
      "halstead_timerequired": 18261.527897585485,
      "halstead_volume": 7462.084403031012,
      "lang": [
        "Python"
      ],
      "loc": 4,
      "operands_sum": 471,
      "operands_uniq": 139,
      "operators_sum": 542,
      "operators_uniq": 26
    }
  },
  "overall": {
    "comment_ratio": 13.365125947664465,
    "cyclomatic_complexity": 17,
    "fanout_external": 11,
    "fanout_internal": 1,
    "halstead_bugprop": 2.4873614676770037,
    "halstead_difficulty": 44.05035971223021,
    "halstead_effort": 328707.5021565387,
    "halstead_timerequired": 18261.527897585485,
    "halstead_volume": 7462.084403031012,
    "loc": 4,
    "maintainability_index": 98.26056301308546,
    "operands_sum": 471,
    "operands_uniq": 139,
    "operators_sum": 542,
    "operators_uniq": 26,
    "pylint": 100.0,
    "tiobe": 84.70547945205479,
    "tiobe_compiler": 100.0,
    "tiobe_complexity": 1.36986301369863,
    "tiobe_coverage": 100.0,
    "tiobe_duplication": 100.0,
    "tiobe_fanout": 90.0,
    "tiobe_functional": 100.0,
    "tiobe_security": 100.0,
    "tiobe_standard": 100.0
  },
  "stats": {
    "max": {
      "comment_ratio": 13.365125947664465,
      "cyclomatic_complexity": 17,
      "fanout_external": 11,
      "fanout_internal": 1,
      "halstead_bugprop": 2.4873614676770037,
      "halstead_difficulty": 44.05035971223021,
      "halstead_effort": 328707.5021565387,
      "halstead_timerequired": 18261.527897585485,
      "halstead_volume": 7462.084403031012,
      "loc": 4,
      "operands_sum": 471,
      "operands_uniq": 139,
      "operators_sum": 542,
      "operators_uniq": 26
    },
    "mean": {
      "comment_ratio": 13.365125947664465,
      "cyclomatic_complexity": 17,
      "fanout_external": 11,
      "fanout_internal": 1,
      "halstead_bugprop": 2.4873614676770037,
      "halstead_difficulty": 44.05035971223021,
      "halstead_effort": 328707.5021565387,
      "halstead_timerequired": 18261.527897585485,
      "halstead_volume": 7462.084403031012,
      "loc": 4,
      "operands_sum": 471,
      "operands_uniq": 139,
      "operators_sum": 542,
      "operators_uniq": 26
    },
    "median": {
      "comment_ratio": 13.365125947664465,
      "cyclomatic_complexity": 17,
      "fanout_external": 11,
      "fanout_internal": 1,
      "halstead_bugprop": 2.4873614676770037,
      "halstead_difficulty": 44.05035971223021,
      "halstead_effort": 328707.5021565387,
      "halstead_timerequired": 18261.527897585485,
      "halstead_volume": 7462.084403031012,
      "loc": 4,
      "operands_sum": 471,
      "operands_uniq": 139,
      "operators_sum": 542,
      "operators_uniq": 26
    },
    "min": {
      "comment_ratio": 13.365125947664465,
      "cyclomatic_complexity": 17,
      "fanout_external": 11,
      "fanout_internal": 1,
      "halstead_bugprop": 2.4873614676770037,
      "halstead_difficulty": 44.05035971223021,
      "halstead_effort": 328707.5021565387,
      "halstead_timerequired": 18261.527897585485,
      "halstead_volume": 7462.084403031012,
      "loc": 4,
      "operands_sum": 471,
      "operands_uniq": 139,
      "operators_sum": 542,
      "operators_uniq": 26
    }
  }
}
