{
  "files": {
    "/Users/lorraynereis/Documents/PUC /Engenharia de Sofware/7 Peri\u0301odo/TCC 1/plf-es-2022-2-tcci-5308100-pes-lorrayne-reis/Instrumentos/Codigos/Collect-repositories/Repositories/Cloned-repositories/CVPR2023-3D-Occupancy-Prediction/projects/configs/_base_/models/cascade_mask_rcnn_r50_fpn.py": {
      "comment_ratio": 0.7597477064220184,
      "cyclomatic_complexity": 2,
      "fanout_external": 0,
      "fanout_internal": 0,
      "halstead_bugprop": 2.2847772453691646,
      "halstead_difficulty": 14.153846153846153,
      "halstead_effort": 97015.15688029067,
      "halstead_timerequired": 5389.730937793926,
      "halstead_volume": 6854.331736107493,
      "lang": [
        "Python"
      ],
      "loc": 1,
      "operands_sum": 414,
      "operands_uniq": 117,
      "operators_sum": 570,
      "operators_uniq": 8
    }
  },
  "overall": {
    "comment_ratio": 0.7597477064220184,
    "cyclomatic_complexity": 2,
    "fanout_external": 0,
    "fanout_internal": 0,
    "halstead_bugprop": 2.2847772453691646,
    "halstead_difficulty": 14.153846153846153,
    "halstead_effort": 97015.15688029067,
    "halstead_timerequired": 5389.730937793926,
    "halstead_volume": 6854.331736107493,
    "loc": 1,
    "maintainability_index": 100,
    "operands_sum": 414,
    "operands_uniq": 117,
    "operators_sum": 570,
    "operators_uniq": 8,
    "pylint": 100.0,
    "tiobe": 99.32835820895522,
    "tiobe_compiler": 100.0,
    "tiobe_complexity": 95.5223880597015,
    "tiobe_coverage": 100.0,
    "tiobe_duplication": 100.0,
    "tiobe_fanout": 100.0,
    "tiobe_functional": 100.0,
    "tiobe_security": 100.0,
    "tiobe_standard": 100.0
  },
  "stats": {
    "max": {
      "comment_ratio": 0.7597477064220184,
      "cyclomatic_complexity": 2,
      "fanout_external": 0,
      "fanout_internal": 0,
      "halstead_bugprop": 2.2847772453691646,
      "halstead_difficulty": 14.153846153846153,
      "halstead_effort": 97015.15688029067,
      "halstead_timerequired": 5389.730937793926,
      "halstead_volume": 6854.331736107493,
      "loc": 1,
      "operands_sum": 414,
      "operands_uniq": 117,
      "operators_sum": 570,
      "operators_uniq": 8
    },
    "mean": {
      "comment_ratio": 0.7597477064220184,
      "cyclomatic_complexity": 2,
      "fanout_external": 0,
      "fanout_internal": 0,
      "halstead_bugprop": 2.2847772453691646,
      "halstead_difficulty": 14.153846153846153,
      "halstead_effort": 97015.15688029067,
      "halstead_timerequired": 5389.730937793926,
      "halstead_volume": 6854.331736107493,
      "loc": 1,
      "operands_sum": 414,
      "operands_uniq": 117,
      "operators_sum": 570,
      "operators_uniq": 8
    },
    "median": {
      "comment_ratio": 0.7597477064220184,
      "cyclomatic_complexity": 2,
      "fanout_external": 0,
      "fanout_internal": 0,
      "halstead_bugprop": 2.2847772453691646,
      "halstead_difficulty": 14.153846153846153,
      "halstead_effort": 97015.15688029067,
      "halstead_timerequired": 5389.730937793926,
      "halstead_volume": 6854.331736107493,
      "loc": 1,
      "operands_sum": 414,
      "operands_uniq": 117,
      "operators_sum": 570,
      "operators_uniq": 8
    },
    "min": {
      "comment_ratio": 0.7597477064220184,
      "cyclomatic_complexity": 2,
      "fanout_external": 0,
      "fanout_internal": 0,
      "halstead_bugprop": 2.2847772453691646,
      "halstead_difficulty": 14.153846153846153,
      "halstead_effort": 97015.15688029067,
      "halstead_timerequired": 5389.730937793926,
      "halstead_volume": 6854.331736107493,
      "loc": 1,
      "operands_sum": 414,
      "operands_uniq": 117,
      "operators_sum": 570,
      "operators_uniq": 8
    }
  }
}
