{
  "files": {
    "/Users/lorraynereis/Documents/PUC /Engenharia de Sofware/7 Peri\u0301odo/TCC 1/plf-es-2022-2-tcci-5308100-pes-lorrayne-reis/Instrumentos/Codigos/Collect-repositories/Repositories/Cloned-repositories/l5kit/scripts/categorize_scenes.py": {
      "comment_ratio": 20.164960182025027,
      "cyclomatic_complexity": 13,
      "fanout_external": 10,
      "fanout_internal": 1,
      "halstead_bugprop": 0.9007774211661519,
      "halstead_difficulty": 25.27777777777778,
      "halstead_effort": 68308.95443843318,
      "halstead_timerequired": 3794.941913246288,
      "halstead_volume": 2702.3322634984556,
      "lang": [
        "Python"
      ],
      "loc": 1,
      "operands_sum": 195,
      "operands_uniq": 81,
      "operators_sum": 210,
      "operators_uniq": 21
    }
  },
  "overall": {
    "comment_ratio": 20.164960182025027,
    "cyclomatic_complexity": 13,
    "fanout_external": 10,
    "fanout_internal": 1,
    "halstead_bugprop": 0.9007774211661519,
    "halstead_difficulty": 25.27777777777778,
    "halstead_effort": 68308.95443843318,
    "halstead_timerequired": 3794.941913246288,
    "halstead_volume": 2702.3322634984556,
    "loc": 1,
    "maintainability_index": 100,
    "operands_sum": 195,
    "operands_uniq": 81,
    "operators_sum": 210,
    "operators_uniq": 21,
    "pylint": 100.0,
    "tiobe": 85.06153846153845,
    "tiobe_compiler": 100.0,
    "tiobe_complexity": 3.076923076923077,
    "tiobe_coverage": 100.0,
    "tiobe_duplication": 100.0,
    "tiobe_fanout": 92.0,
    "tiobe_functional": 100.0,
    "tiobe_security": 100.0,
    "tiobe_standard": 100.0
  },
  "stats": {
    "max": {
      "comment_ratio": 20.164960182025027,
      "cyclomatic_complexity": 13,
      "fanout_external": 10,
      "fanout_internal": 1,
      "halstead_bugprop": 0.9007774211661519,
      "halstead_difficulty": 25.27777777777778,
      "halstead_effort": 68308.95443843318,
      "halstead_timerequired": 3794.941913246288,
      "halstead_volume": 2702.3322634984556,
      "loc": 1,
      "operands_sum": 195,
      "operands_uniq": 81,
      "operators_sum": 210,
      "operators_uniq": 21
    },
    "mean": {
      "comment_ratio": 20.164960182025027,
      "cyclomatic_complexity": 13,
      "fanout_external": 10,
      "fanout_internal": 1,
      "halstead_bugprop": 0.9007774211661519,
      "halstead_difficulty": 25.27777777777778,
      "halstead_effort": 68308.95443843318,
      "halstead_timerequired": 3794.941913246288,
      "halstead_volume": 2702.3322634984556,
      "loc": 1,
      "operands_sum": 195,
      "operands_uniq": 81,
      "operators_sum": 210,
      "operators_uniq": 21
    },
    "median": {
      "comment_ratio": 20.164960182025027,
      "cyclomatic_complexity": 13,
      "fanout_external": 10,
      "fanout_internal": 1,
      "halstead_bugprop": 0.9007774211661519,
      "halstead_difficulty": 25.27777777777778,
      "halstead_effort": 68308.95443843318,
      "halstead_timerequired": 3794.941913246288,
      "halstead_volume": 2702.3322634984556,
      "loc": 1,
      "operands_sum": 195,
      "operands_uniq": 81,
      "operators_sum": 210,
      "operators_uniq": 21
    },
    "min": {
      "comment_ratio": 20.164960182025027,
      "cyclomatic_complexity": 13,
      "fanout_external": 10,
      "fanout_internal": 1,
      "halstead_bugprop": 0.9007774211661519,
      "halstead_difficulty": 25.27777777777778,
      "halstead_effort": 68308.95443843318,
      "halstead_timerequired": 3794.941913246288,
      "halstead_volume": 2702.3322634984556,
      "loc": 1,
      "operands_sum": 195,
      "operands_uniq": 81,
      "operators_sum": 210,
      "operators_uniq": 21
    }
  }
}
