{
  "files": {
    "/Users/lorraynereis/Documents/PUC /Engenharia de Sofware/7 Peri\u0301odo/TCC 1/plf-es-2022-2-tcci-5308100-pes-lorrayne-reis/Instrumentos/Codigos/Collect-repositories/Repositories/Cloned-repositories/pylot/pylot/perception/tracking/center_track_operator.py": {
      "comment_ratio": 7.479387514723204,
      "cyclomatic_complexity": 28,
      "fanout_external": 19,
      "fanout_internal": 1,
      "halstead_bugprop": 4.5858146578372,
      "halstead_difficulty": 74.34782608695652,
      "halstead_effort": 1022836.0519436884,
      "halstead_timerequired": 56824.22510798269,
      "halstead_volume": 13757.4439735116,
      "lang": [
        "Python"
      ],
      "loc": 3,
      "operands_sum": 760,
      "operands_uniq": 184,
      "operators_sum": 1008,
      "operators_uniq": 36
    }
  },
  "overall": {
    "comment_ratio": 7.479387514723204,
    "cyclomatic_complexity": 28,
    "fanout_external": 19,
    "fanout_internal": 1,
    "halstead_bugprop": 4.5858146578372,
    "halstead_difficulty": 74.34782608695652,
    "halstead_effort": 1022836.0519436884,
    "halstead_timerequired": 56824.22510798269,
    "halstead_volume": 13757.4439735116,
    "loc": 3,
    "maintainability_index": 97.20993717381174,
    "operands_sum": 760,
    "operands_uniq": 184,
    "operators_sum": 1008,
    "operators_uniq": 36,
    "pylint": 100.0,
    "tiobe": 83.7452723414289,
    "tiobe_compiler": 100.0,
    "tiobe_complexity": 0.3018156095260552,
    "tiobe_coverage": 100.0,
    "tiobe_duplication": 100.0,
    "tiobe_fanout": 74.0,
    "tiobe_functional": 100.0,
    "tiobe_security": 100.0,
    "tiobe_standard": 100.0
  },
  "stats": {
    "max": {
      "comment_ratio": 7.479387514723204,
      "cyclomatic_complexity": 28,
      "fanout_external": 19,
      "fanout_internal": 1,
      "halstead_bugprop": 4.5858146578372,
      "halstead_difficulty": 74.34782608695652,
      "halstead_effort": 1022836.0519436884,
      "halstead_timerequired": 56824.22510798269,
      "halstead_volume": 13757.4439735116,
      "loc": 3,
      "operands_sum": 760,
      "operands_uniq": 184,
      "operators_sum": 1008,
      "operators_uniq": 36
    },
    "mean": {
      "comment_ratio": 7.479387514723204,
      "cyclomatic_complexity": 28,
      "fanout_external": 19,
      "fanout_internal": 1,
      "halstead_bugprop": 4.5858146578372,
      "halstead_difficulty": 74.34782608695652,
      "halstead_effort": 1022836.0519436884,
      "halstead_timerequired": 56824.22510798269,
      "halstead_volume": 13757.4439735116,
      "loc": 3,
      "operands_sum": 760,
      "operands_uniq": 184,
      "operators_sum": 1008,
      "operators_uniq": 36
    },
    "median": {
      "comment_ratio": 7.479387514723204,
      "cyclomatic_complexity": 28,
      "fanout_external": 19,
      "fanout_internal": 1,
      "halstead_bugprop": 4.5858146578372,
      "halstead_difficulty": 74.34782608695652,
      "halstead_effort": 1022836.0519436884,
      "halstead_timerequired": 56824.22510798269,
      "halstead_volume": 13757.4439735116,
      "loc": 3,
      "operands_sum": 760,
      "operands_uniq": 184,
      "operators_sum": 1008,
      "operators_uniq": 36
    },
    "min": {
      "comment_ratio": 7.479387514723204,
      "cyclomatic_complexity": 28,
      "fanout_external": 19,
      "fanout_internal": 1,
      "halstead_bugprop": 4.5858146578372,
      "halstead_difficulty": 74.34782608695652,
      "halstead_effort": 1022836.0519436884,
      "halstead_timerequired": 56824.22510798269,
      "halstead_volume": 13757.4439735116,
      "loc": 3,
      "operands_sum": 760,
      "operands_uniq": 184,
      "operators_sum": 1008,
      "operators_uniq": 36
    }
  }
}
