{
  "files": {
    "/Users/lorraynereis/Documents/PUC /Engenharia de Sofware/7 Peri\u0301odo/TCC 1/plf-es-2022-2-tcci-5308100-pes-lorrayne-reis/Instrumentos/Codigos/Collect-repositories/Repositories/Cloned-repositories/PythonRobotics/PathTracking/cgmres_nmpc/cgmres_nmpc.py": {
      "comment_ratio": 12.895871536898449,
      "cyclomatic_complexity": 7,
      "fanout_external": 6,
      "fanout_internal": 1,
      "halstead_bugprop": 11.56263508111717,
      "halstead_difficulty": 114.32055749128921,
      "halstead_effort": 3965540.6656249585,
      "halstead_timerequired": 220307.81475694213,
      "halstead_volume": 34687.90524335151,
      "lang": [
        "Python"
      ],
      "loc": 1,
      "operands_sum": 1930,
      "operands_uniq": 287,
      "operators_sum": 2236,
      "operators_uniq": 34
    }
  },
  "overall": {
    "comment_ratio": 12.895871536898449,
    "cyclomatic_complexity": 7,
    "fanout_external": 6,
    "fanout_internal": 1,
    "halstead_bugprop": 11.56263508111717,
    "halstead_difficulty": 114.32055749128921,
    "halstead_effort": 3965540.6656249585,
    "halstead_timerequired": 220307.81475694213,
    "halstead_volume": 34687.90524335151,
    "loc": 1,
    "maintainability_index": 100,
    "operands_sum": 1930,
    "operands_uniq": 287,
    "operators_sum": 2236,
    "operators_uniq": 34,
    "pylint": 100.0,
    "tiobe": 87.72727272727272,
    "tiobe_compiler": 100.0,
    "tiobe_complexity": 18.181818181818183,
    "tiobe_coverage": 100.0,
    "tiobe_duplication": 100.0,
    "tiobe_fanout": 100.0,
    "tiobe_functional": 100.0,
    "tiobe_security": 100.0,
    "tiobe_standard": 100.0
  },
  "stats": {
    "max": {
      "comment_ratio": 12.895871536898449,
      "cyclomatic_complexity": 7,
      "fanout_external": 6,
      "fanout_internal": 1,
      "halstead_bugprop": 11.56263508111717,
      "halstead_difficulty": 114.32055749128921,
      "halstead_effort": 3965540.6656249585,
      "halstead_timerequired": 220307.81475694213,
      "halstead_volume": 34687.90524335151,
      "loc": 1,
      "operands_sum": 1930,
      "operands_uniq": 287,
      "operators_sum": 2236,
      "operators_uniq": 34
    },
    "mean": {
      "comment_ratio": 12.895871536898449,
      "cyclomatic_complexity": 7,
      "fanout_external": 6,
      "fanout_internal": 1,
      "halstead_bugprop": 11.56263508111717,
      "halstead_difficulty": 114.32055749128921,
      "halstead_effort": 3965540.6656249585,
      "halstead_timerequired": 220307.81475694213,
      "halstead_volume": 34687.90524335151,
      "loc": 1,
      "operands_sum": 1930,
      "operands_uniq": 287,
      "operators_sum": 2236,
      "operators_uniq": 34
    },
    "median": {
      "comment_ratio": 12.895871536898449,
      "cyclomatic_complexity": 7,
      "fanout_external": 6,
      "fanout_internal": 1,
      "halstead_bugprop": 11.56263508111717,
      "halstead_difficulty": 114.32055749128921,
      "halstead_effort": 3965540.6656249585,
      "halstead_timerequired": 220307.81475694213,
      "halstead_volume": 34687.90524335151,
      "loc": 1,
      "operands_sum": 1930,
      "operands_uniq": 287,
      "operators_sum": 2236,
      "operators_uniq": 34
    },
    "min": {
      "comment_ratio": 12.895871536898449,
      "cyclomatic_complexity": 7,
      "fanout_external": 6,
      "fanout_internal": 1,
      "halstead_bugprop": 11.56263508111717,
      "halstead_difficulty": 114.32055749128921,
      "halstead_effort": 3965540.6656249585,
      "halstead_timerequired": 220307.81475694213,
      "halstead_volume": 34687.90524335151,
      "loc": 1,
      "operands_sum": 1930,
      "operands_uniq": 287,
      "operators_sum": 2236,
      "operators_uniq": 34
    }
  }
}
