{
  "files": {
    "/Users/lorraynereis/Documents/PUC /Engenharia de Sofware/7 Peri\u0301odo/TCC 1/plf-es-2022-2-tcci-5308100-pes-lorrayne-reis/Instrumentos/Codigos/Collect-repositories/Repositories/Cloned-repositories/pylot/tests/check_canny_lane_detection.py": {
      "comment_ratio": 25.335775335775335,
      "cyclomatic_complexity": 22,
      "fanout_external": 9,
      "fanout_internal": 1,
      "halstead_bugprop": 5.213115156745067,
      "halstead_difficulty": 53.36065573770492,
      "halstead_effort": 834525.7296002554,
      "halstead_timerequired": 46362.54053334752,
      "halstead_volume": 15639.345470235201,
      "lang": [
        "Python"
      ],
      "loc": 1,
      "operands_sum": 840,
      "operands_uniq": 244,
      "operators_sum": 1090,
      "operators_uniq": 31
    }
  },
  "overall": {
    "comment_ratio": 25.335775335775335,
    "cyclomatic_complexity": 22,
    "fanout_external": 9,
    "fanout_internal": 1,
    "halstead_bugprop": 5.213115156745067,
    "halstead_difficulty": 53.36065573770492,
    "halstead_effort": 834525.7296002554,
    "halstead_timerequired": 46362.54053334752,
    "halstead_volume": 15639.345470235201,
    "loc": 1,
    "maintainability_index": 100,
    "operands_sum": 840,
    "operands_uniq": 244,
    "operators_sum": 1090,
    "operators_uniq": 31,
    "pylint": 100.0,
    "tiobe": 84.79405310081317,
    "tiobe_compiler": 100.0,
    "tiobe_complexity": 0.6270206720877829,
    "tiobe_coverage": 100.0,
    "tiobe_duplication": 100.0,
    "tiobe_fanout": 94.0,
    "tiobe_functional": 100.0,
    "tiobe_security": 100.0,
    "tiobe_standard": 100.0
  },
  "stats": {
    "max": {
      "comment_ratio": 25.335775335775335,
      "cyclomatic_complexity": 22,
      "fanout_external": 9,
      "fanout_internal": 1,
      "halstead_bugprop": 5.213115156745067,
      "halstead_difficulty": 53.36065573770492,
      "halstead_effort": 834525.7296002554,
      "halstead_timerequired": 46362.54053334752,
      "halstead_volume": 15639.345470235201,
      "loc": 1,
      "operands_sum": 840,
      "operands_uniq": 244,
      "operators_sum": 1090,
      "operators_uniq": 31
    },
    "mean": {
      "comment_ratio": 25.335775335775335,
      "cyclomatic_complexity": 22,
      "fanout_external": 9,
      "fanout_internal": 1,
      "halstead_bugprop": 5.213115156745067,
      "halstead_difficulty": 53.36065573770492,
      "halstead_effort": 834525.7296002554,
      "halstead_timerequired": 46362.54053334752,
      "halstead_volume": 15639.345470235201,
      "loc": 1,
      "operands_sum": 840,
      "operands_uniq": 244,
      "operators_sum": 1090,
      "operators_uniq": 31
    },
    "median": {
      "comment_ratio": 25.335775335775335,
      "cyclomatic_complexity": 22,
      "fanout_external": 9,
      "fanout_internal": 1,
      "halstead_bugprop": 5.213115156745067,
      "halstead_difficulty": 53.36065573770492,
      "halstead_effort": 834525.7296002554,
      "halstead_timerequired": 46362.54053334752,
      "halstead_volume": 15639.345470235201,
      "loc": 1,
      "operands_sum": 840,
      "operands_uniq": 244,
      "operators_sum": 1090,
      "operators_uniq": 31
    },
    "min": {
      "comment_ratio": 25.335775335775335,
      "cyclomatic_complexity": 22,
      "fanout_external": 9,
      "fanout_internal": 1,
      "halstead_bugprop": 5.213115156745067,
      "halstead_difficulty": 53.36065573770492,
      "halstead_effort": 834525.7296002554,
      "halstead_timerequired": 46362.54053334752,
      "halstead_volume": 15639.345470235201,
      "loc": 1,
      "operands_sum": 840,
      "operands_uniq": 244,
      "operators_sum": 1090,
      "operators_uniq": 31
    }
  }
}
