{
  "files": {
    "/Users/lorraynereis/Documents/PUC /Engenharia de Sofware/7 Peri\u0301odo/TCC 1/plf-es-2022-2-tcci-5308100-pes-lorrayne-reis/Instrumentos/Codigos/Collect-repositories/Repositories/Cloned-repositories/pylot/tests/check_3d_2d_conversions.py": {
      "comment_ratio": 7.143840330350998,
      "cyclomatic_complexity": 4,
      "fanout_external": 13,
      "fanout_internal": 1,
      "halstead_bugprop": 2.2836487805967076,
      "halstead_difficulty": 36.800000000000004,
      "halstead_effort": 252114.82537787655,
      "halstead_timerequired": 14006.379187659808,
      "halstead_volume": 6850.9463417901225,
      "lang": [
        "Python"
      ],
      "loc": 1,
      "operands_sum": 432,
      "operands_uniq": 135,
      "operators_sum": 506,
      "operators_uniq": 23
    }
  },
  "overall": {
    "comment_ratio": 7.143840330350998,
    "cyclomatic_complexity": 4,
    "fanout_external": 13,
    "fanout_internal": 1,
    "halstead_bugprop": 2.2836487805967076,
    "halstead_difficulty": 36.800000000000004,
    "halstead_effort": 252114.82537787655,
    "halstead_timerequired": 14006.379187659808,
    "halstead_volume": 6850.9463417901225,
    "loc": 1,
    "maintainability_index": 100,
    "operands_sum": 432,
    "operands_uniq": 135,
    "operators_sum": 506,
    "operators_uniq": 23,
    "pylint": 100.0,
    "tiobe": 93.10733944954129,
    "tiobe_compiler": 100.0,
    "tiobe_complexity": 58.71559633027523,
    "tiobe_coverage": 100.0,
    "tiobe_duplication": 100.0,
    "tiobe_fanout": 86.0,
    "tiobe_functional": 100.0,
    "tiobe_security": 100.0,
    "tiobe_standard": 100.0
  },
  "stats": {
    "max": {
      "comment_ratio": 7.143840330350998,
      "cyclomatic_complexity": 4,
      "fanout_external": 13,
      "fanout_internal": 1,
      "halstead_bugprop": 2.2836487805967076,
      "halstead_difficulty": 36.800000000000004,
      "halstead_effort": 252114.82537787655,
      "halstead_timerequired": 14006.379187659808,
      "halstead_volume": 6850.9463417901225,
      "loc": 1,
      "operands_sum": 432,
      "operands_uniq": 135,
      "operators_sum": 506,
      "operators_uniq": 23
    },
    "mean": {
      "comment_ratio": 7.143840330350998,
      "cyclomatic_complexity": 4,
      "fanout_external": 13,
      "fanout_internal": 1,
      "halstead_bugprop": 2.2836487805967076,
      "halstead_difficulty": 36.800000000000004,
      "halstead_effort": 252114.82537787655,
      "halstead_timerequired": 14006.379187659808,
      "halstead_volume": 6850.9463417901225,
      "loc": 1,
      "operands_sum": 432,
      "operands_uniq": 135,
      "operators_sum": 506,
      "operators_uniq": 23
    },
    "median": {
      "comment_ratio": 7.143840330350998,
      "cyclomatic_complexity": 4,
      "fanout_external": 13,
      "fanout_internal": 1,
      "halstead_bugprop": 2.2836487805967076,
      "halstead_difficulty": 36.800000000000004,
      "halstead_effort": 252114.82537787655,
      "halstead_timerequired": 14006.379187659808,
      "halstead_volume": 6850.9463417901225,
      "loc": 1,
      "operands_sum": 432,
      "operands_uniq": 135,
      "operators_sum": 506,
      "operators_uniq": 23
    },
    "min": {
      "comment_ratio": 7.143840330350998,
      "cyclomatic_complexity": 4,
      "fanout_external": 13,
      "fanout_internal": 1,
      "halstead_bugprop": 2.2836487805967076,
      "halstead_difficulty": 36.800000000000004,
      "halstead_effort": 252114.82537787655,
      "halstead_timerequired": 14006.379187659808,
      "halstead_volume": 6850.9463417901225,
      "loc": 1,
      "operands_sum": 432,
      "operands_uniq": 135,
      "operators_sum": 506,
      "operators_uniq": 23
    }
  }
}
