{
  "files": {
    "/Users/lorraynereis/Documents/PUC /Engenharia de Sofware/7 Peri\u0301odo/TCC 1/plf-es-2022-2-tcci-5308100-pes-lorrayne-reis/Instrumentos/Codigos/Collect-repositories/Repositories/Cloned-repositories/l5kit/l5kit/l5kit/evaluation/chop_dataset.py": {
      "comment_ratio": 30.49317481285777,
      "cyclomatic_complexity": 6,
      "fanout_external": 11,
      "fanout_internal": 1,
      "halstead_bugprop": 1.112349515154449,
      "halstead_difficulty": 22.044444444444444,
      "halstead_effort": 73563.38126888088,
      "halstead_timerequired": 4086.854514937827,
      "halstead_volume": 3337.0485454633467,
      "lang": [
        "Python"
      ],
      "loc": 1,
      "operands_sum": 248,
      "operands_uniq": 90,
      "operators_sum": 248,
      "operators_uniq": 16
    }
  },
  "overall": {
    "comment_ratio": 30.49317481285777,
    "cyclomatic_complexity": 6,
    "fanout_external": 11,
    "fanout_internal": 1,
    "halstead_bugprop": 1.112349515154449,
    "halstead_difficulty": 22.044444444444444,
    "halstead_effort": 73563.38126888088,
    "halstead_timerequired": 4086.854514937827,
    "halstead_volume": 3337.0485454633467,
    "loc": 1,
    "maintainability_index": 100,
    "operands_sum": 248,
    "operands_uniq": 90,
    "operators_sum": 248,
    "operators_uniq": 16,
    "pylint": 100.0,
    "tiobe": 88.51673640167364,
    "tiobe_compiler": 100.0,
    "tiobe_complexity": 26.778242677824267,
    "tiobe_coverage": 100.0,
    "tiobe_duplication": 100.0,
    "tiobe_fanout": 90.0,
    "tiobe_functional": 100.0,
    "tiobe_security": 100.0,
    "tiobe_standard": 100.0
  },
  "stats": {
    "max": {
      "comment_ratio": 30.49317481285777,
      "cyclomatic_complexity": 6,
      "fanout_external": 11,
      "fanout_internal": 1,
      "halstead_bugprop": 1.112349515154449,
      "halstead_difficulty": 22.044444444444444,
      "halstead_effort": 73563.38126888088,
      "halstead_timerequired": 4086.854514937827,
      "halstead_volume": 3337.0485454633467,
      "loc": 1,
      "operands_sum": 248,
      "operands_uniq": 90,
      "operators_sum": 248,
      "operators_uniq": 16
    },
    "mean": {
      "comment_ratio": 30.49317481285777,
      "cyclomatic_complexity": 6,
      "fanout_external": 11,
      "fanout_internal": 1,
      "halstead_bugprop": 1.112349515154449,
      "halstead_difficulty": 22.044444444444444,
      "halstead_effort": 73563.38126888088,
      "halstead_timerequired": 4086.854514937827,
      "halstead_volume": 3337.0485454633467,
      "loc": 1,
      "operands_sum": 248,
      "operands_uniq": 90,
      "operators_sum": 248,
      "operators_uniq": 16
    },
    "median": {
      "comment_ratio": 30.49317481285777,
      "cyclomatic_complexity": 6,
      "fanout_external": 11,
      "fanout_internal": 1,
      "halstead_bugprop": 1.112349515154449,
      "halstead_difficulty": 22.044444444444444,
      "halstead_effort": 73563.38126888088,
      "halstead_timerequired": 4086.854514937827,
      "halstead_volume": 3337.0485454633467,
      "loc": 1,
      "operands_sum": 248,
      "operands_uniq": 90,
      "operators_sum": 248,
      "operators_uniq": 16
    },
    "min": {
      "comment_ratio": 30.49317481285777,
      "cyclomatic_complexity": 6,
      "fanout_external": 11,
      "fanout_internal": 1,
      "halstead_bugprop": 1.112349515154449,
      "halstead_difficulty": 22.044444444444444,
      "halstead_effort": 73563.38126888088,
      "halstead_timerequired": 4086.854514937827,
      "halstead_volume": 3337.0485454633467,
      "loc": 1,
      "operands_sum": 248,
      "operands_uniq": 90,
      "operators_sum": 248,
      "operators_uniq": 16
    }
  }
}
