{
  "files": {
    "/Users/lorraynereis/Documents/PUC /Engenharia de Sofware/7 Peri\u0301odo/TCC 1/plf-es-2022-2-tcci-5308100-pes-lorrayne-reis/Instrumentos/Codigos/Collect-repositories/Repositories/Cloned-repositories/PythonRobotics/Mapping/circle_fitting/circle_fitting.py": {
      "comment_ratio": 16.77762982689747,
      "cyclomatic_complexity": 18,
      "fanout_external": 7,
      "fanout_internal": 1,
      "halstead_bugprop": 2.1428012628897757,
      "halstead_difficulty": 37.41880341880342,
      "halstead_effort": 240543.1776649087,
      "halstead_timerequired": 13363.509870272705,
      "halstead_volume": 6428.403788669328,
      "lang": [
        "Python"
      ],
      "loc": 1,
      "operands_sum": 398,
      "operands_uniq": 117,
      "operators_sum": 505,
      "operators_uniq": 22
    }
  },
  "overall": {
    "comment_ratio": 16.77762982689747,
    "cyclomatic_complexity": 18,
    "fanout_external": 7,
    "fanout_internal": 1,
    "halstead_bugprop": 2.1428012628897757,
    "halstead_difficulty": 37.41880341880342,
    "halstead_effort": 240543.1776649087,
    "halstead_timerequired": 13363.509870272705,
    "halstead_volume": 6428.403788669328,
    "loc": 1,
    "maintainability_index": 100,
    "operands_sum": 398,
    "operands_uniq": 117,
    "operators_sum": 505,
    "operators_uniq": 22,
    "pylint": 100.0,
    "tiobe": 85.07281728172818,
    "tiobe_compiler": 100.0,
    "tiobe_complexity": 1.1521152115211521,
    "tiobe_coverage": 100.0,
    "tiobe_duplication": 100.0,
    "tiobe_fanout": 98.0,
    "tiobe_functional": 100.0,
    "tiobe_security": 100.0,
    "tiobe_standard": 100.0
  },
  "stats": {
    "max": {
      "comment_ratio": 16.77762982689747,
      "cyclomatic_complexity": 18,
      "fanout_external": 7,
      "fanout_internal": 1,
      "halstead_bugprop": 2.1428012628897757,
      "halstead_difficulty": 37.41880341880342,
      "halstead_effort": 240543.1776649087,
      "halstead_timerequired": 13363.509870272705,
      "halstead_volume": 6428.403788669328,
      "loc": 1,
      "operands_sum": 398,
      "operands_uniq": 117,
      "operators_sum": 505,
      "operators_uniq": 22
    },
    "mean": {
      "comment_ratio": 16.77762982689747,
      "cyclomatic_complexity": 18,
      "fanout_external": 7,
      "fanout_internal": 1,
      "halstead_bugprop": 2.1428012628897757,
      "halstead_difficulty": 37.41880341880342,
      "halstead_effort": 240543.1776649087,
      "halstead_timerequired": 13363.509870272705,
      "halstead_volume": 6428.403788669328,
      "loc": 1,
      "operands_sum": 398,
      "operands_uniq": 117,
      "operators_sum": 505,
      "operators_uniq": 22
    },
    "median": {
      "comment_ratio": 16.77762982689747,
      "cyclomatic_complexity": 18,
      "fanout_external": 7,
      "fanout_internal": 1,
      "halstead_bugprop": 2.1428012628897757,
      "halstead_difficulty": 37.41880341880342,
      "halstead_effort": 240543.1776649087,
      "halstead_timerequired": 13363.509870272705,
      "halstead_volume": 6428.403788669328,
      "loc": 1,
      "operands_sum": 398,
      "operands_uniq": 117,
      "operators_sum": 505,
      "operators_uniq": 22
    },
    "min": {
      "comment_ratio": 16.77762982689747,
      "cyclomatic_complexity": 18,
      "fanout_external": 7,
      "fanout_internal": 1,
      "halstead_bugprop": 2.1428012628897757,
      "halstead_difficulty": 37.41880341880342,
      "halstead_effort": 240543.1776649087,
      "halstead_timerequired": 13363.509870272705,
      "halstead_volume": 6428.403788669328,
      "loc": 1,
      "operands_sum": 398,
      "operands_uniq": 117,
      "operators_sum": 505,
      "operators_uniq": 22
    }
  }
}
