{
  "files": {
    "/Users/lorraynereis/Documents/PUC /Engenharia de Sofware/7 Peri\u0301odo/TCC 1/plf-es-2022-2-tcci-5308100-pes-lorrayne-reis/Instrumentos/Codigos/Collect-repositories/Repositories/Cloned-repositories/l5kit/l5kit/l5kit/planning/vectorized/closed_loop_model.py": {
      "comment_ratio": 28.903298917149332,
      "cyclomatic_complexity": 16,
      "fanout_external": 4,
      "fanout_internal": 1,
      "halstead_bugprop": 4.475562225500465,
      "halstead_difficulty": 68.73972602739725,
      "halstead_effort": 922946.7635984108,
      "halstead_timerequired": 51274.82019991171,
      "halstead_volume": 13426.686676501393,
      "lang": [
        "Python"
      ],
      "loc": 1,
      "operands_sum": 772,
      "operands_uniq": 146,
      "operators_sum": 1036,
      "operators_uniq": 26
    }
  },
  "overall": {
    "comment_ratio": 28.903298917149332,
    "cyclomatic_complexity": 16,
    "fanout_external": 4,
    "fanout_internal": 1,
    "halstead_bugprop": 4.475562225500465,
    "halstead_difficulty": 68.73972602739725,
    "halstead_effort": 922946.7635984108,
    "halstead_timerequired": 51274.82019991171,
    "halstead_volume": 13426.686676501393,
    "loc": 1,
    "maintainability_index": 100,
    "operands_sum": 772,
    "operands_uniq": 146,
    "operators_sum": 1036,
    "operators_uniq": 26,
    "pylint": 100.0,
    "tiobe": 85.24685008999742,
    "tiobe_compiler": 100.0,
    "tiobe_complexity": 1.6456672666495242,
    "tiobe_coverage": 100.0,
    "tiobe_duplication": 100.0,
    "tiobe_fanout": 100.0,
    "tiobe_functional": 100.0,
    "tiobe_security": 100.0,
    "tiobe_standard": 100.0
  },
  "stats": {
    "max": {
      "comment_ratio": 28.903298917149332,
      "cyclomatic_complexity": 16,
      "fanout_external": 4,
      "fanout_internal": 1,
      "halstead_bugprop": 4.475562225500465,
      "halstead_difficulty": 68.73972602739725,
      "halstead_effort": 922946.7635984108,
      "halstead_timerequired": 51274.82019991171,
      "halstead_volume": 13426.686676501393,
      "loc": 1,
      "operands_sum": 772,
      "operands_uniq": 146,
      "operators_sum": 1036,
      "operators_uniq": 26
    },
    "mean": {
      "comment_ratio": 28.903298917149332,
      "cyclomatic_complexity": 16,
      "fanout_external": 4,
      "fanout_internal": 1,
      "halstead_bugprop": 4.475562225500465,
      "halstead_difficulty": 68.73972602739725,
      "halstead_effort": 922946.7635984108,
      "halstead_timerequired": 51274.82019991171,
      "halstead_volume": 13426.686676501393,
      "loc": 1,
      "operands_sum": 772,
      "operands_uniq": 146,
      "operators_sum": 1036,
      "operators_uniq": 26
    },
    "median": {
      "comment_ratio": 28.903298917149332,
      "cyclomatic_complexity": 16,
      "fanout_external": 4,
      "fanout_internal": 1,
      "halstead_bugprop": 4.475562225500465,
      "halstead_difficulty": 68.73972602739725,
      "halstead_effort": 922946.7635984108,
      "halstead_timerequired": 51274.82019991171,
      "halstead_volume": 13426.686676501393,
      "loc": 1,
      "operands_sum": 772,
      "operands_uniq": 146,
      "operators_sum": 1036,
      "operators_uniq": 26
    },
    "min": {
      "comment_ratio": 28.903298917149332,
      "cyclomatic_complexity": 16,
      "fanout_external": 4,
      "fanout_internal": 1,
      "halstead_bugprop": 4.475562225500465,
      "halstead_difficulty": 68.73972602739725,
      "halstead_effort": 922946.7635984108,
      "halstead_timerequired": 51274.82019991171,
      "halstead_volume": 13426.686676501393,
      "loc": 1,
      "operands_sum": 772,
      "operands_uniq": 146,
      "operators_sum": 1036,
      "operators_uniq": 26
    }
  }
}
