{
  "files": {
    "/Users/lorraynereis/Documents/PUC /Engenharia de Sofware/7 Peri\u0301odo/TCC 1/plf-es-2022-2-tcci-5308100-pes-lorrayne-reis/Instrumentos/Codigos/Collect-repositories/Repositories/Cloned-repositories/l5kit/l5kit/l5kit/tests/planning/closed_loop_model_test.py": {
      "comment_ratio": 12.08030460366909,
      "cyclomatic_complexity": 0,
      "fanout_external": 9,
      "fanout_internal": 1,
      "halstead_bugprop": 0.8913709919179515,
      "halstead_difficulty": 36.666666666666664,
      "halstead_effort": 98050.80911097466,
      "halstead_timerequired": 5447.267172831926,
      "halstead_volume": 2674.1129757538547,
      "lang": [
        "Python"
      ],
      "loc": 1,
      "operands_sum": 220,
      "operands_uniq": 57,
      "operators_sum": 208,
      "operators_uniq": 19
    }
  },
  "overall": {
    "comment_ratio": 12.08030460366909,
    "cyclomatic_complexity": 0,
    "fanout_external": 9,
    "fanout_internal": 1,
    "halstead_bugprop": 0.8913709919179515,
    "halstead_difficulty": 36.666666666666664,
    "halstead_effort": 98050.80911097466,
    "halstead_timerequired": 5447.267172831926,
    "halstead_volume": 2674.1129757538547,
    "loc": 1,
    "maintainability_index": 100,
    "operands_sum": 220,
    "operands_uniq": 57,
    "operators_sum": 208,
    "operators_uniq": 19,
    "pylint": 100.0,
    "tiobe": 99.46923076923078,
    "tiobe_compiler": 100.0,
    "tiobe_complexity": 98.46153846153847,
    "tiobe_coverage": 100.0,
    "tiobe_duplication": 100.0,
    "tiobe_fanout": 94.0,
    "tiobe_functional": 100.0,
    "tiobe_security": 100.0,
    "tiobe_standard": 100.0
  },
  "stats": {
    "max": {
      "comment_ratio": 12.08030460366909,
      "cyclomatic_complexity": 0,
      "fanout_external": 9,
      "fanout_internal": 1,
      "halstead_bugprop": 0.8913709919179515,
      "halstead_difficulty": 36.666666666666664,
      "halstead_effort": 98050.80911097466,
      "halstead_timerequired": 5447.267172831926,
      "halstead_volume": 2674.1129757538547,
      "loc": 1,
      "operands_sum": 220,
      "operands_uniq": 57,
      "operators_sum": 208,
      "operators_uniq": 19
    },
    "mean": {
      "comment_ratio": 12.08030460366909,
      "cyclomatic_complexity": 0,
      "fanout_external": 9,
      "fanout_internal": 1,
      "halstead_bugprop": 0.8913709919179515,
      "halstead_difficulty": 36.666666666666664,
      "halstead_effort": 98050.80911097466,
      "halstead_timerequired": 5447.267172831926,
      "halstead_volume": 2674.1129757538547,
      "loc": 1,
      "operands_sum": 220,
      "operands_uniq": 57,
      "operators_sum": 208,
      "operators_uniq": 19
    },
    "median": {
      "comment_ratio": 12.08030460366909,
      "cyclomatic_complexity": 0,
      "fanout_external": 9,
      "fanout_internal": 1,
      "halstead_bugprop": 0.8913709919179515,
      "halstead_difficulty": 36.666666666666664,
      "halstead_effort": 98050.80911097466,
      "halstead_timerequired": 5447.267172831926,
      "halstead_volume": 2674.1129757538547,
      "loc": 1,
      "operands_sum": 220,
      "operands_uniq": 57,
      "operators_sum": 208,
      "operators_uniq": 19
    },
    "min": {
      "comment_ratio": 12.08030460366909,
      "cyclomatic_complexity": 0,
      "fanout_external": 9,
      "fanout_internal": 1,
      "halstead_bugprop": 0.8913709919179515,
      "halstead_difficulty": 36.666666666666664,
      "halstead_effort": 98050.80911097466,
      "halstead_timerequired": 5447.267172831926,
      "halstead_volume": 2674.1129757538547,
      "loc": 1,
      "operands_sum": 220,
      "operands_uniq": 57,
      "operators_sum": 208,
      "operators_uniq": 19
    }
  }
}
