{
  "files": {
    "/Users/lorraynereis/Documents/PUC /Engenharia de Sofware/7 Peri\u0301odo/TCC 1/plf-es-2022-2-tcci-5308100-pes-lorrayne-reis/Instrumentos/Codigos/Collect-repositories/Repositories/Cloned-repositories/l5kit/l5kit/l5kit/cle/closed_loop_evaluator.py": {
      "comment_ratio": 33.13065288439614,
      "cyclomatic_complexity": 26,
      "fanout_external": 9,
      "fanout_internal": 1,
      "halstead_bugprop": 2.4320622709967137,
      "halstead_difficulty": 86.09677419354838,
      "halstead_effort": 628178.1485119576,
      "halstead_timerequired": 34898.78602844209,
      "halstead_volume": 7296.18681299014,
      "lang": [
        "Python"
      ],
      "loc": 1,
      "operands_sum": 471,
      "operands_uniq": 93,
      "operators_sum": 573,
      "operators_uniq": 34
    }
  },
  "overall": {
    "comment_ratio": 33.13065288439614,
    "cyclomatic_complexity": 26,
    "fanout_external": 9,
    "fanout_internal": 1,
    "halstead_bugprop": 2.4320622709967137,
    "halstead_difficulty": 86.09677419354838,
    "halstead_effort": 628178.1485119576,
    "halstead_timerequired": 34898.78602844209,
    "halstead_volume": 7296.18681299014,
    "loc": 1,
    "maintainability_index": 100,
    "operands_sum": 471,
    "operands_uniq": 93,
    "operators_sum": 573,
    "operators_uniq": 34,
    "pylint": 100.0,
    "tiobe": 84.75667394769467,
    "tiobe_compiler": 100.0,
    "tiobe_complexity": 0.3778263179644607,
    "tiobe_coverage": 100.0,
    "tiobe_duplication": 100.0,
    "tiobe_fanout": 94.0,
    "tiobe_functional": 100.0,
    "tiobe_security": 100.0,
    "tiobe_standard": 100.0
  },
  "stats": {
    "max": {
      "comment_ratio": 33.13065288439614,
      "cyclomatic_complexity": 26,
      "fanout_external": 9,
      "fanout_internal": 1,
      "halstead_bugprop": 2.4320622709967137,
      "halstead_difficulty": 86.09677419354838,
      "halstead_effort": 628178.1485119576,
      "halstead_timerequired": 34898.78602844209,
      "halstead_volume": 7296.18681299014,
      "loc": 1,
      "operands_sum": 471,
      "operands_uniq": 93,
      "operators_sum": 573,
      "operators_uniq": 34
    },
    "mean": {
      "comment_ratio": 33.13065288439614,
      "cyclomatic_complexity": 26,
      "fanout_external": 9,
      "fanout_internal": 1,
      "halstead_bugprop": 2.4320622709967137,
      "halstead_difficulty": 86.09677419354838,
      "halstead_effort": 628178.1485119576,
      "halstead_timerequired": 34898.78602844209,
      "halstead_volume": 7296.18681299014,
      "loc": 1,
      "operands_sum": 471,
      "operands_uniq": 93,
      "operators_sum": 573,
      "operators_uniq": 34
    },
    "median": {
      "comment_ratio": 33.13065288439614,
      "cyclomatic_complexity": 26,
      "fanout_external": 9,
      "fanout_internal": 1,
      "halstead_bugprop": 2.4320622709967137,
      "halstead_difficulty": 86.09677419354838,
      "halstead_effort": 628178.1485119576,
      "halstead_timerequired": 34898.78602844209,
      "halstead_volume": 7296.18681299014,
      "loc": 1,
      "operands_sum": 471,
      "operands_uniq": 93,
      "operators_sum": 573,
      "operators_uniq": 34
    },
    "min": {
      "comment_ratio": 33.13065288439614,
      "cyclomatic_complexity": 26,
      "fanout_external": 9,
      "fanout_internal": 1,
      "halstead_bugprop": 2.4320622709967137,
      "halstead_difficulty": 86.09677419354838,
      "halstead_effort": 628178.1485119576,
      "halstead_timerequired": 34898.78602844209,
      "halstead_volume": 7296.18681299014,
      "loc": 1,
      "operands_sum": 471,
      "operands_uniq": 93,
      "operators_sum": 573,
      "operators_uniq": 34
    }
  }
}
