{
  "files": {
    "/Users/lorraynereis/Documents/PUC /Engenharia de Sofware/7 Peri\u0301odo/TCC 1/plf-es-2022-2-tcci-5308100-pes-lorrayne-reis/Instrumentos/Codigos/Collect-repositories/Repositories/Cloned-repositories/PythonRobotics/PathPlanning/ClosedLoopRRTStar/closed_loop_rrt_star_car.py": {
      "comment_ratio": 6.878817100610736,
      "cyclomatic_complexity": 19,
      "fanout_external": 11,
      "fanout_internal": 1,
      "halstead_bugprop": 2.9565038251902043,
      "halstead_difficulty": 46.19932432432432,
      "halstead_effort": 409765.4372582031,
      "halstead_timerequired": 22764.746514344617,
      "halstead_volume": 8869.511475570613,
      "lang": [
        "Python"
      ],
      "loc": 1,
      "operands_sum": 547,
      "operands_uniq": 148,
      "operators_sum": 646,
      "operators_uniq": 25
    }
  },
  "overall": {
    "comment_ratio": 6.878817100610736,
    "cyclomatic_complexity": 19,
    "fanout_external": 11,
    "fanout_internal": 1,
    "halstead_bugprop": 2.9565038251902043,
    "halstead_difficulty": 46.19932432432432,
    "halstead_effort": 409765.4372582031,
    "halstead_timerequired": 22764.746514344617,
    "halstead_volume": 8869.511475570613,
    "loc": 1,
    "maintainability_index": 100,
    "operands_sum": 547,
    "operands_uniq": 148,
    "operators_sum": 646,
    "operators_uniq": 25,
    "pylint": 100.0,
    "tiobe": 84.64669926650367,
    "tiobe_compiler": 100.0,
    "tiobe_complexity": 0.9779951100244498,
    "tiobe_coverage": 100.0,
    "tiobe_duplication": 100.0,
    "tiobe_fanout": 90.0,
    "tiobe_functional": 100.0,
    "tiobe_security": 100.0,
    "tiobe_standard": 100.0
  },
  "stats": {
    "max": {
      "comment_ratio": 6.878817100610736,
      "cyclomatic_complexity": 19,
      "fanout_external": 11,
      "fanout_internal": 1,
      "halstead_bugprop": 2.9565038251902043,
      "halstead_difficulty": 46.19932432432432,
      "halstead_effort": 409765.4372582031,
      "halstead_timerequired": 22764.746514344617,
      "halstead_volume": 8869.511475570613,
      "loc": 1,
      "operands_sum": 547,
      "operands_uniq": 148,
      "operators_sum": 646,
      "operators_uniq": 25
    },
    "mean": {
      "comment_ratio": 6.878817100610736,
      "cyclomatic_complexity": 19,
      "fanout_external": 11,
      "fanout_internal": 1,
      "halstead_bugprop": 2.9565038251902043,
      "halstead_difficulty": 46.19932432432432,
      "halstead_effort": 409765.4372582031,
      "halstead_timerequired": 22764.746514344617,
      "halstead_volume": 8869.511475570613,
      "loc": 1,
      "operands_sum": 547,
      "operands_uniq": 148,
      "operators_sum": 646,
      "operators_uniq": 25
    },
    "median": {
      "comment_ratio": 6.878817100610736,
      "cyclomatic_complexity": 19,
      "fanout_external": 11,
      "fanout_internal": 1,
      "halstead_bugprop": 2.9565038251902043,
      "halstead_difficulty": 46.19932432432432,
      "halstead_effort": 409765.4372582031,
      "halstead_timerequired": 22764.746514344617,
      "halstead_volume": 8869.511475570613,
      "loc": 1,
      "operands_sum": 547,
      "operands_uniq": 148,
      "operators_sum": 646,
      "operators_uniq": 25
    },
    "min": {
      "comment_ratio": 6.878817100610736,
      "cyclomatic_complexity": 19,
      "fanout_external": 11,
      "fanout_internal": 1,
      "halstead_bugprop": 2.9565038251902043,
      "halstead_difficulty": 46.19932432432432,
      "halstead_effort": 409765.4372582031,
      "halstead_timerequired": 22764.746514344617,
      "halstead_volume": 8869.511475570613,
      "loc": 1,
      "operands_sum": 547,
      "operands_uniq": 148,
      "operators_sum": 646,
      "operators_uniq": 25
    }
  }
}
