{
  "files": {
    "/Users/lorraynereis/Documents/PUC /Engenharia de Sofware/7 Peri\u0301odo/TCC 1/plf-es-2022-2-tcci-5308100-pes-lorrayne-reis/Instrumentos/Codigos/Collect-repositories/Repositories/Cloned-repositories/PythonRobotics/PathPlanning/ClothoidPath/clothoid_path_planner.py": {
      "comment_ratio": 20.306513409961685,
      "cyclomatic_complexity": 4,
      "fanout_external": 10,
      "fanout_internal": 1,
      "halstead_bugprop": 2.1122126211619845,
      "halstead_difficulty": 46.284000000000006,
      "halstead_effort": 293284.94687358395,
      "halstead_timerequired": 16293.608159643552,
      "halstead_volume": 6336.637863485954,
      "lang": [
        "Python"
      ],
      "loc": 1,
      "operands_sum": 399,
      "operands_uniq": 125,
      "operators_sum": 473,
      "operators_uniq": 29
    }
  },
  "overall": {
    "comment_ratio": 20.306513409961685,
    "cyclomatic_complexity": 4,
    "fanout_external": 10,
    "fanout_internal": 1,
    "halstead_bugprop": 2.1122126211619845,
    "halstead_difficulty": 46.284000000000006,
    "halstead_effort": 293284.94687358395,
    "halstead_timerequired": 16293.608159643552,
    "halstead_volume": 6336.637863485954,
    "loc": 1,
    "maintainability_index": 100,
    "operands_sum": 399,
    "operands_uniq": 125,
    "operators_sum": 473,
    "operators_uniq": 29,
    "pylint": 100.0,
    "tiobe": 93.40733944954128,
    "tiobe_compiler": 100.0,
    "tiobe_complexity": 58.71559633027523,
    "tiobe_coverage": 100.0,
    "tiobe_duplication": 100.0,
    "tiobe_fanout": 92.0,
    "tiobe_functional": 100.0,
    "tiobe_security": 100.0,
    "tiobe_standard": 100.0
  },
  "stats": {
    "max": {
      "comment_ratio": 20.306513409961685,
      "cyclomatic_complexity": 4,
      "fanout_external": 10,
      "fanout_internal": 1,
      "halstead_bugprop": 2.1122126211619845,
      "halstead_difficulty": 46.284000000000006,
      "halstead_effort": 293284.94687358395,
      "halstead_timerequired": 16293.608159643552,
      "halstead_volume": 6336.637863485954,
      "loc": 1,
      "operands_sum": 399,
      "operands_uniq": 125,
      "operators_sum": 473,
      "operators_uniq": 29
    },
    "mean": {
      "comment_ratio": 20.306513409961685,
      "cyclomatic_complexity": 4,
      "fanout_external": 10,
      "fanout_internal": 1,
      "halstead_bugprop": 2.1122126211619845,
      "halstead_difficulty": 46.284000000000006,
      "halstead_effort": 293284.94687358395,
      "halstead_timerequired": 16293.608159643552,
      "halstead_volume": 6336.637863485954,
      "loc": 1,
      "operands_sum": 399,
      "operands_uniq": 125,
      "operators_sum": 473,
      "operators_uniq": 29
    },
    "median": {
      "comment_ratio": 20.306513409961685,
      "cyclomatic_complexity": 4,
      "fanout_external": 10,
      "fanout_internal": 1,
      "halstead_bugprop": 2.1122126211619845,
      "halstead_difficulty": 46.284000000000006,
      "halstead_effort": 293284.94687358395,
      "halstead_timerequired": 16293.608159643552,
      "halstead_volume": 6336.637863485954,
      "loc": 1,
      "operands_sum": 399,
      "operands_uniq": 125,
      "operators_sum": 473,
      "operators_uniq": 29
    },
    "min": {
      "comment_ratio": 20.306513409961685,
      "cyclomatic_complexity": 4,
      "fanout_external": 10,
      "fanout_internal": 1,
      "halstead_bugprop": 2.1122126211619845,
      "halstead_difficulty": 46.284000000000006,
      "halstead_effort": 293284.94687358395,
      "halstead_timerequired": 16293.608159643552,
      "halstead_volume": 6336.637863485954,
      "loc": 1,
      "operands_sum": 399,
      "operands_uniq": 125,
      "operators_sum": 473,
      "operators_uniq": 29
    }
  }
}
