{
  "files": {
    "/Users/lorraynereis/Documents/PUC /Engenharia de Sofware/7 Peri\u0301odo/TCC 1/plf-es-2022-2-tcci-5308100-pes-lorrayne-reis/Instrumentos/Codigos/Collect-repositories/Repositories/Cloned-repositories/l5kit/l5kit/l5kit/data/combine.py": {
      "comment_ratio": 26.266036461850103,
      "cyclomatic_complexity": 4,
      "fanout_external": 3,
      "fanout_internal": 1,
      "halstead_bugprop": 0.37160767341486506,
      "halstead_difficulty": 36.13636363636364,
      "halstead_effort": 40285.65004974788,
      "halstead_timerequired": 2238.091669430438,
      "halstead_volume": 1114.8230202445952,
      "lang": [
        "Python"
      ],
      "loc": 1,
      "operands_sum": 106,
      "operands_uniq": 22,
      "operators_sum": 108,
      "operators_uniq": 15
    }
  },
  "overall": {
    "comment_ratio": 26.266036461850103,
    "cyclomatic_complexity": 4,
    "fanout_external": 3,
    "fanout_internal": 1,
    "halstead_bugprop": 0.37160767341486506,
    "halstead_difficulty": 36.13636363636364,
    "halstead_effort": 40285.65004974788,
    "halstead_timerequired": 2238.091669430438,
    "halstead_volume": 1114.8230202445952,
    "loc": 1,
    "maintainability_index": 100,
    "operands_sum": 106,
    "operands_uniq": 22,
    "operators_sum": 108,
    "operators_uniq": 15,
    "pylint": 100.0,
    "tiobe": 93.80733944954129,
    "tiobe_compiler": 100.0,
    "tiobe_complexity": 58.71559633027523,
    "tiobe_coverage": 100.0,
    "tiobe_duplication": 100.0,
    "tiobe_fanout": 100.0,
    "tiobe_functional": 100.0,
    "tiobe_security": 100.0,
    "tiobe_standard": 100.0
  },
  "stats": {
    "max": {
      "comment_ratio": 26.266036461850103,
      "cyclomatic_complexity": 4,
      "fanout_external": 3,
      "fanout_internal": 1,
      "halstead_bugprop": 0.37160767341486506,
      "halstead_difficulty": 36.13636363636364,
      "halstead_effort": 40285.65004974788,
      "halstead_timerequired": 2238.091669430438,
      "halstead_volume": 1114.8230202445952,
      "loc": 1,
      "operands_sum": 106,
      "operands_uniq": 22,
      "operators_sum": 108,
      "operators_uniq": 15
    },
    "mean": {
      "comment_ratio": 26.266036461850103,
      "cyclomatic_complexity": 4,
      "fanout_external": 3,
      "fanout_internal": 1,
      "halstead_bugprop": 0.37160767341486506,
      "halstead_difficulty": 36.13636363636364,
      "halstead_effort": 40285.65004974788,
      "halstead_timerequired": 2238.091669430438,
      "halstead_volume": 1114.8230202445952,
      "loc": 1,
      "operands_sum": 106,
      "operands_uniq": 22,
      "operators_sum": 108,
      "operators_uniq": 15
    },
    "median": {
      "comment_ratio": 26.266036461850103,
      "cyclomatic_complexity": 4,
      "fanout_external": 3,
      "fanout_internal": 1,
      "halstead_bugprop": 0.37160767341486506,
      "halstead_difficulty": 36.13636363636364,
      "halstead_effort": 40285.65004974788,
      "halstead_timerequired": 2238.091669430438,
      "halstead_volume": 1114.8230202445952,
      "loc": 1,
      "operands_sum": 106,
      "operands_uniq": 22,
      "operators_sum": 108,
      "operators_uniq": 15
    },
    "min": {
      "comment_ratio": 26.266036461850103,
      "cyclomatic_complexity": 4,
      "fanout_external": 3,
      "fanout_internal": 1,
      "halstead_bugprop": 0.37160767341486506,
      "halstead_difficulty": 36.13636363636364,
      "halstead_effort": 40285.65004974788,
      "halstead_timerequired": 2238.091669430438,
      "halstead_volume": 1114.8230202445952,
      "loc": 1,
      "operands_sum": 106,
      "operands_uniq": 22,
      "operators_sum": 108,
      "operators_uniq": 15
    }
  }
}
