{
  "files": {
    "/Users/lorraynereis/Documents/PUC /Engenharia de Sofware/7 Peri\u0301odo/TCC 1/plf-es-2022-2-tcci-5308100-pes-lorrayne-reis/Instrumentos/Codigos/Collect-repositories/Repositories/Cloned-repositories/l5kit/l5kit/l5kit/tests/data/combine_test.py": {
      "comment_ratio": 6.186793575252826,
      "cyclomatic_complexity": 0,
      "fanout_external": 4,
      "fanout_internal": 1,
      "halstead_bugprop": 0.6236541459138625,
      "halstead_difficulty": 44.96774193548387,
      "halstead_effort": 84132.95607134751,
      "halstead_timerequired": 4674.053115074861,
      "halstead_volume": 1870.9624377415873,
      "lang": [
        "Python"
      ],
      "loc": 1,
      "operands_sum": 164,
      "operands_uniq": 31,
      "operators_sum": 171,
      "operators_uniq": 17
    }
  },
  "overall": {
    "comment_ratio": 6.186793575252826,
    "cyclomatic_complexity": 0,
    "fanout_external": 4,
    "fanout_internal": 1,
    "halstead_bugprop": 0.6236541459138625,
    "halstead_difficulty": 44.96774193548387,
    "halstead_effort": 84132.95607134751,
    "halstead_timerequired": 4674.053115074861,
    "halstead_volume": 1870.9624377415873,
    "loc": 1,
    "maintainability_index": 100,
    "operands_sum": 164,
    "operands_uniq": 31,
    "operators_sum": 171,
    "operators_uniq": 17,
    "pylint": 100.0,
    "tiobe": 99.76923076923077,
    "tiobe_compiler": 100.0,
    "tiobe_complexity": 98.46153846153847,
    "tiobe_coverage": 100.0,
    "tiobe_duplication": 100.0,
    "tiobe_fanout": 100.0,
    "tiobe_functional": 100.0,
    "tiobe_security": 100.0,
    "tiobe_standard": 100.0
  },
  "stats": {
    "max": {
      "comment_ratio": 6.186793575252826,
      "cyclomatic_complexity": 0,
      "fanout_external": 4,
      "fanout_internal": 1,
      "halstead_bugprop": 0.6236541459138625,
      "halstead_difficulty": 44.96774193548387,
      "halstead_effort": 84132.95607134751,
      "halstead_timerequired": 4674.053115074861,
      "halstead_volume": 1870.9624377415873,
      "loc": 1,
      "operands_sum": 164,
      "operands_uniq": 31,
      "operators_sum": 171,
      "operators_uniq": 17
    },
    "mean": {
      "comment_ratio": 6.186793575252826,
      "cyclomatic_complexity": 0,
      "fanout_external": 4,
      "fanout_internal": 1,
      "halstead_bugprop": 0.6236541459138625,
      "halstead_difficulty": 44.96774193548387,
      "halstead_effort": 84132.95607134751,
      "halstead_timerequired": 4674.053115074861,
      "halstead_volume": 1870.9624377415873,
      "loc": 1,
      "operands_sum": 164,
      "operands_uniq": 31,
      "operators_sum": 171,
      "operators_uniq": 17
    },
    "median": {
      "comment_ratio": 6.186793575252826,
      "cyclomatic_complexity": 0,
      "fanout_external": 4,
      "fanout_internal": 1,
      "halstead_bugprop": 0.6236541459138625,
      "halstead_difficulty": 44.96774193548387,
      "halstead_effort": 84132.95607134751,
      "halstead_timerequired": 4674.053115074861,
      "halstead_volume": 1870.9624377415873,
      "loc": 1,
      "operands_sum": 164,
      "operands_uniq": 31,
      "operators_sum": 171,
      "operators_uniq": 17
    },
    "min": {
      "comment_ratio": 6.186793575252826,
      "cyclomatic_complexity": 0,
      "fanout_external": 4,
      "fanout_internal": 1,
      "halstead_bugprop": 0.6236541459138625,
      "halstead_difficulty": 44.96774193548387,
      "halstead_effort": 84132.95607134751,
      "halstead_timerequired": 4674.053115074861,
      "halstead_volume": 1870.9624377415873,
      "loc": 1,
      "operands_sum": 164,
      "operands_uniq": 31,
      "operators_sum": 171,
      "operators_uniq": 17
    }
  }
}
