{
  "files": {
    "/Users/lorraynereis/Documents/PUC /Engenharia de Sofware/7 Peri\u0301odo/TCC 1/plf-es-2022-2-tcci-5308100-pes-lorrayne-reis/Instrumentos/Codigos/Collect-repositories/Repositories/Cloned-repositories/l5kit/l5kit/l5kit/planning/vectorized/common.py": {
      "comment_ratio": 40.333333333333336,
      "cyclomatic_complexity": 0,
      "fanout_external": 4,
      "fanout_internal": 0,
      "halstead_bugprop": 1.5214442833844688,
      "halstead_difficulty": 43.53521126760563,
      "halstead_effort": 198709.19492710108,
      "halstead_timerequired": 11039.399718172283,
      "halstead_volume": 4564.332850153406,
      "lang": [
        "Python"
      ],
      "loc": 1,
      "operands_sum": 281,
      "operands_uniq": 71,
      "operators_sum": 417,
      "operators_uniq": 22
    }
  },
  "overall": {
    "comment_ratio": 40.333333333333336,
    "cyclomatic_complexity": 0,
    "fanout_external": 4,
    "fanout_internal": 0,
    "halstead_bugprop": 1.5214442833844688,
    "halstead_difficulty": 43.53521126760563,
    "halstead_effort": 198709.19492710108,
    "halstead_timerequired": 11039.399718172283,
    "halstead_volume": 4564.332850153406,
    "loc": 1,
    "maintainability_index": 100,
    "operands_sum": 281,
    "operands_uniq": 71,
    "operators_sum": 417,
    "operators_uniq": 22,
    "pylint": 100.0,
    "tiobe": 99.76923076923077,
    "tiobe_compiler": 100.0,
    "tiobe_complexity": 98.46153846153847,
    "tiobe_coverage": 100.0,
    "tiobe_duplication": 100.0,
    "tiobe_fanout": 100.0,
    "tiobe_functional": 100.0,
    "tiobe_security": 100.0,
    "tiobe_standard": 100.0
  },
  "stats": {
    "max": {
      "comment_ratio": 40.333333333333336,
      "cyclomatic_complexity": 0,
      "fanout_external": 4,
      "fanout_internal": 0,
      "halstead_bugprop": 1.5214442833844688,
      "halstead_difficulty": 43.53521126760563,
      "halstead_effort": 198709.19492710108,
      "halstead_timerequired": 11039.399718172283,
      "halstead_volume": 4564.332850153406,
      "loc": 1,
      "operands_sum": 281,
      "operands_uniq": 71,
      "operators_sum": 417,
      "operators_uniq": 22
    },
    "mean": {
      "comment_ratio": 40.333333333333336,
      "cyclomatic_complexity": 0,
      "fanout_external": 4,
      "fanout_internal": 0,
      "halstead_bugprop": 1.5214442833844688,
      "halstead_difficulty": 43.53521126760563,
      "halstead_effort": 198709.19492710108,
      "halstead_timerequired": 11039.399718172283,
      "halstead_volume": 4564.332850153406,
      "loc": 1,
      "operands_sum": 281,
      "operands_uniq": 71,
      "operators_sum": 417,
      "operators_uniq": 22
    },
    "median": {
      "comment_ratio": 40.333333333333336,
      "cyclomatic_complexity": 0,
      "fanout_external": 4,
      "fanout_internal": 0,
      "halstead_bugprop": 1.5214442833844688,
      "halstead_difficulty": 43.53521126760563,
      "halstead_effort": 198709.19492710108,
      "halstead_timerequired": 11039.399718172283,
      "halstead_volume": 4564.332850153406,
      "loc": 1,
      "operands_sum": 281,
      "operands_uniq": 71,
      "operators_sum": 417,
      "operators_uniq": 22
    },
    "min": {
      "comment_ratio": 40.333333333333336,
      "cyclomatic_complexity": 0,
      "fanout_external": 4,
      "fanout_internal": 0,
      "halstead_bugprop": 1.5214442833844688,
      "halstead_difficulty": 43.53521126760563,
      "halstead_effort": 198709.19492710108,
      "halstead_timerequired": 11039.399718172283,
      "halstead_volume": 4564.332850153406,
      "loc": 1,
      "operands_sum": 281,
      "operands_uniq": 71,
      "operators_sum": 417,
      "operators_uniq": 22
    }
  }
}
