{
  "files": {
    "/Users/lorraynereis/Documents/PUC /Engenharia de Sofware/7 Peri\u0301odo/TCC 1/plf-es-2022-2-tcci-5308100-pes-lorrayne-reis/Instrumentos/Codigos/Collect-repositories/Repositories/Cloned-repositories/pylot/scripts/compute_decay.py": {
      "comment_ratio": 12.118000353294471,
      "cyclomatic_complexity": 7,
      "fanout_external": 10,
      "fanout_internal": 1,
      "halstead_bugprop": 1.018466837157446,
      "halstead_difficulty": 20.930232558139537,
      "halstead_effort": 63950.24326337451,
      "halstead_timerequired": 3552.791292409695,
      "halstead_volume": 3055.4005114723377,
      "lang": [
        "Python"
      ],
      "loc": 1,
      "operands_sum": 200,
      "operands_uniq": 86,
      "operators_sum": 256,
      "operators_uniq": 18
    }
  },
  "overall": {
    "comment_ratio": 12.118000353294471,
    "cyclomatic_complexity": 7,
    "fanout_external": 10,
    "fanout_internal": 1,
    "halstead_bugprop": 1.018466837157446,
    "halstead_difficulty": 20.930232558139537,
    "halstead_effort": 63950.24326337451,
    "halstead_timerequired": 3552.791292409695,
    "halstead_volume": 3055.4005114723377,
    "loc": 1,
    "maintainability_index": 100,
    "operands_sum": 200,
    "operands_uniq": 86,
    "operators_sum": 256,
    "operators_uniq": 18,
    "pylint": 100.0,
    "tiobe": 87.32727272727271,
    "tiobe_compiler": 100.0,
    "tiobe_complexity": 18.181818181818183,
    "tiobe_coverage": 100.0,
    "tiobe_duplication": 100.0,
    "tiobe_fanout": 92.0,
    "tiobe_functional": 100.0,
    "tiobe_security": 100.0,
    "tiobe_standard": 100.0
  },
  "stats": {
    "max": {
      "comment_ratio": 12.118000353294471,
      "cyclomatic_complexity": 7,
      "fanout_external": 10,
      "fanout_internal": 1,
      "halstead_bugprop": 1.018466837157446,
      "halstead_difficulty": 20.930232558139537,
      "halstead_effort": 63950.24326337451,
      "halstead_timerequired": 3552.791292409695,
      "halstead_volume": 3055.4005114723377,
      "loc": 1,
      "operands_sum": 200,
      "operands_uniq": 86,
      "operators_sum": 256,
      "operators_uniq": 18
    },
    "mean": {
      "comment_ratio": 12.118000353294471,
      "cyclomatic_complexity": 7,
      "fanout_external": 10,
      "fanout_internal": 1,
      "halstead_bugprop": 1.018466837157446,
      "halstead_difficulty": 20.930232558139537,
      "halstead_effort": 63950.24326337451,
      "halstead_timerequired": 3552.791292409695,
      "halstead_volume": 3055.4005114723377,
      "loc": 1,
      "operands_sum": 200,
      "operands_uniq": 86,
      "operators_sum": 256,
      "operators_uniq": 18
    },
    "median": {
      "comment_ratio": 12.118000353294471,
      "cyclomatic_complexity": 7,
      "fanout_external": 10,
      "fanout_internal": 1,
      "halstead_bugprop": 1.018466837157446,
      "halstead_difficulty": 20.930232558139537,
      "halstead_effort": 63950.24326337451,
      "halstead_timerequired": 3552.791292409695,
      "halstead_volume": 3055.4005114723377,
      "loc": 1,
      "operands_sum": 200,
      "operands_uniq": 86,
      "operators_sum": 256,
      "operators_uniq": 18
    },
    "min": {
      "comment_ratio": 12.118000353294471,
      "cyclomatic_complexity": 7,
      "fanout_external": 10,
      "fanout_internal": 1,
      "halstead_bugprop": 1.018466837157446,
      "halstead_difficulty": 20.930232558139537,
      "halstead_effort": 63950.24326337451,
      "halstead_timerequired": 3552.791292409695,
      "halstead_volume": 3055.4005114723377,
      "loc": 1,
      "operands_sum": 200,
      "operands_uniq": 86,
      "operators_sum": 256,
      "operators_uniq": 18
    }
  }
}
