{
  "files": {
    "/Users/lorraynereis/Documents/PUC /Engenharia de Sofware/7 Peri\u0301odo/TCC 1/plf-es-2022-2-tcci-5308100-pes-lorrayne-reis/Instrumentos/Codigos/Collect-repositories/Repositories/Cloned-repositories/l5kit/l5kit/l5kit/cle/composite_metrics.py": {
      "comment_ratio": 47.74432118330692,
      "cyclomatic_complexity": 4,
      "fanout_external": 11,
      "fanout_internal": 1,
      "halstead_bugprop": 1.406393944217537,
      "halstead_difficulty": 53.49324324324324,
      "halstead_effort": 225697.7200615589,
      "halstead_timerequired": 12538.762225642162,
      "halstead_volume": 4219.181832652611,
      "lang": [
        "Python"
      ],
      "loc": 1,
      "operands_sum": 273,
      "operands_uniq": 74,
      "operators_sum": 358,
      "operators_uniq": 29
    }
  },
  "overall": {
    "comment_ratio": 47.74432118330692,
    "cyclomatic_complexity": 4,
    "fanout_external": 11,
    "fanout_internal": 1,
    "halstead_bugprop": 1.406393944217537,
    "halstead_difficulty": 53.49324324324324,
    "halstead_effort": 225697.7200615589,
    "halstead_timerequired": 12538.762225642162,
    "halstead_volume": 4219.181832652611,
    "loc": 1,
    "maintainability_index": 100,
    "operands_sum": 273,
    "operands_uniq": 74,
    "operators_sum": 358,
    "operators_uniq": 29,
    "pylint": 100.0,
    "tiobe": 93.30733944954129,
    "tiobe_compiler": 100.0,
    "tiobe_complexity": 58.71559633027523,
    "tiobe_coverage": 100.0,
    "tiobe_duplication": 100.0,
    "tiobe_fanout": 90.0,
    "tiobe_functional": 100.0,
    "tiobe_security": 100.0,
    "tiobe_standard": 100.0
  },
  "stats": {
    "max": {
      "comment_ratio": 47.74432118330692,
      "cyclomatic_complexity": 4,
      "fanout_external": 11,
      "fanout_internal": 1,
      "halstead_bugprop": 1.406393944217537,
      "halstead_difficulty": 53.49324324324324,
      "halstead_effort": 225697.7200615589,
      "halstead_timerequired": 12538.762225642162,
      "halstead_volume": 4219.181832652611,
      "loc": 1,
      "operands_sum": 273,
      "operands_uniq": 74,
      "operators_sum": 358,
      "operators_uniq": 29
    },
    "mean": {
      "comment_ratio": 47.74432118330692,
      "cyclomatic_complexity": 4,
      "fanout_external": 11,
      "fanout_internal": 1,
      "halstead_bugprop": 1.406393944217537,
      "halstead_difficulty": 53.49324324324324,
      "halstead_effort": 225697.7200615589,
      "halstead_timerequired": 12538.762225642162,
      "halstead_volume": 4219.181832652611,
      "loc": 1,
      "operands_sum": 273,
      "operands_uniq": 74,
      "operators_sum": 358,
      "operators_uniq": 29
    },
    "median": {
      "comment_ratio": 47.74432118330692,
      "cyclomatic_complexity": 4,
      "fanout_external": 11,
      "fanout_internal": 1,
      "halstead_bugprop": 1.406393944217537,
      "halstead_difficulty": 53.49324324324324,
      "halstead_effort": 225697.7200615589,
      "halstead_timerequired": 12538.762225642162,
      "halstead_volume": 4219.181832652611,
      "loc": 1,
      "operands_sum": 273,
      "operands_uniq": 74,
      "operators_sum": 358,
      "operators_uniq": 29
    },
    "min": {
      "comment_ratio": 47.74432118330692,
      "cyclomatic_complexity": 4,
      "fanout_external": 11,
      "fanout_internal": 1,
      "halstead_bugprop": 1.406393944217537,
      "halstead_difficulty": 53.49324324324324,
      "halstead_effort": 225697.7200615589,
      "halstead_timerequired": 12538.762225642162,
      "halstead_volume": 4219.181832652611,
      "loc": 1,
      "operands_sum": 273,
      "operands_uniq": 74,
      "operators_sum": 358,
      "operators_uniq": 29
    }
  }
}
