{
  "files": {
    "/Users/lorraynereis/Documents/PUC /Engenharia de Sofware/7 Peri\u0301odo/TCC 1/plf-es-2022-2-tcci-5308100-pes-lorrayne-reis/Instrumentos/Codigos/Collect-repositories/Repositories/Cloned-repositories/pylot/pylot/component_creator.py": {
      "comment_ratio": 36.88318833602696,
      "cyclomatic_complexity": 38,
      "fanout_external": 6,
      "fanout_internal": 1,
      "halstead_bugprop": 3.564607082257007,
      "halstead_difficulty": 53.826530612244895,
      "halstead_effort": 575611.2967011953,
      "halstead_timerequired": 31978.405372288627,
      "halstead_volume": 10693.821246771022,
      "lang": [
        "Python"
      ],
      "loc": 20,
      "operands_sum": 633,
      "operands_uniq": 147,
      "operators_sum": 807,
      "operators_uniq": 25
    }
  },
  "overall": {
    "comment_ratio": 36.88318833602696,
    "cyclomatic_complexity": 38,
    "fanout_external": 6,
    "fanout_internal": 1,
    "halstead_bugprop": 3.564607082257007,
    "halstead_difficulty": 53.826530612244895,
    "halstead_effort": 575611.2967011953,
    "halstead_timerequired": 31978.405372288627,
    "halstead_volume": 10693.821246771022,
    "loc": 20,
    "maintainability_index": 65.48654588797467,
    "operands_sum": 633,
    "operands_uniq": 147,
    "operators_sum": 807,
    "operators_uniq": 25,
    "pylint": 100.0,
    "tiobe": 85.01795903096061,
    "tiobe_compiler": 100.0,
    "tiobe_complexity": 0.11972687307080722,
    "tiobe_coverage": 100.0,
    "tiobe_duplication": 100.0,
    "tiobe_fanout": 100.0,
    "tiobe_functional": 100.0,
    "tiobe_security": 100.0,
    "tiobe_standard": 100.0
  },
  "stats": {
    "max": {
      "comment_ratio": 36.88318833602696,
      "cyclomatic_complexity": 38,
      "fanout_external": 6,
      "fanout_internal": 1,
      "halstead_bugprop": 3.564607082257007,
      "halstead_difficulty": 53.826530612244895,
      "halstead_effort": 575611.2967011953,
      "halstead_timerequired": 31978.405372288627,
      "halstead_volume": 10693.821246771022,
      "loc": 20,
      "operands_sum": 633,
      "operands_uniq": 147,
      "operators_sum": 807,
      "operators_uniq": 25
    },
    "mean": {
      "comment_ratio": 36.88318833602696,
      "cyclomatic_complexity": 38,
      "fanout_external": 6,
      "fanout_internal": 1,
      "halstead_bugprop": 3.564607082257007,
      "halstead_difficulty": 53.826530612244895,
      "halstead_effort": 575611.2967011953,
      "halstead_timerequired": 31978.405372288627,
      "halstead_volume": 10693.821246771022,
      "loc": 20,
      "operands_sum": 633,
      "operands_uniq": 147,
      "operators_sum": 807,
      "operators_uniq": 25
    },
    "median": {
      "comment_ratio": 36.88318833602696,
      "cyclomatic_complexity": 38,
      "fanout_external": 6,
      "fanout_internal": 1,
      "halstead_bugprop": 3.564607082257007,
      "halstead_difficulty": 53.826530612244895,
      "halstead_effort": 575611.2967011953,
      "halstead_timerequired": 31978.405372288627,
      "halstead_volume": 10693.821246771022,
      "loc": 20,
      "operands_sum": 633,
      "operands_uniq": 147,
      "operators_sum": 807,
      "operators_uniq": 25
    },
    "min": {
      "comment_ratio": 36.88318833602696,
      "cyclomatic_complexity": 38,
      "fanout_external": 6,
      "fanout_internal": 1,
      "halstead_bugprop": 3.564607082257007,
      "halstead_difficulty": 53.826530612244895,
      "halstead_effort": 575611.2967011953,
      "halstead_timerequired": 31978.405372288627,
      "halstead_volume": 10693.821246771022,
      "loc": 20,
      "operands_sum": 633,
      "operands_uniq": 147,
      "operators_sum": 807,
      "operators_uniq": 25
    }
  }
}
