{
  "files": {
    "/Users/lorraynereis/Documents/PUC /Engenharia de Sofware/7 Peri\u0301odo/TCC 1/plf-es-2022-2-tcci-5308100-pes-lorrayne-reis/Instrumentos/Codigos/Collect-repositories/Repositories/Cloned-repositories/MotionPlanning/Control/config_control.py": {
      "comment_ratio": 39.801699716713884,
      "cyclomatic_complexity": 2,
      "fanout_external": 2,
      "fanout_internal": 0,
      "halstead_bugprop": 0.16420038636414502,
      "halstead_difficulty": 4.622222222222222,
      "halstead_effort": 2276.9120242494773,
      "halstead_timerequired": 126.49511245830429,
      "halstead_volume": 492.60115909243507,
      "lang": [
        "Python"
      ],
      "loc": 1,
      "operands_sum": 52,
      "operands_uniq": 45,
      "operators_sum": 34,
      "operators_uniq": 8
    }
  },
  "overall": {
    "comment_ratio": 39.801699716713884,
    "cyclomatic_complexity": 2,
    "fanout_external": 2,
    "fanout_internal": 0,
    "halstead_bugprop": 0.16420038636414502,
    "halstead_difficulty": 4.622222222222222,
    "halstead_effort": 2276.9120242494773,
    "halstead_timerequired": 126.49511245830429,
    "halstead_volume": 492.60115909243507,
    "loc": 1,
    "maintainability_index": 100,
    "operands_sum": 52,
    "operands_uniq": 45,
    "operators_sum": 34,
    "operators_uniq": 8,
    "pylint": 100.0,
    "tiobe": 99.32835820895522,
    "tiobe_compiler": 100.0,
    "tiobe_complexity": 95.5223880597015,
    "tiobe_coverage": 100.0,
    "tiobe_duplication": 100.0,
    "tiobe_fanout": 100.0,
    "tiobe_functional": 100.0,
    "tiobe_security": 100.0,
    "tiobe_standard": 100.0
  },
  "stats": {
    "max": {
      "comment_ratio": 39.801699716713884,
      "cyclomatic_complexity": 2,
      "fanout_external": 2,
      "fanout_internal": 0,
      "halstead_bugprop": 0.16420038636414502,
      "halstead_difficulty": 4.622222222222222,
      "halstead_effort": 2276.9120242494773,
      "halstead_timerequired": 126.49511245830429,
      "halstead_volume": 492.60115909243507,
      "loc": 1,
      "operands_sum": 52,
      "operands_uniq": 45,
      "operators_sum": 34,
      "operators_uniq": 8
    },
    "mean": {
      "comment_ratio": 39.801699716713884,
      "cyclomatic_complexity": 2,
      "fanout_external": 2,
      "fanout_internal": 0,
      "halstead_bugprop": 0.16420038636414502,
      "halstead_difficulty": 4.622222222222222,
      "halstead_effort": 2276.9120242494773,
      "halstead_timerequired": 126.49511245830429,
      "halstead_volume": 492.60115909243507,
      "loc": 1,
      "operands_sum": 52,
      "operands_uniq": 45,
      "operators_sum": 34,
      "operators_uniq": 8
    },
    "median": {
      "comment_ratio": 39.801699716713884,
      "cyclomatic_complexity": 2,
      "fanout_external": 2,
      "fanout_internal": 0,
      "halstead_bugprop": 0.16420038636414502,
      "halstead_difficulty": 4.622222222222222,
      "halstead_effort": 2276.9120242494773,
      "halstead_timerequired": 126.49511245830429,
      "halstead_volume": 492.60115909243507,
      "loc": 1,
      "operands_sum": 52,
      "operands_uniq": 45,
      "operators_sum": 34,
      "operators_uniq": 8
    },
    "min": {
      "comment_ratio": 39.801699716713884,
      "cyclomatic_complexity": 2,
      "fanout_external": 2,
      "fanout_internal": 0,
      "halstead_bugprop": 0.16420038636414502,
      "halstead_difficulty": 4.622222222222222,
      "halstead_effort": 2276.9120242494773,
      "halstead_timerequired": 126.49511245830429,
      "halstead_volume": 492.60115909243507,
      "loc": 1,
      "operands_sum": 52,
      "operands_uniq": 45,
      "operators_sum": 34,
      "operators_uniq": 8
    }
  }
}
