{
  "files": {
    "/Users/lorraynereis/Documents/PUC /Engenharia de Sofware/7 Peri\u0301odo/TCC 1/plf-es-2022-2-tcci-5308100-pes-lorrayne-reis/Instrumentos/Codigos/Collect-repositories/Repositories/Cloned-repositories/l5kit/l5kit/l5kit/tests/conftest.py": {
      "comment_ratio": 24.204753199268737,
      "cyclomatic_complexity": 0,
      "fanout_external": 11,
      "fanout_internal": 1,
      "halstead_bugprop": 0.6227274204441031,
      "halstead_difficulty": 36.58536585365854,
      "halstead_effort": 68348.13151215766,
      "halstead_timerequired": 3797.1184173420925,
      "halstead_volume": 1868.1822613323093,
      "lang": [
        "Python"
      ],
      "loc": 1,
      "operands_sum": 150,
      "operands_uniq": 41,
      "operators_sum": 165,
      "operators_uniq": 20
    }
  },
  "overall": {
    "comment_ratio": 24.204753199268737,
    "cyclomatic_complexity": 0,
    "fanout_external": 11,
    "fanout_internal": 1,
    "halstead_bugprop": 0.6227274204441031,
    "halstead_difficulty": 36.58536585365854,
    "halstead_effort": 68348.13151215766,
    "halstead_timerequired": 3797.1184173420925,
    "halstead_volume": 1868.1822613323093,
    "loc": 1,
    "maintainability_index": 100,
    "operands_sum": 150,
    "operands_uniq": 41,
    "operators_sum": 165,
    "operators_uniq": 20,
    "pylint": 100.0,
    "tiobe": 99.26923076923077,
    "tiobe_compiler": 100.0,
    "tiobe_complexity": 98.46153846153847,
    "tiobe_coverage": 100.0,
    "tiobe_duplication": 100.0,
    "tiobe_fanout": 90.0,
    "tiobe_functional": 100.0,
    "tiobe_security": 100.0,
    "tiobe_standard": 100.0
  },
  "stats": {
    "max": {
      "comment_ratio": 24.204753199268737,
      "cyclomatic_complexity": 0,
      "fanout_external": 11,
      "fanout_internal": 1,
      "halstead_bugprop": 0.6227274204441031,
      "halstead_difficulty": 36.58536585365854,
      "halstead_effort": 68348.13151215766,
      "halstead_timerequired": 3797.1184173420925,
      "halstead_volume": 1868.1822613323093,
      "loc": 1,
      "operands_sum": 150,
      "operands_uniq": 41,
      "operators_sum": 165,
      "operators_uniq": 20
    },
    "mean": {
      "comment_ratio": 24.204753199268737,
      "cyclomatic_complexity": 0,
      "fanout_external": 11,
      "fanout_internal": 1,
      "halstead_bugprop": 0.6227274204441031,
      "halstead_difficulty": 36.58536585365854,
      "halstead_effort": 68348.13151215766,
      "halstead_timerequired": 3797.1184173420925,
      "halstead_volume": 1868.1822613323093,
      "loc": 1,
      "operands_sum": 150,
      "operands_uniq": 41,
      "operators_sum": 165,
      "operators_uniq": 20
    },
    "median": {
      "comment_ratio": 24.204753199268737,
      "cyclomatic_complexity": 0,
      "fanout_external": 11,
      "fanout_internal": 1,
      "halstead_bugprop": 0.6227274204441031,
      "halstead_difficulty": 36.58536585365854,
      "halstead_effort": 68348.13151215766,
      "halstead_timerequired": 3797.1184173420925,
      "halstead_volume": 1868.1822613323093,
      "loc": 1,
      "operands_sum": 150,
      "operands_uniq": 41,
      "operators_sum": 165,
      "operators_uniq": 20
    },
    "min": {
      "comment_ratio": 24.204753199268737,
      "cyclomatic_complexity": 0,
      "fanout_external": 11,
      "fanout_internal": 1,
      "halstead_bugprop": 0.6227274204441031,
      "halstead_difficulty": 36.58536585365854,
      "halstead_effort": 68348.13151215766,
      "halstead_timerequired": 3797.1184173420925,
      "halstead_volume": 1868.1822613323093,
      "loc": 1,
      "operands_sum": 150,
      "operands_uniq": 41,
      "operators_sum": 165,
      "operators_uniq": 20
    }
  }
}
