{
  "files": {
    "/Users/lorraynereis/Documents/PUC /Engenharia de Sofware/7 Peri\u0301odo/TCC 1/plf-es-2022-2-tcci-5308100-pes-lorrayne-reis/Instrumentos/Codigos/Collect-repositories/Repositories/Cloned-repositories/l5kit/docs/conf.py": {
      "comment_ratio": 63.377456879261935,
      "cyclomatic_complexity": 2,
      "fanout_external": 3,
      "fanout_internal": 0,
      "halstead_bugprop": 0.28714086577172476,
      "halstead_difficulty": 10.222222222222221,
      "halstead_effort": 8805.653216999559,
      "halstead_timerequired": 489.20295649997547,
      "halstead_volume": 861.4225973151744,
      "lang": [
        "Python"
      ],
      "loc": 1,
      "operands_sum": 92,
      "operands_uniq": 45,
      "operators_sum": 57,
      "operators_uniq": 10
    }
  },
  "overall": {
    "comment_ratio": 63.377456879261935,
    "cyclomatic_complexity": 2,
    "fanout_external": 3,
    "fanout_internal": 0,
    "halstead_bugprop": 0.28714086577172476,
    "halstead_difficulty": 10.222222222222221,
    "halstead_effort": 8805.653216999559,
    "halstead_timerequired": 489.20295649997547,
    "halstead_volume": 861.4225973151744,
    "loc": 1,
    "maintainability_index": 100,
    "operands_sum": 92,
    "operands_uniq": 45,
    "operators_sum": 57,
    "operators_uniq": 10,
    "pylint": 100.0,
    "tiobe": 99.32835820895522,
    "tiobe_compiler": 100.0,
    "tiobe_complexity": 95.5223880597015,
    "tiobe_coverage": 100.0,
    "tiobe_duplication": 100.0,
    "tiobe_fanout": 100.0,
    "tiobe_functional": 100.0,
    "tiobe_security": 100.0,
    "tiobe_standard": 100.0
  },
  "stats": {
    "max": {
      "comment_ratio": 63.377456879261935,
      "cyclomatic_complexity": 2,
      "fanout_external": 3,
      "fanout_internal": 0,
      "halstead_bugprop": 0.28714086577172476,
      "halstead_difficulty": 10.222222222222221,
      "halstead_effort": 8805.653216999559,
      "halstead_timerequired": 489.20295649997547,
      "halstead_volume": 861.4225973151744,
      "loc": 1,
      "operands_sum": 92,
      "operands_uniq": 45,
      "operators_sum": 57,
      "operators_uniq": 10
    },
    "mean": {
      "comment_ratio": 63.377456879261935,
      "cyclomatic_complexity": 2,
      "fanout_external": 3,
      "fanout_internal": 0,
      "halstead_bugprop": 0.28714086577172476,
      "halstead_difficulty": 10.222222222222221,
      "halstead_effort": 8805.653216999559,
      "halstead_timerequired": 489.20295649997547,
      "halstead_volume": 861.4225973151744,
      "loc": 1,
      "operands_sum": 92,
      "operands_uniq": 45,
      "operators_sum": 57,
      "operators_uniq": 10
    },
    "median": {
      "comment_ratio": 63.377456879261935,
      "cyclomatic_complexity": 2,
      "fanout_external": 3,
      "fanout_internal": 0,
      "halstead_bugprop": 0.28714086577172476,
      "halstead_difficulty": 10.222222222222221,
      "halstead_effort": 8805.653216999559,
      "halstead_timerequired": 489.20295649997547,
      "halstead_volume": 861.4225973151744,
      "loc": 1,
      "operands_sum": 92,
      "operands_uniq": 45,
      "operators_sum": 57,
      "operators_uniq": 10
    },
    "min": {
      "comment_ratio": 63.377456879261935,
      "cyclomatic_complexity": 2,
      "fanout_external": 3,
      "fanout_internal": 0,
      "halstead_bugprop": 0.28714086577172476,
      "halstead_difficulty": 10.222222222222221,
      "halstead_effort": 8805.653216999559,
      "halstead_timerequired": 489.20295649997547,
      "halstead_volume": 861.4225973151744,
      "loc": 1,
      "operands_sum": 92,
      "operands_uniq": 45,
      "operators_sum": 57,
      "operators_uniq": 10
    }
  }
}
