{
  "files": {
    "/Users/lorraynereis/Documents/PUC /Engenharia de Sofware/7 Peri\u0301odo/TCC 1/plf-es-2022-2-tcci-5308100-pes-lorrayne-reis/Instrumentos/Codigos/Collect-repositories/Repositories/Cloned-repositories/l5kit/l5kit/l5kit/configs/config.py": {
      "comment_ratio": 46.480582524271846,
      "cyclomatic_complexity": 0,
      "fanout_external": 2,
      "fanout_internal": 0,
      "halstead_bugprop": 0.15383606484570644,
      "halstead_difficulty": 13.444444444444446,
      "halstead_effort": 6204.72128211016,
      "halstead_timerequired": 344.7067378950089,
      "halstead_volume": 461.5081945371193,
      "lang": [
        "Python"
      ],
      "loc": 1,
      "operands_sum": 44,
      "operands_uniq": 18,
      "operators_sum": 51,
      "operators_uniq": 11
    }
  },
  "overall": {
    "comment_ratio": 46.480582524271846,
    "cyclomatic_complexity": 0,
    "fanout_external": 2,
    "fanout_internal": 0,
    "halstead_bugprop": 0.15383606484570644,
    "halstead_difficulty": 13.444444444444446,
    "halstead_effort": 6204.72128211016,
    "halstead_timerequired": 344.7067378950089,
    "halstead_volume": 461.5081945371193,
    "loc": 1,
    "maintainability_index": 100,
    "operands_sum": 44,
    "operands_uniq": 18,
    "operators_sum": 51,
    "operators_uniq": 11,
    "pylint": 100.0,
    "tiobe": 99.76923076923077,
    "tiobe_compiler": 100.0,
    "tiobe_complexity": 98.46153846153847,
    "tiobe_coverage": 100.0,
    "tiobe_duplication": 100.0,
    "tiobe_fanout": 100.0,
    "tiobe_functional": 100.0,
    "tiobe_security": 100.0,
    "tiobe_standard": 100.0
  },
  "stats": {
    "max": {
      "comment_ratio": 46.480582524271846,
      "cyclomatic_complexity": 0,
      "fanout_external": 2,
      "fanout_internal": 0,
      "halstead_bugprop": 0.15383606484570644,
      "halstead_difficulty": 13.444444444444446,
      "halstead_effort": 6204.72128211016,
      "halstead_timerequired": 344.7067378950089,
      "halstead_volume": 461.5081945371193,
      "loc": 1,
      "operands_sum": 44,
      "operands_uniq": 18,
      "operators_sum": 51,
      "operators_uniq": 11
    },
    "mean": {
      "comment_ratio": 46.480582524271846,
      "cyclomatic_complexity": 0,
      "fanout_external": 2,
      "fanout_internal": 0,
      "halstead_bugprop": 0.15383606484570644,
      "halstead_difficulty": 13.444444444444446,
      "halstead_effort": 6204.72128211016,
      "halstead_timerequired": 344.7067378950089,
      "halstead_volume": 461.5081945371193,
      "loc": 1,
      "operands_sum": 44,
      "operands_uniq": 18,
      "operators_sum": 51,
      "operators_uniq": 11
    },
    "median": {
      "comment_ratio": 46.480582524271846,
      "cyclomatic_complexity": 0,
      "fanout_external": 2,
      "fanout_internal": 0,
      "halstead_bugprop": 0.15383606484570644,
      "halstead_difficulty": 13.444444444444446,
      "halstead_effort": 6204.72128211016,
      "halstead_timerequired": 344.7067378950089,
      "halstead_volume": 461.5081945371193,
      "loc": 1,
      "operands_sum": 44,
      "operands_uniq": 18,
      "operators_sum": 51,
      "operators_uniq": 11
    },
    "min": {
      "comment_ratio": 46.480582524271846,
      "cyclomatic_complexity": 0,
      "fanout_external": 2,
      "fanout_internal": 0,
      "halstead_bugprop": 0.15383606484570644,
      "halstead_difficulty": 13.444444444444446,
      "halstead_effort": 6204.72128211016,
      "halstead_timerequired": 344.7067378950089,
      "halstead_volume": 461.5081945371193,
      "loc": 1,
      "operands_sum": 44,
      "operands_uniq": 18,
      "operators_sum": 51,
      "operators_uniq": 11
    }
  }
}
