{
  "files": {
    "/Users/lorraynereis/Documents/PUC /Engenharia de Sofware/7 Peri\u0301odo/TCC 1/plf-es-2022-2-tcci-5308100-pes-lorrayne-reis/Instrumentos/Codigos/Collect-repositories/Repositories/Cloned-repositories/Ultra-Fast-Lane-Detection/data/constant.py": {
      "comment_ratio": 44.07185628742515,
      "cyclomatic_complexity": 2,
      "fanout_external": 0,
      "fanout_internal": 0,
      "halstead_bugprop": 0.320726945690104,
      "halstead_difficulty": 2.111111111111111,
      "halstead_effort": 2031.2706560373256,
      "halstead_timerequired": 112.84836977985142,
      "halstead_volume": 962.1808370703121,
      "lang": [
        "Python"
      ],
      "loc": 1,
      "operands_sum": 76,
      "operands_uniq": 72,
      "operators_sum": 78,
      "operators_uniq": 4
    }
  },
  "overall": {
    "comment_ratio": 44.07185628742515,
    "cyclomatic_complexity": 2,
    "fanout_external": 0,
    "fanout_internal": 0,
    "halstead_bugprop": 0.320726945690104,
    "halstead_difficulty": 2.111111111111111,
    "halstead_effort": 2031.2706560373256,
    "halstead_timerequired": 112.84836977985142,
    "halstead_volume": 962.1808370703121,
    "loc": 1,
    "maintainability_index": 100,
    "operands_sum": 76,
    "operands_uniq": 72,
    "operators_sum": 78,
    "operators_uniq": 4,
    "pylint": 100.0,
    "tiobe": 99.32835820895522,
    "tiobe_compiler": 100.0,
    "tiobe_complexity": 95.5223880597015,
    "tiobe_coverage": 100.0,
    "tiobe_duplication": 100.0,
    "tiobe_fanout": 100.0,
    "tiobe_functional": 100.0,
    "tiobe_security": 100.0,
    "tiobe_standard": 100.0
  },
  "stats": {
    "max": {
      "comment_ratio": 44.07185628742515,
      "cyclomatic_complexity": 2,
      "fanout_external": 0,
      "fanout_internal": 0,
      "halstead_bugprop": 0.320726945690104,
      "halstead_difficulty": 2.111111111111111,
      "halstead_effort": 2031.2706560373256,
      "halstead_timerequired": 112.84836977985142,
      "halstead_volume": 962.1808370703121,
      "loc": 1,
      "operands_sum": 76,
      "operands_uniq": 72,
      "operators_sum": 78,
      "operators_uniq": 4
    },
    "mean": {
      "comment_ratio": 44.07185628742515,
      "cyclomatic_complexity": 2,
      "fanout_external": 0,
      "fanout_internal": 0,
      "halstead_bugprop": 0.320726945690104,
      "halstead_difficulty": 2.111111111111111,
      "halstead_effort": 2031.2706560373256,
      "halstead_timerequired": 112.84836977985142,
      "halstead_volume": 962.1808370703121,
      "loc": 1,
      "operands_sum": 76,
      "operands_uniq": 72,
      "operators_sum": 78,
      "operators_uniq": 4
    },
    "median": {
      "comment_ratio": 44.07185628742515,
      "cyclomatic_complexity": 2,
      "fanout_external": 0,
      "fanout_internal": 0,
      "halstead_bugprop": 0.320726945690104,
      "halstead_difficulty": 2.111111111111111,
      "halstead_effort": 2031.2706560373256,
      "halstead_timerequired": 112.84836977985142,
      "halstead_volume": 962.1808370703121,
      "loc": 1,
      "operands_sum": 76,
      "operands_uniq": 72,
      "operators_sum": 78,
      "operators_uniq": 4
    },
    "min": {
      "comment_ratio": 44.07185628742515,
      "cyclomatic_complexity": 2,
      "fanout_external": 0,
      "fanout_internal": 0,
      "halstead_bugprop": 0.320726945690104,
      "halstead_difficulty": 2.111111111111111,
      "halstead_effort": 2031.2706560373256,
      "halstead_timerequired": 112.84836977985142,
      "halstead_volume": 962.1808370703121,
      "loc": 1,
      "operands_sum": 76,
      "operands_uniq": 72,
      "operators_sum": 78,
      "operators_uniq": 4
    }
  }
}
