{
  "files": {
    "/Users/lorraynereis/Documents/PUC /Engenharia de Sofware/7 Peri\u0301odo/TCC 1/plf-es-2022-2-tcci-5308100-pes-lorrayne-reis/Instrumentos/Codigos/Collect-repositories/Repositories/Cloned-repositories/pylot/pylot/control/control_eval_operator.py": {
      "comment_ratio": 41.70678336980306,
      "cyclomatic_complexity": 6,
      "fanout_external": 6,
      "fanout_internal": 1,
      "halstead_bugprop": 1.2588822844085084,
      "halstead_difficulty": 38.8433734939759,
      "halstead_effort": 146697.70427468786,
      "halstead_timerequired": 8149.872459704881,
      "halstead_volume": 3776.646853225525,
      "lang": [
        "Python"
      ],
      "loc": 3,
      "operands_sum": 248,
      "operands_uniq": 83,
      "operators_sum": 310,
      "operators_uniq": 26
    }
  },
  "overall": {
    "comment_ratio": 41.70678336980306,
    "cyclomatic_complexity": 6,
    "fanout_external": 6,
    "fanout_internal": 1,
    "halstead_bugprop": 1.2588822844085084,
    "halstead_difficulty": 38.8433734939759,
    "halstead_effort": 146697.70427468786,
    "halstead_timerequired": 8149.872459704881,
    "halstead_volume": 3776.646853225525,
    "loc": 3,
    "maintainability_index": 100,
    "operands_sum": 248,
    "operands_uniq": 83,
    "operators_sum": 310,
    "operators_uniq": 26,
    "pylint": 100.0,
    "tiobe": 89.01673640167364,
    "tiobe_compiler": 100.0,
    "tiobe_complexity": 26.778242677824267,
    "tiobe_coverage": 100.0,
    "tiobe_duplication": 100.0,
    "tiobe_fanout": 100.0,
    "tiobe_functional": 100.0,
    "tiobe_security": 100.0,
    "tiobe_standard": 100.0
  },
  "stats": {
    "max": {
      "comment_ratio": 41.70678336980306,
      "cyclomatic_complexity": 6,
      "fanout_external": 6,
      "fanout_internal": 1,
      "halstead_bugprop": 1.2588822844085084,
      "halstead_difficulty": 38.8433734939759,
      "halstead_effort": 146697.70427468786,
      "halstead_timerequired": 8149.872459704881,
      "halstead_volume": 3776.646853225525,
      "loc": 3,
      "operands_sum": 248,
      "operands_uniq": 83,
      "operators_sum": 310,
      "operators_uniq": 26
    },
    "mean": {
      "comment_ratio": 41.70678336980306,
      "cyclomatic_complexity": 6,
      "fanout_external": 6,
      "fanout_internal": 1,
      "halstead_bugprop": 1.2588822844085084,
      "halstead_difficulty": 38.8433734939759,
      "halstead_effort": 146697.70427468786,
      "halstead_timerequired": 8149.872459704881,
      "halstead_volume": 3776.646853225525,
      "loc": 3,
      "operands_sum": 248,
      "operands_uniq": 83,
      "operators_sum": 310,
      "operators_uniq": 26
    },
    "median": {
      "comment_ratio": 41.70678336980306,
      "cyclomatic_complexity": 6,
      "fanout_external": 6,
      "fanout_internal": 1,
      "halstead_bugprop": 1.2588822844085084,
      "halstead_difficulty": 38.8433734939759,
      "halstead_effort": 146697.70427468786,
      "halstead_timerequired": 8149.872459704881,
      "halstead_volume": 3776.646853225525,
      "loc": 3,
      "operands_sum": 248,
      "operands_uniq": 83,
      "operators_sum": 310,
      "operators_uniq": 26
    },
    "min": {
      "comment_ratio": 41.70678336980306,
      "cyclomatic_complexity": 6,
      "fanout_external": 6,
      "fanout_internal": 1,
      "halstead_bugprop": 1.2588822844085084,
      "halstead_difficulty": 38.8433734939759,
      "halstead_effort": 146697.70427468786,
      "halstead_timerequired": 8149.872459704881,
      "halstead_volume": 3776.646853225525,
      "loc": 3,
      "operands_sum": 248,
      "operands_uniq": 83,
      "operators_sum": 310,
      "operators_uniq": 26
    }
  }
}
