{
  "files": {
    "/Users/lorraynereis/Documents/PUC /Engenharia de Sofware/7 Peri\u0301odo/TCC 1/plf-es-2022-2-tcci-5308100-pes-lorrayne-reis/Instrumentos/Codigos/Collect-repositories/Repositories/Cloned-repositories/pylot/scripts/convert_carla_to_coco.py": {
      "comment_ratio": 16.762013729977117,
      "cyclomatic_complexity": 8,
      "fanout_external": 3,
      "fanout_internal": 0,
      "halstead_bugprop": 0.7041165353046226,
      "halstead_difficulty": 22.307692307692307,
      "halstead_effort": 47121.64505500167,
      "halstead_timerequired": 2617.869169722315,
      "halstead_volume": 2112.349605913868,
      "lang": [
        "Python"
      ],
      "loc": 1,
      "operands_sum": 145,
      "operands_uniq": 52,
      "operators_sum": 202,
      "operators_uniq": 16
    }
  },
  "overall": {
    "comment_ratio": 16.762013729977117,
    "cyclomatic_complexity": 8,
    "fanout_external": 3,
    "fanout_internal": 0,
    "halstead_bugprop": 0.7041165353046226,
    "halstead_difficulty": 22.307692307692307,
    "halstead_effort": 47121.64505500167,
    "halstead_timerequired": 2617.869169722315,
    "halstead_volume": 2112.349605913868,
    "loc": 1,
    "maintainability_index": 100,
    "operands_sum": 145,
    "operands_uniq": 52,
    "operators_sum": 202,
    "operators_uniq": 16,
    "pylint": 100.0,
    "tiobe": 86.9009900990099,
    "tiobe_compiler": 100.0,
    "tiobe_complexity": 12.673267326732674,
    "tiobe_coverage": 100.0,
    "tiobe_duplication": 100.0,
    "tiobe_fanout": 100.0,
    "tiobe_functional": 100.0,
    "tiobe_security": 100.0,
    "tiobe_standard": 100.0
  },
  "stats": {
    "max": {
      "comment_ratio": 16.762013729977117,
      "cyclomatic_complexity": 8,
      "fanout_external": 3,
      "fanout_internal": 0,
      "halstead_bugprop": 0.7041165353046226,
      "halstead_difficulty": 22.307692307692307,
      "halstead_effort": 47121.64505500167,
      "halstead_timerequired": 2617.869169722315,
      "halstead_volume": 2112.349605913868,
      "loc": 1,
      "operands_sum": 145,
      "operands_uniq": 52,
      "operators_sum": 202,
      "operators_uniq": 16
    },
    "mean": {
      "comment_ratio": 16.762013729977117,
      "cyclomatic_complexity": 8,
      "fanout_external": 3,
      "fanout_internal": 0,
      "halstead_bugprop": 0.7041165353046226,
      "halstead_difficulty": 22.307692307692307,
      "halstead_effort": 47121.64505500167,
      "halstead_timerequired": 2617.869169722315,
      "halstead_volume": 2112.349605913868,
      "loc": 1,
      "operands_sum": 145,
      "operands_uniq": 52,
      "operators_sum": 202,
      "operators_uniq": 16
    },
    "median": {
      "comment_ratio": 16.762013729977117,
      "cyclomatic_complexity": 8,
      "fanout_external": 3,
      "fanout_internal": 0,
      "halstead_bugprop": 0.7041165353046226,
      "halstead_difficulty": 22.307692307692307,
      "halstead_effort": 47121.64505500167,
      "halstead_timerequired": 2617.869169722315,
      "halstead_volume": 2112.349605913868,
      "loc": 1,
      "operands_sum": 145,
      "operands_uniq": 52,
      "operators_sum": 202,
      "operators_uniq": 16
    },
    "min": {
      "comment_ratio": 16.762013729977117,
      "cyclomatic_complexity": 8,
      "fanout_external": 3,
      "fanout_internal": 0,
      "halstead_bugprop": 0.7041165353046226,
      "halstead_difficulty": 22.307692307692307,
      "halstead_effort": 47121.64505500167,
      "halstead_timerequired": 2617.869169722315,
      "halstead_volume": 2112.349605913868,
      "loc": 1,
      "operands_sum": 145,
      "operands_uniq": 52,
      "operators_sum": 202,
      "operators_uniq": 16
    }
  }
}
