{
  "files": {
    "/Users/lorraynereis/Documents/PUC /Engenharia de Sofware/7 Peri\u0301odo/TCC 1/plf-es-2022-2-tcci-5308100-pes-lorrayne-reis/Instrumentos/Codigos/Collect-repositories/Repositories/Cloned-repositories/Ultra-Fast-Lane-Detection/scripts/convert_tusimple.py": {
      "comment_ratio": 15.609514370664023,
      "cyclomatic_complexity": 19,
      "fanout_external": 8,
      "fanout_internal": 0,
      "halstead_bugprop": 2.9583666875639647,
      "halstead_difficulty": 55.42307692307692,
      "halstead_effort": 491885.35347457766,
      "halstead_timerequired": 27326.96408192098,
      "halstead_volume": 8875.100062691894,
      "lang": [
        "Python"
      ],
      "loc": 1,
      "operands_sum": 524,
      "operands_uniq": 104,
      "operators_sum": 748,
      "operators_uniq": 22
    }
  },
  "overall": {
    "comment_ratio": 15.609514370664023,
    "cyclomatic_complexity": 19,
    "fanout_external": 8,
    "fanout_internal": 0,
    "halstead_bugprop": 2.9583666875639647,
    "halstead_difficulty": 55.42307692307692,
    "halstead_effort": 491885.35347457766,
    "halstead_timerequired": 27326.96408192098,
    "halstead_volume": 8875.100062691894,
    "loc": 1,
    "maintainability_index": 100,
    "operands_sum": 524,
    "operands_uniq": 104,
    "operators_sum": 748,
    "operators_uniq": 22,
    "pylint": 100.0,
    "tiobe": 85.14669926650367,
    "tiobe_compiler": 100.0,
    "tiobe_complexity": 0.9779951100244498,
    "tiobe_coverage": 100.0,
    "tiobe_duplication": 100.0,
    "tiobe_fanout": 100.0,
    "tiobe_functional": 100.0,
    "tiobe_security": 100.0,
    "tiobe_standard": 100.0
  },
  "stats": {
    "max": {
      "comment_ratio": 15.609514370664023,
      "cyclomatic_complexity": 19,
      "fanout_external": 8,
      "fanout_internal": 0,
      "halstead_bugprop": 2.9583666875639647,
      "halstead_difficulty": 55.42307692307692,
      "halstead_effort": 491885.35347457766,
      "halstead_timerequired": 27326.96408192098,
      "halstead_volume": 8875.100062691894,
      "loc": 1,
      "operands_sum": 524,
      "operands_uniq": 104,
      "operators_sum": 748,
      "operators_uniq": 22
    },
    "mean": {
      "comment_ratio": 15.609514370664023,
      "cyclomatic_complexity": 19,
      "fanout_external": 8,
      "fanout_internal": 0,
      "halstead_bugprop": 2.9583666875639647,
      "halstead_difficulty": 55.42307692307692,
      "halstead_effort": 491885.35347457766,
      "halstead_timerequired": 27326.96408192098,
      "halstead_volume": 8875.100062691894,
      "loc": 1,
      "operands_sum": 524,
      "operands_uniq": 104,
      "operators_sum": 748,
      "operators_uniq": 22
    },
    "median": {
      "comment_ratio": 15.609514370664023,
      "cyclomatic_complexity": 19,
      "fanout_external": 8,
      "fanout_internal": 0,
      "halstead_bugprop": 2.9583666875639647,
      "halstead_difficulty": 55.42307692307692,
      "halstead_effort": 491885.35347457766,
      "halstead_timerequired": 27326.96408192098,
      "halstead_volume": 8875.100062691894,
      "loc": 1,
      "operands_sum": 524,
      "operands_uniq": 104,
      "operators_sum": 748,
      "operators_uniq": 22
    },
    "min": {
      "comment_ratio": 15.609514370664023,
      "cyclomatic_complexity": 19,
      "fanout_external": 8,
      "fanout_internal": 0,
      "halstead_bugprop": 2.9583666875639647,
      "halstead_difficulty": 55.42307692307692,
      "halstead_effort": 491885.35347457766,
      "halstead_timerequired": 27326.96408192098,
      "halstead_volume": 8875.100062691894,
      "loc": 1,
      "operands_sum": 524,
      "operands_uniq": 104,
      "operators_sum": 748,
      "operators_uniq": 22
    }
  }
}
