{
  "files": {
    "/Users/lorraynereis/Documents/PUC /Engenharia de Sofware/7 Peri\u0301odo/TCC 1/plf-es-2022-2-tcci-5308100-pes-lorrayne-reis/Instrumentos/Codigos/Collect-repositories/Repositories/Cloned-repositories/pylot/pylot/planning/cost_functions.py": {
      "comment_ratio": 34.37734433608402,
      "cyclomatic_complexity": 11,
      "fanout_external": 5,
      "fanout_internal": 1,
      "halstead_bugprop": 0.7984873680955223,
      "halstead_difficulty": 48.68085106382979,
      "halstead_effort": 116613.13392782268,
      "halstead_timerequired": 6478.507440434593,
      "halstead_volume": 2395.462104286567,
      "lang": [
        "Python"
      ],
      "loc": 1,
      "operands_sum": 176,
      "operands_uniq": 47,
      "operators_sum": 211,
      "operators_uniq": 26
    }
  },
  "overall": {
    "comment_ratio": 34.37734433608402,
    "cyclomatic_complexity": 11,
    "fanout_external": 5,
    "fanout_internal": 1,
    "halstead_bugprop": 0.7984873680955223,
    "halstead_difficulty": 48.68085106382979,
    "halstead_effort": 116613.13392782268,
    "halstead_timerequired": 6478.507440434593,
    "halstead_volume": 2395.462104286567,
    "loc": 1,
    "maintainability_index": 100,
    "operands_sum": 176,
    "operands_uniq": 47,
    "operators_sum": 211,
    "operators_uniq": 26,
    "pylint": 100.0,
    "tiobe": 85.75949367088607,
    "tiobe_compiler": 100.0,
    "tiobe_complexity": 5.063291139240507,
    "tiobe_coverage": 100.0,
    "tiobe_duplication": 100.0,
    "tiobe_fanout": 100.0,
    "tiobe_functional": 100.0,
    "tiobe_security": 100.0,
    "tiobe_standard": 100.0
  },
  "stats": {
    "max": {
      "comment_ratio": 34.37734433608402,
      "cyclomatic_complexity": 11,
      "fanout_external": 5,
      "fanout_internal": 1,
      "halstead_bugprop": 0.7984873680955223,
      "halstead_difficulty": 48.68085106382979,
      "halstead_effort": 116613.13392782268,
      "halstead_timerequired": 6478.507440434593,
      "halstead_volume": 2395.462104286567,
      "loc": 1,
      "operands_sum": 176,
      "operands_uniq": 47,
      "operators_sum": 211,
      "operators_uniq": 26
    },
    "mean": {
      "comment_ratio": 34.37734433608402,
      "cyclomatic_complexity": 11,
      "fanout_external": 5,
      "fanout_internal": 1,
      "halstead_bugprop": 0.7984873680955223,
      "halstead_difficulty": 48.68085106382979,
      "halstead_effort": 116613.13392782268,
      "halstead_timerequired": 6478.507440434593,
      "halstead_volume": 2395.462104286567,
      "loc": 1,
      "operands_sum": 176,
      "operands_uniq": 47,
      "operators_sum": 211,
      "operators_uniq": 26
    },
    "median": {
      "comment_ratio": 34.37734433608402,
      "cyclomatic_complexity": 11,
      "fanout_external": 5,
      "fanout_internal": 1,
      "halstead_bugprop": 0.7984873680955223,
      "halstead_difficulty": 48.68085106382979,
      "halstead_effort": 116613.13392782268,
      "halstead_timerequired": 6478.507440434593,
      "halstead_volume": 2395.462104286567,
      "loc": 1,
      "operands_sum": 176,
      "operands_uniq": 47,
      "operators_sum": 211,
      "operators_uniq": 26
    },
    "min": {
      "comment_ratio": 34.37734433608402,
      "cyclomatic_complexity": 11,
      "fanout_external": 5,
      "fanout_internal": 1,
      "halstead_bugprop": 0.7984873680955223,
      "halstead_difficulty": 48.68085106382979,
      "halstead_effort": 116613.13392782268,
      "halstead_timerequired": 6478.507440434593,
      "halstead_volume": 2395.462104286567,
      "loc": 1,
      "operands_sum": 176,
      "operands_uniq": 47,
      "operators_sum": 211,
      "operators_uniq": 26
    }
  }
}
