{
  "files": {
    "/Users/lorraynereis/Documents/PUC /Engenharia de Sofware/7 Peri\u0301odo/TCC 1/plf-es-2022-2-tcci-5308100-pes-lorrayne-reis/Instrumentos/Codigos/Collect-repositories/Repositories/Cloned-repositories/CVPR2023-3D-Occupancy-Prediction/tools/create_data.py": {
      "comment_ratio": 31.69170476812541,
      "cyclomatic_complexity": 21,
      "fanout_external": 5,
      "fanout_internal": 1,
      "halstead_bugprop": 1.1637855576986775,
      "halstead_difficulty": 32.53191489361702,
      "halstead_effort": 113580.51815242201,
      "halstead_timerequired": 6310.028786245667,
      "halstead_volume": 3491.356673096033,
      "lang": [
        "Python"
      ],
      "loc": 1,
      "operands_sum": 278,
      "operands_uniq": 47,
      "operators_sum": 318,
      "operators_uniq": 11
    }
  },
  "overall": {
    "comment_ratio": 31.69170476812541,
    "cyclomatic_complexity": 21,
    "fanout_external": 5,
    "fanout_internal": 1,
    "halstead_bugprop": 1.1637855576986775,
    "halstead_difficulty": 32.53191489361702,
    "halstead_effort": 113580.51815242201,
    "halstead_timerequired": 6310.028786245667,
    "halstead_volume": 3491.356673096033,
    "loc": 1,
    "maintainability_index": 100,
    "operands_sum": 278,
    "operands_uniq": 47,
    "operators_sum": 318,
    "operators_uniq": 11,
    "pylint": 100.0,
    "tiobe": 85.10830324909747,
    "tiobe_compiler": 100.0,
    "tiobe_complexity": 0.7220216606498195,
    "tiobe_coverage": 100.0,
    "tiobe_duplication": 100.0,
    "tiobe_fanout": 100.0,
    "tiobe_functional": 100.0,
    "tiobe_security": 100.0,
    "tiobe_standard": 100.0
  },
  "stats": {
    "max": {
      "comment_ratio": 31.69170476812541,
      "cyclomatic_complexity": 21,
      "fanout_external": 5,
      "fanout_internal": 1,
      "halstead_bugprop": 1.1637855576986775,
      "halstead_difficulty": 32.53191489361702,
      "halstead_effort": 113580.51815242201,
      "halstead_timerequired": 6310.028786245667,
      "halstead_volume": 3491.356673096033,
      "loc": 1,
      "operands_sum": 278,
      "operands_uniq": 47,
      "operators_sum": 318,
      "operators_uniq": 11
    },
    "mean": {
      "comment_ratio": 31.69170476812541,
      "cyclomatic_complexity": 21,
      "fanout_external": 5,
      "fanout_internal": 1,
      "halstead_bugprop": 1.1637855576986775,
      "halstead_difficulty": 32.53191489361702,
      "halstead_effort": 113580.51815242201,
      "halstead_timerequired": 6310.028786245667,
      "halstead_volume": 3491.356673096033,
      "loc": 1,
      "operands_sum": 278,
      "operands_uniq": 47,
      "operators_sum": 318,
      "operators_uniq": 11
    },
    "median": {
      "comment_ratio": 31.69170476812541,
      "cyclomatic_complexity": 21,
      "fanout_external": 5,
      "fanout_internal": 1,
      "halstead_bugprop": 1.1637855576986775,
      "halstead_difficulty": 32.53191489361702,
      "halstead_effort": 113580.51815242201,
      "halstead_timerequired": 6310.028786245667,
      "halstead_volume": 3491.356673096033,
      "loc": 1,
      "operands_sum": 278,
      "operands_uniq": 47,
      "operators_sum": 318,
      "operators_uniq": 11
    },
    "min": {
      "comment_ratio": 31.69170476812541,
      "cyclomatic_complexity": 21,
      "fanout_external": 5,
      "fanout_internal": 1,
      "halstead_bugprop": 1.1637855576986775,
      "halstead_difficulty": 32.53191489361702,
      "halstead_effort": 113580.51815242201,
      "halstead_timerequired": 6310.028786245667,
      "halstead_volume": 3491.356673096033,
      "loc": 1,
      "operands_sum": 278,
      "operands_uniq": 47,
      "operators_sum": 318,
      "operators_uniq": 11
    }
  }
}
