{
  "files": {
    "/Users/lorraynereis/Documents/PUC /Engenharia de Sofware/7 Peri\u0301odo/TCC 1/plf-es-2022-2-tcci-5308100-pes-lorrayne-reis/Instrumentos/Codigos/Collect-repositories/Repositories/Cloned-repositories/CVPR2023-3D-Occupancy-Prediction/tools/data_converter/create_gt_database.py": {
      "comment_ratio": 12.223451327433628,
      "cyclomatic_complexity": 33,
      "fanout_external": 19,
      "fanout_internal": 1,
      "halstead_bugprop": 4.099862745700156,
      "halstead_difficulty": 42.32233502538071,
      "halstead_effort": 520547.2940447977,
      "halstead_timerequired": 28919.294113599874,
      "halstead_volume": 12299.588237100468,
      "lang": [
        "Python"
      ],
      "loc": 1,
      "operands_sum": 667,
      "operands_uniq": 197,
      "operators_sum": 911,
      "operators_uniq": 25
    }
  },
  "overall": {
    "comment_ratio": 12.223451327433628,
    "cyclomatic_complexity": 33,
    "fanout_external": 19,
    "fanout_internal": 1,
    "halstead_bugprop": 4.099862745700156,
    "halstead_difficulty": 42.32233502538071,
    "halstead_effort": 520547.2940447977,
    "halstead_timerequired": 28919.294113599874,
    "halstead_volume": 12299.588237100468,
    "loc": 1,
    "maintainability_index": 100,
    "operands_sum": 667,
    "operands_uniq": 197,
    "operators_sum": 911,
    "operators_uniq": 25,
    "pylint": 100.0,
    "tiobe": 83.72752293577982,
    "tiobe_compiler": 100.0,
    "tiobe_complexity": 0.1834862385321101,
    "tiobe_coverage": 100.0,
    "tiobe_duplication": 100.0,
    "tiobe_fanout": 74.0,
    "tiobe_functional": 100.0,
    "tiobe_security": 100.0,
    "tiobe_standard": 100.0
  },
  "stats": {
    "max": {
      "comment_ratio": 12.223451327433628,
      "cyclomatic_complexity": 33,
      "fanout_external": 19,
      "fanout_internal": 1,
      "halstead_bugprop": 4.099862745700156,
      "halstead_difficulty": 42.32233502538071,
      "halstead_effort": 520547.2940447977,
      "halstead_timerequired": 28919.294113599874,
      "halstead_volume": 12299.588237100468,
      "loc": 1,
      "operands_sum": 667,
      "operands_uniq": 197,
      "operators_sum": 911,
      "operators_uniq": 25
    },
    "mean": {
      "comment_ratio": 12.223451327433628,
      "cyclomatic_complexity": 33,
      "fanout_external": 19,
      "fanout_internal": 1,
      "halstead_bugprop": 4.099862745700156,
      "halstead_difficulty": 42.32233502538071,
      "halstead_effort": 520547.2940447977,
      "halstead_timerequired": 28919.294113599874,
      "halstead_volume": 12299.588237100468,
      "loc": 1,
      "operands_sum": 667,
      "operands_uniq": 197,
      "operators_sum": 911,
      "operators_uniq": 25
    },
    "median": {
      "comment_ratio": 12.223451327433628,
      "cyclomatic_complexity": 33,
      "fanout_external": 19,
      "fanout_internal": 1,
      "halstead_bugprop": 4.099862745700156,
      "halstead_difficulty": 42.32233502538071,
      "halstead_effort": 520547.2940447977,
      "halstead_timerequired": 28919.294113599874,
      "halstead_volume": 12299.588237100468,
      "loc": 1,
      "operands_sum": 667,
      "operands_uniq": 197,
      "operators_sum": 911,
      "operators_uniq": 25
    },
    "min": {
      "comment_ratio": 12.223451327433628,
      "cyclomatic_complexity": 33,
      "fanout_external": 19,
      "fanout_internal": 1,
      "halstead_bugprop": 4.099862745700156,
      "halstead_difficulty": 42.32233502538071,
      "halstead_effort": 520547.2940447977,
      "halstead_timerequired": 28919.294113599874,
      "halstead_volume": 12299.588237100468,
      "loc": 1,
      "operands_sum": 667,
      "operands_uniq": 197,
      "operators_sum": 911,
      "operators_uniq": 25
    }
  }
}
