{
  "files": {
    "/Users/lorraynereis/Documents/PUC /Engenharia de Sofware/7 Peri\u0301odo/TCC 1/plf-es-2022-2-tcci-5308100-pes-lorrayne-reis/Instrumentos/Codigos/Collect-repositories/Repositories/Cloned-repositories/l5kit/l5kit/l5kit/tests/evaluation/csv_utils_test.py": {
      "comment_ratio": 6.938929854414823,
      "cyclomatic_complexity": 0,
      "fanout_external": 6,
      "fanout_internal": 1,
      "halstead_bugprop": 2.275664850091934,
      "halstead_difficulty": 90.51724137931035,
      "halstead_effort": 617960.7136025511,
      "halstead_timerequired": 34331.15075569729,
      "halstead_volume": 6826.994550275803,
      "lang": [
        "Python"
      ],
      "loc": 1,
      "operands_sum": 500,
      "operands_uniq": 58,
      "operators_sum": 583,
      "operators_uniq": 21
    }
  },
  "overall": {
    "comment_ratio": 6.938929854414823,
    "cyclomatic_complexity": 0,
    "fanout_external": 6,
    "fanout_internal": 1,
    "halstead_bugprop": 2.275664850091934,
    "halstead_difficulty": 90.51724137931035,
    "halstead_effort": 617960.7136025511,
    "halstead_timerequired": 34331.15075569729,
    "halstead_volume": 6826.994550275803,
    "loc": 1,
    "maintainability_index": 100,
    "operands_sum": 500,
    "operands_uniq": 58,
    "operators_sum": 583,
    "operators_uniq": 21,
    "pylint": 100.0,
    "tiobe": 99.76923076923077,
    "tiobe_compiler": 100.0,
    "tiobe_complexity": 98.46153846153847,
    "tiobe_coverage": 100.0,
    "tiobe_duplication": 100.0,
    "tiobe_fanout": 100.0,
    "tiobe_functional": 100.0,
    "tiobe_security": 100.0,
    "tiobe_standard": 100.0
  },
  "stats": {
    "max": {
      "comment_ratio": 6.938929854414823,
      "cyclomatic_complexity": 0,
      "fanout_external": 6,
      "fanout_internal": 1,
      "halstead_bugprop": 2.275664850091934,
      "halstead_difficulty": 90.51724137931035,
      "halstead_effort": 617960.7136025511,
      "halstead_timerequired": 34331.15075569729,
      "halstead_volume": 6826.994550275803,
      "loc": 1,
      "operands_sum": 500,
      "operands_uniq": 58,
      "operators_sum": 583,
      "operators_uniq": 21
    },
    "mean": {
      "comment_ratio": 6.938929854414823,
      "cyclomatic_complexity": 0,
      "fanout_external": 6,
      "fanout_internal": 1,
      "halstead_bugprop": 2.275664850091934,
      "halstead_difficulty": 90.51724137931035,
      "halstead_effort": 617960.7136025511,
      "halstead_timerequired": 34331.15075569729,
      "halstead_volume": 6826.994550275803,
      "loc": 1,
      "operands_sum": 500,
      "operands_uniq": 58,
      "operators_sum": 583,
      "operators_uniq": 21
    },
    "median": {
      "comment_ratio": 6.938929854414823,
      "cyclomatic_complexity": 0,
      "fanout_external": 6,
      "fanout_internal": 1,
      "halstead_bugprop": 2.275664850091934,
      "halstead_difficulty": 90.51724137931035,
      "halstead_effort": 617960.7136025511,
      "halstead_timerequired": 34331.15075569729,
      "halstead_volume": 6826.994550275803,
      "loc": 1,
      "operands_sum": 500,
      "operands_uniq": 58,
      "operators_sum": 583,
      "operators_uniq": 21
    },
    "min": {
      "comment_ratio": 6.938929854414823,
      "cyclomatic_complexity": 0,
      "fanout_external": 6,
      "fanout_internal": 1,
      "halstead_bugprop": 2.275664850091934,
      "halstead_difficulty": 90.51724137931035,
      "halstead_effort": 617960.7136025511,
      "halstead_timerequired": 34331.15075569729,
      "halstead_volume": 6826.994550275803,
      "loc": 1,
      "operands_sum": 500,
      "operands_uniq": 58,
      "operators_sum": 583,
      "operators_uniq": 21
    }
  }
}
