{
  "files": {
    "/Users/lorraynereis/Documents/PUC /Engenharia de Sofware/7 Peri\u0301odo/TCC 1/plf-es-2022-2-tcci-5308100-pes-lorrayne-reis/Instrumentos/Codigos/Collect-repositories/Repositories/Cloned-repositories/PythonRobotics/PathPlanning/CubicSpline/cubic_spline_planner.py": {
      "comment_ratio": 44.4249250800868,
      "cyclomatic_complexity": 2,
      "fanout_external": 7,
      "fanout_internal": 1,
      "halstead_bugprop": 3.6494918257341364,
      "halstead_difficulty": 103.75675675675676,
      "halstead_effort": 1135978.3069454068,
      "halstead_timerequired": 63109.90594141149,
      "halstead_volume": 10948.47547720241,
      "lang": [
        "Python"
      ],
      "loc": 3,
      "operands_sum": 698,
      "operands_uniq": 111,
      "operators_sum": 829,
      "operators_uniq": 33
    }
  },
  "overall": {
    "comment_ratio": 44.4249250800868,
    "cyclomatic_complexity": 2,
    "fanout_external": 7,
    "fanout_internal": 1,
    "halstead_bugprop": 3.6494918257341364,
    "halstead_difficulty": 103.75675675675676,
    "halstead_effort": 1135978.3069454068,
    "halstead_timerequired": 63109.90594141149,
    "halstead_volume": 10948.47547720241,
    "loc": 3,
    "maintainability_index": 100,
    "operands_sum": 698,
    "operands_uniq": 111,
    "operators_sum": 829,
    "operators_uniq": 33,
    "pylint": 100.0,
    "tiobe": 99.22835820895523,
    "tiobe_compiler": 100.0,
    "tiobe_complexity": 95.5223880597015,
    "tiobe_coverage": 100.0,
    "tiobe_duplication": 100.0,
    "tiobe_fanout": 98.0,
    "tiobe_functional": 100.0,
    "tiobe_security": 100.0,
    "tiobe_standard": 100.0
  },
  "stats": {
    "max": {
      "comment_ratio": 44.4249250800868,
      "cyclomatic_complexity": 2,
      "fanout_external": 7,
      "fanout_internal": 1,
      "halstead_bugprop": 3.6494918257341364,
      "halstead_difficulty": 103.75675675675676,
      "halstead_effort": 1135978.3069454068,
      "halstead_timerequired": 63109.90594141149,
      "halstead_volume": 10948.47547720241,
      "loc": 3,
      "operands_sum": 698,
      "operands_uniq": 111,
      "operators_sum": 829,
      "operators_uniq": 33
    },
    "mean": {
      "comment_ratio": 44.4249250800868,
      "cyclomatic_complexity": 2,
      "fanout_external": 7,
      "fanout_internal": 1,
      "halstead_bugprop": 3.6494918257341364,
      "halstead_difficulty": 103.75675675675676,
      "halstead_effort": 1135978.3069454068,
      "halstead_timerequired": 63109.90594141149,
      "halstead_volume": 10948.47547720241,
      "loc": 3,
      "operands_sum": 698,
      "operands_uniq": 111,
      "operators_sum": 829,
      "operators_uniq": 33
    },
    "median": {
      "comment_ratio": 44.4249250800868,
      "cyclomatic_complexity": 2,
      "fanout_external": 7,
      "fanout_internal": 1,
      "halstead_bugprop": 3.6494918257341364,
      "halstead_difficulty": 103.75675675675676,
      "halstead_effort": 1135978.3069454068,
      "halstead_timerequired": 63109.90594141149,
      "halstead_volume": 10948.47547720241,
      "loc": 3,
      "operands_sum": 698,
      "operands_uniq": 111,
      "operators_sum": 829,
      "operators_uniq": 33
    },
    "min": {
      "comment_ratio": 44.4249250800868,
      "cyclomatic_complexity": 2,
      "fanout_external": 7,
      "fanout_internal": 1,
      "halstead_bugprop": 3.6494918257341364,
      "halstead_difficulty": 103.75675675675676,
      "halstead_effort": 1135978.3069454068,
      "halstead_timerequired": 63109.90594141149,
      "halstead_volume": 10948.47547720241,
      "loc": 3,
      "operands_sum": 698,
      "operands_uniq": 111,
      "operators_sum": 829,
      "operators_uniq": 33
    }
  }
}
