{
  "files": {
    "/Users/lorraynereis/Documents/PUC /Engenharia de Sofware/7 Peri\u0301odo/TCC 1/plf-es-2022-2-tcci-5308100-pes-lorrayne-reis/Instrumentos/Codigos/Collect-repositories/Repositories/Cloned-repositories/MotionPlanning/CurvesGenerator/cubic_spline.py": {
      "comment_ratio": 14.361879373542152,
      "cyclomatic_complexity": 2,
      "fanout_external": 7,
      "fanout_internal": 1,
      "halstead_bugprop": 3.693999218635565,
      "halstead_difficulty": 97.60169491525424,
      "halstead_effort": 1081621.754263368,
      "halstead_timerequired": 60090.097459076,
      "halstead_volume": 11081.997655906694,
      "lang": [
        "Python"
      ],
      "loc": 3,
      "operands_sum": 698,
      "operands_uniq": 118,
      "operators_sum": 833,
      "operators_uniq": 33
    }
  },
  "overall": {
    "comment_ratio": 14.361879373542152,
    "cyclomatic_complexity": 2,
    "fanout_external": 7,
    "fanout_internal": 1,
    "halstead_bugprop": 3.693999218635565,
    "halstead_difficulty": 97.60169491525424,
    "halstead_effort": 1081621.754263368,
    "halstead_timerequired": 60090.097459076,
    "halstead_volume": 11081.997655906694,
    "loc": 3,
    "maintainability_index": 100,
    "operands_sum": 698,
    "operands_uniq": 118,
    "operators_sum": 833,
    "operators_uniq": 33,
    "pylint": 100.0,
    "tiobe": 99.22835820895523,
    "tiobe_compiler": 100.0,
    "tiobe_complexity": 95.5223880597015,
    "tiobe_coverage": 100.0,
    "tiobe_duplication": 100.0,
    "tiobe_fanout": 98.0,
    "tiobe_functional": 100.0,
    "tiobe_security": 100.0,
    "tiobe_standard": 100.0
  },
  "stats": {
    "max": {
      "comment_ratio": 14.361879373542152,
      "cyclomatic_complexity": 2,
      "fanout_external": 7,
      "fanout_internal": 1,
      "halstead_bugprop": 3.693999218635565,
      "halstead_difficulty": 97.60169491525424,
      "halstead_effort": 1081621.754263368,
      "halstead_timerequired": 60090.097459076,
      "halstead_volume": 11081.997655906694,
      "loc": 3,
      "operands_sum": 698,
      "operands_uniq": 118,
      "operators_sum": 833,
      "operators_uniq": 33
    },
    "mean": {
      "comment_ratio": 14.361879373542152,
      "cyclomatic_complexity": 2,
      "fanout_external": 7,
      "fanout_internal": 1,
      "halstead_bugprop": 3.693999218635565,
      "halstead_difficulty": 97.60169491525424,
      "halstead_effort": 1081621.754263368,
      "halstead_timerequired": 60090.097459076,
      "halstead_volume": 11081.997655906694,
      "loc": 3,
      "operands_sum": 698,
      "operands_uniq": 118,
      "operators_sum": 833,
      "operators_uniq": 33
    },
    "median": {
      "comment_ratio": 14.361879373542152,
      "cyclomatic_complexity": 2,
      "fanout_external": 7,
      "fanout_internal": 1,
      "halstead_bugprop": 3.693999218635565,
      "halstead_difficulty": 97.60169491525424,
      "halstead_effort": 1081621.754263368,
      "halstead_timerequired": 60090.097459076,
      "halstead_volume": 11081.997655906694,
      "loc": 3,
      "operands_sum": 698,
      "operands_uniq": 118,
      "operators_sum": 833,
      "operators_uniq": 33
    },
    "min": {
      "comment_ratio": 14.361879373542152,
      "cyclomatic_complexity": 2,
      "fanout_external": 7,
      "fanout_internal": 1,
      "halstead_bugprop": 3.693999218635565,
      "halstead_difficulty": 97.60169491525424,
      "halstead_effort": 1081621.754263368,
      "halstead_timerequired": 60090.097459076,
      "halstead_volume": 11081.997655906694,
      "loc": 3,
      "operands_sum": 698,
      "operands_uniq": 118,
      "operators_sum": 833,
      "operators_uniq": 33
    }
  }
}
