{
  "files": {
    "/Users/lorraynereis/Documents/PUC /Engenharia de Sofware/7 Peri\u0301odo/TCC 1/plf-es-2022-2-tcci-5308100-pes-lorrayne-reis/Instrumentos/Codigos/Collect-repositories/Repositories/Cloned-repositories/Ultra-Fast-Lane-Detection/configs/culane.py": {
      "comment_ratio": 19.136960600375236,
      "cyclomatic_complexity": 2,
      "fanout_external": 0,
      "fanout_internal": 0,
      "halstead_bugprop": 0.11708241808752198,
      "halstead_difficulty": 2.111111111111111,
      "halstead_effort": 741.5219812209725,
      "halstead_timerequired": 41.19566562338736,
      "halstead_volume": 351.24725426256595,
      "lang": [
        "Python"
      ],
      "loc": 1,
      "operands_sum": 38,
      "operands_uniq": 36,
      "operators_sum": 28,
      "operators_uniq": 4
    }
  },
  "overall": {
    "comment_ratio": 19.136960600375236,
    "cyclomatic_complexity": 2,
    "fanout_external": 0,
    "fanout_internal": 0,
    "halstead_bugprop": 0.11708241808752198,
    "halstead_difficulty": 2.111111111111111,
    "halstead_effort": 741.5219812209725,
    "halstead_timerequired": 41.19566562338736,
    "halstead_volume": 351.24725426256595,
    "loc": 1,
    "maintainability_index": 100,
    "operands_sum": 38,
    "operands_uniq": 36,
    "operators_sum": 28,
    "operators_uniq": 4,
    "pylint": 100.0,
    "tiobe": 99.32835820895522,
    "tiobe_compiler": 100.0,
    "tiobe_complexity": 95.5223880597015,
    "tiobe_coverage": 100.0,
    "tiobe_duplication": 100.0,
    "tiobe_fanout": 100.0,
    "tiobe_functional": 100.0,
    "tiobe_security": 100.0,
    "tiobe_standard": 100.0
  },
  "stats": {
    "max": {
      "comment_ratio": 19.136960600375236,
      "cyclomatic_complexity": 2,
      "fanout_external": 0,
      "fanout_internal": 0,
      "halstead_bugprop": 0.11708241808752198,
      "halstead_difficulty": 2.111111111111111,
      "halstead_effort": 741.5219812209725,
      "halstead_timerequired": 41.19566562338736,
      "halstead_volume": 351.24725426256595,
      "loc": 1,
      "operands_sum": 38,
      "operands_uniq": 36,
      "operators_sum": 28,
      "operators_uniq": 4
    },
    "mean": {
      "comment_ratio": 19.136960600375236,
      "cyclomatic_complexity": 2,
      "fanout_external": 0,
      "fanout_internal": 0,
      "halstead_bugprop": 0.11708241808752198,
      "halstead_difficulty": 2.111111111111111,
      "halstead_effort": 741.5219812209725,
      "halstead_timerequired": 41.19566562338736,
      "halstead_volume": 351.24725426256595,
      "loc": 1,
      "operands_sum": 38,
      "operands_uniq": 36,
      "operators_sum": 28,
      "operators_uniq": 4
    },
    "median": {
      "comment_ratio": 19.136960600375236,
      "cyclomatic_complexity": 2,
      "fanout_external": 0,
      "fanout_internal": 0,
      "halstead_bugprop": 0.11708241808752198,
      "halstead_difficulty": 2.111111111111111,
      "halstead_effort": 741.5219812209725,
      "halstead_timerequired": 41.19566562338736,
      "halstead_volume": 351.24725426256595,
      "loc": 1,
      "operands_sum": 38,
      "operands_uniq": 36,
      "operators_sum": 28,
      "operators_uniq": 4
    },
    "min": {
      "comment_ratio": 19.136960600375236,
      "cyclomatic_complexity": 2,
      "fanout_external": 0,
      "fanout_internal": 0,
      "halstead_bugprop": 0.11708241808752198,
      "halstead_difficulty": 2.111111111111111,
      "halstead_effort": 741.5219812209725,
      "halstead_timerequired": 41.19566562338736,
      "halstead_volume": 351.24725426256595,
      "loc": 1,
      "operands_sum": 38,
      "operands_uniq": 36,
      "operators_sum": 28,
      "operators_uniq": 4
    }
  }
}
