{
  "files": {
    "/Users/lorraynereis/Documents/PUC /Engenharia de Sofware/7 Peri\u0301odo/TCC 1/plf-es-2022-2-tcci-5308100-pes-lorrayne-reis/Instrumentos/Codigos/Collect-repositories/Repositories/Cloned-repositories/CVPR2023-3D-Occupancy-Prediction/projects/configs/datasets/custom_nus-3d.py": {
      "comment_ratio": 23.122448979591837,
      "cyclomatic_complexity": 2,
      "fanout_external": 0,
      "fanout_internal": 0,
      "halstead_bugprop": 1.0991847543721307,
      "halstead_difficulty": 13.548387096774194,
      "halstead_effort": 44676.54162931886,
      "halstead_timerequired": 2482.0300905177146,
      "halstead_volume": 3297.554263116392,
      "lang": [
        "Python"
      ],
      "loc": 1,
      "operands_sum": 210,
      "operands_uniq": 62,
      "operators_sum": 328,
      "operators_uniq": 8
    }
  },
  "overall": {
    "comment_ratio": 23.122448979591837,
    "cyclomatic_complexity": 2,
    "fanout_external": 0,
    "fanout_internal": 0,
    "halstead_bugprop": 1.0991847543721307,
    "halstead_difficulty": 13.548387096774194,
    "halstead_effort": 44676.54162931886,
    "halstead_timerequired": 2482.0300905177146,
    "halstead_volume": 3297.554263116392,
    "loc": 1,
    "maintainability_index": 100,
    "operands_sum": 210,
    "operands_uniq": 62,
    "operators_sum": 328,
    "operators_uniq": 8,
    "pylint": 100.0,
    "tiobe": 99.32835820895522,
    "tiobe_compiler": 100.0,
    "tiobe_complexity": 95.5223880597015,
    "tiobe_coverage": 100.0,
    "tiobe_duplication": 100.0,
    "tiobe_fanout": 100.0,
    "tiobe_functional": 100.0,
    "tiobe_security": 100.0,
    "tiobe_standard": 100.0
  },
  "stats": {
    "max": {
      "comment_ratio": 23.122448979591837,
      "cyclomatic_complexity": 2,
      "fanout_external": 0,
      "fanout_internal": 0,
      "halstead_bugprop": 1.0991847543721307,
      "halstead_difficulty": 13.548387096774194,
      "halstead_effort": 44676.54162931886,
      "halstead_timerequired": 2482.0300905177146,
      "halstead_volume": 3297.554263116392,
      "loc": 1,
      "operands_sum": 210,
      "operands_uniq": 62,
      "operators_sum": 328,
      "operators_uniq": 8
    },
    "mean": {
      "comment_ratio": 23.122448979591837,
      "cyclomatic_complexity": 2,
      "fanout_external": 0,
      "fanout_internal": 0,
      "halstead_bugprop": 1.0991847543721307,
      "halstead_difficulty": 13.548387096774194,
      "halstead_effort": 44676.54162931886,
      "halstead_timerequired": 2482.0300905177146,
      "halstead_volume": 3297.554263116392,
      "loc": 1,
      "operands_sum": 210,
      "operands_uniq": 62,
      "operators_sum": 328,
      "operators_uniq": 8
    },
    "median": {
      "comment_ratio": 23.122448979591837,
      "cyclomatic_complexity": 2,
      "fanout_external": 0,
      "fanout_internal": 0,
      "halstead_bugprop": 1.0991847543721307,
      "halstead_difficulty": 13.548387096774194,
      "halstead_effort": 44676.54162931886,
      "halstead_timerequired": 2482.0300905177146,
      "halstead_volume": 3297.554263116392,
      "loc": 1,
      "operands_sum": 210,
      "operands_uniq": 62,
      "operators_sum": 328,
      "operators_uniq": 8
    },
    "min": {
      "comment_ratio": 23.122448979591837,
      "cyclomatic_complexity": 2,
      "fanout_external": 0,
      "fanout_internal": 0,
      "halstead_bugprop": 1.0991847543721307,
      "halstead_difficulty": 13.548387096774194,
      "halstead_effort": 44676.54162931886,
      "halstead_timerequired": 2482.0300905177146,
      "halstead_volume": 3297.554263116392,
      "loc": 1,
      "operands_sum": 210,
      "operands_uniq": 62,
      "operators_sum": 328,
      "operators_uniq": 8
    }
  }
}
