{
  "files": {
    "/Users/lorraynereis/Documents/PUC /Engenharia de Sofware/7 Peri\u0301odo/TCC 1/plf-es-2022-2-tcci-5308100-pes-lorrayne-reis/Instrumentos/Codigos/Collect-repositories/Repositories/Cloned-repositories/CVPR2023-3D-Occupancy-Prediction/projects/mmdet3d_plugin/bevformer/modules/custom_base_transformer_layer.py": {
      "comment_ratio": 33.60956036287509,
      "cyclomatic_complexity": 27,
      "fanout_external": 13,
      "fanout_internal": 1,
      "halstead_bugprop": 1.7563721658028868,
      "halstead_difficulty": 39.758426966292134,
      "halstead_effort": 209491.78343910724,
      "halstead_timerequired": 11638.432413283736,
      "halstead_volume": 5269.1164974086605,
      "lang": [
        "Python"
      ],
      "loc": 10,
      "operands_sum": 337,
      "operands_uniq": 89,
      "operators_sum": 440,
      "operators_uniq": 21
    }
  },
  "overall": {
    "comment_ratio": 33.60956036287509,
    "cyclomatic_complexity": 27,
    "fanout_external": 13,
    "fanout_internal": 1,
    "halstead_bugprop": 1.7563721658028868,
    "halstead_difficulty": 39.758426966292134,
    "halstead_effort": 209491.78343910724,
    "halstead_timerequired": 11638.432413283736,
    "halstead_volume": 5269.1164974086605,
    "loc": 10,
    "maintainability_index": 82.92610799785814,
    "operands_sum": 337,
    "operands_uniq": 89,
    "operators_sum": 440,
    "operators_uniq": 21,
    "pylint": 100.0,
    "tiobe": 84.35054759898905,
    "tiobe_compiler": 100.0,
    "tiobe_complexity": 0.33698399326032014,
    "tiobe_coverage": 100.0,
    "tiobe_duplication": 100.0,
    "tiobe_fanout": 86.0,
    "tiobe_functional": 100.0,
    "tiobe_security": 100.0,
    "tiobe_standard": 100.0
  },
  "stats": {
    "max": {
      "comment_ratio": 33.60956036287509,
      "cyclomatic_complexity": 27,
      "fanout_external": 13,
      "fanout_internal": 1,
      "halstead_bugprop": 1.7563721658028868,
      "halstead_difficulty": 39.758426966292134,
      "halstead_effort": 209491.78343910724,
      "halstead_timerequired": 11638.432413283736,
      "halstead_volume": 5269.1164974086605,
      "loc": 10,
      "operands_sum": 337,
      "operands_uniq": 89,
      "operators_sum": 440,
      "operators_uniq": 21
    },
    "mean": {
      "comment_ratio": 33.60956036287509,
      "cyclomatic_complexity": 27,
      "fanout_external": 13,
      "fanout_internal": 1,
      "halstead_bugprop": 1.7563721658028868,
      "halstead_difficulty": 39.758426966292134,
      "halstead_effort": 209491.78343910724,
      "halstead_timerequired": 11638.432413283736,
      "halstead_volume": 5269.1164974086605,
      "loc": 10,
      "operands_sum": 337,
      "operands_uniq": 89,
      "operators_sum": 440,
      "operators_uniq": 21
    },
    "median": {
      "comment_ratio": 33.60956036287509,
      "cyclomatic_complexity": 27,
      "fanout_external": 13,
      "fanout_internal": 1,
      "halstead_bugprop": 1.7563721658028868,
      "halstead_difficulty": 39.758426966292134,
      "halstead_effort": 209491.78343910724,
      "halstead_timerequired": 11638.432413283736,
      "halstead_volume": 5269.1164974086605,
      "loc": 10,
      "operands_sum": 337,
      "operands_uniq": 89,
      "operators_sum": 440,
      "operators_uniq": 21
    },
    "min": {
      "comment_ratio": 33.60956036287509,
      "cyclomatic_complexity": 27,
      "fanout_external": 13,
      "fanout_internal": 1,
      "halstead_bugprop": 1.7563721658028868,
      "halstead_difficulty": 39.758426966292134,
      "halstead_effort": 209491.78343910724,
      "halstead_timerequired": 11638.432413283736,
      "halstead_volume": 5269.1164974086605,
      "loc": 10,
      "operands_sum": 337,
      "operands_uniq": 89,
      "operators_sum": 440,
      "operators_uniq": 21
    }
  }
}
