{
  "files": {
    "/Users/lorraynereis/Documents/PUC /Engenharia de Sofware/7 Peri\u0301odo/TCC 1/plf-es-2022-2-tcci-5308100-pes-lorrayne-reis/Instrumentos/Codigos/Collect-repositories/Repositories/Cloned-repositories/CVPR2023-3D-Occupancy-Prediction/projects/configs/_base_/schedules/cyclic_40e.py": {
      "comment_ratio": 70.61068702290076,
      "cyclomatic_complexity": 2,
      "fanout_external": 0,
      "fanout_internal": 0,
      "halstead_bugprop": 0.17636537849667844,
      "halstead_difficulty": 3.9655172413793105,
      "halstead_effort": 2098.1398476328986,
      "halstead_timerequired": 116.56332486849436,
      "halstead_volume": 529.0961354900353,
      "lang": [
        "Python"
      ],
      "loc": 1,
      "operands_sum": 46,
      "operands_uniq": 29,
      "operators_sum": 58,
      "operators_uniq": 5
    }
  },
  "overall": {
    "comment_ratio": 70.61068702290076,
    "cyclomatic_complexity": 2,
    "fanout_external": 0,
    "fanout_internal": 0,
    "halstead_bugprop": 0.17636537849667844,
    "halstead_difficulty": 3.9655172413793105,
    "halstead_effort": 2098.1398476328986,
    "halstead_timerequired": 116.56332486849436,
    "halstead_volume": 529.0961354900353,
    "loc": 1,
    "maintainability_index": 100,
    "operands_sum": 46,
    "operands_uniq": 29,
    "operators_sum": 58,
    "operators_uniq": 5,
    "pylint": 100.0,
    "tiobe": 99.32835820895522,
    "tiobe_compiler": 100.0,
    "tiobe_complexity": 95.5223880597015,
    "tiobe_coverage": 100.0,
    "tiobe_duplication": 100.0,
    "tiobe_fanout": 100.0,
    "tiobe_functional": 100.0,
    "tiobe_security": 100.0,
    "tiobe_standard": 100.0
  },
  "stats": {
    "max": {
      "comment_ratio": 70.61068702290076,
      "cyclomatic_complexity": 2,
      "fanout_external": 0,
      "fanout_internal": 0,
      "halstead_bugprop": 0.17636537849667844,
      "halstead_difficulty": 3.9655172413793105,
      "halstead_effort": 2098.1398476328986,
      "halstead_timerequired": 116.56332486849436,
      "halstead_volume": 529.0961354900353,
      "loc": 1,
      "operands_sum": 46,
      "operands_uniq": 29,
      "operators_sum": 58,
      "operators_uniq": 5
    },
    "mean": {
      "comment_ratio": 70.61068702290076,
      "cyclomatic_complexity": 2,
      "fanout_external": 0,
      "fanout_internal": 0,
      "halstead_bugprop": 0.17636537849667844,
      "halstead_difficulty": 3.9655172413793105,
      "halstead_effort": 2098.1398476328986,
      "halstead_timerequired": 116.56332486849436,
      "halstead_volume": 529.0961354900353,
      "loc": 1,
      "operands_sum": 46,
      "operands_uniq": 29,
      "operators_sum": 58,
      "operators_uniq": 5
    },
    "median": {
      "comment_ratio": 70.61068702290076,
      "cyclomatic_complexity": 2,
      "fanout_external": 0,
      "fanout_internal": 0,
      "halstead_bugprop": 0.17636537849667844,
      "halstead_difficulty": 3.9655172413793105,
      "halstead_effort": 2098.1398476328986,
      "halstead_timerequired": 116.56332486849436,
      "halstead_volume": 529.0961354900353,
      "loc": 1,
      "operands_sum": 46,
      "operands_uniq": 29,
      "operators_sum": 58,
      "operators_uniq": 5
    },
    "min": {
      "comment_ratio": 70.61068702290076,
      "cyclomatic_complexity": 2,
      "fanout_external": 0,
      "fanout_internal": 0,
      "halstead_bugprop": 0.17636537849667844,
      "halstead_difficulty": 3.9655172413793105,
      "halstead_effort": 2098.1398476328986,
      "halstead_timerequired": 116.56332486849436,
      "halstead_volume": 529.0961354900353,
      "loc": 1,
      "operands_sum": 46,
      "operands_uniq": 29,
      "operators_sum": 58,
      "operators_uniq": 5
    }
  }
}
