{
  "files": {
    "/Users/lorraynereis/Documents/PUC /Engenharia de Sofware/7 Peri\u0301odo/TCC 1/plf-es-2022-2-tcci-5308100-pes-lorrayne-reis/Instrumentos/Codigos/Collect-repositories/Repositories/Cloned-repositories/PythonRobotics/PathPlanning/DStarLite/d_star_lite.py": {
      "comment_ratio": 12.020845396641574,
      "cyclomatic_complexity": 45,
      "fanout_external": 7,
      "fanout_internal": 1,
      "halstead_bugprop": 7.998522697384953,
      "halstead_difficulty": 159.29834254143645,
      "halstead_effort": 3822454.2254204475,
      "halstead_timerequired": 212358.56807891376,
      "halstead_volume": 23995.56809215486,
      "lang": [
        "Python"
      ],
      "loc": 5,
      "operands_sum": 1373,
      "operands_uniq": 181,
      "operators_sum": 1703,
      "operators_uniq": 42
    }
  },
  "overall": {
    "comment_ratio": 12.020845396641574,
    "cyclomatic_complexity": 45,
    "fanout_external": 7,
    "fanout_internal": 1,
    "halstead_bugprop": 7.998522697384953,
    "halstead_difficulty": 159.29834254143645,
    "halstead_effort": 3822454.2254204475,
    "halstead_timerequired": 212358.56807891376,
    "halstead_volume": 23995.56809215486,
    "loc": 5,
    "maintainability_index": 82.13185878542279,
    "operands_sum": 1373,
    "operands_uniq": 181,
    "operators_sum": 1703,
    "operators_uniq": 42,
    "pylint": 100.0,
    "tiobe": 84.91077199281867,
    "tiobe_compiler": 100.0,
    "tiobe_complexity": 0.0718132854578097,
    "tiobe_coverage": 100.0,
    "tiobe_duplication": 100.0,
    "tiobe_fanout": 98.0,
    "tiobe_functional": 100.0,
    "tiobe_security": 100.0,
    "tiobe_standard": 100.0
  },
  "stats": {
    "max": {
      "comment_ratio": 12.020845396641574,
      "cyclomatic_complexity": 45,
      "fanout_external": 7,
      "fanout_internal": 1,
      "halstead_bugprop": 7.998522697384953,
      "halstead_difficulty": 159.29834254143645,
      "halstead_effort": 3822454.2254204475,
      "halstead_timerequired": 212358.56807891376,
      "halstead_volume": 23995.56809215486,
      "loc": 5,
      "operands_sum": 1373,
      "operands_uniq": 181,
      "operators_sum": 1703,
      "operators_uniq": 42
    },
    "mean": {
      "comment_ratio": 12.020845396641574,
      "cyclomatic_complexity": 45,
      "fanout_external": 7,
      "fanout_internal": 1,
      "halstead_bugprop": 7.998522697384953,
      "halstead_difficulty": 159.29834254143645,
      "halstead_effort": 3822454.2254204475,
      "halstead_timerequired": 212358.56807891376,
      "halstead_volume": 23995.56809215486,
      "loc": 5,
      "operands_sum": 1373,
      "operands_uniq": 181,
      "operators_sum": 1703,
      "operators_uniq": 42
    },
    "median": {
      "comment_ratio": 12.020845396641574,
      "cyclomatic_complexity": 45,
      "fanout_external": 7,
      "fanout_internal": 1,
      "halstead_bugprop": 7.998522697384953,
      "halstead_difficulty": 159.29834254143645,
      "halstead_effort": 3822454.2254204475,
      "halstead_timerequired": 212358.56807891376,
      "halstead_volume": 23995.56809215486,
      "loc": 5,
      "operands_sum": 1373,
      "operands_uniq": 181,
      "operators_sum": 1703,
      "operators_uniq": 42
    },
    "min": {
      "comment_ratio": 12.020845396641574,
      "cyclomatic_complexity": 45,
      "fanout_external": 7,
      "fanout_internal": 1,
      "halstead_bugprop": 7.998522697384953,
      "halstead_difficulty": 159.29834254143645,
      "halstead_effort": 3822454.2254204475,
      "halstead_timerequired": 212358.56807891376,
      "halstead_volume": 23995.56809215486,
      "loc": 5,
      "operands_sum": 1373,
      "operands_uniq": 181,
      "operators_sum": 1703,
      "operators_uniq": 42
    }
  }
}
