{
  "files": {
    "/Users/lorraynereis/Documents/PUC /Engenharia de Sofware/7 Peri\u0301odo/TCC 1/plf-es-2022-2-tcci-5308100-pes-lorrayne-reis/Instrumentos/Codigos/Collect-repositories/Repositories/Cloned-repositories/pylot/pylot/perception/tracking/da_siam_rpn_tracker.py": {
      "comment_ratio": 23.544216908820502,
      "cyclomatic_complexity": 22,
      "fanout_external": 15,
      "fanout_internal": 1,
      "halstead_bugprop": 2.115276494442387,
      "halstead_difficulty": 55.23979591836735,
      "halstead_effort": 350542.3255917509,
      "halstead_timerequired": 19474.57364398616,
      "halstead_volume": 6345.829483327161,
      "lang": [
        "Python"
      ],
      "loc": 3,
      "operands_sum": 401,
      "operands_uniq": 98,
      "operators_sum": 510,
      "operators_uniq": 27
    }
  },
  "overall": {
    "comment_ratio": 23.544216908820502,
    "cyclomatic_complexity": 22,
    "fanout_external": 15,
    "fanout_internal": 1,
    "halstead_bugprop": 2.115276494442387,
    "halstead_difficulty": 55.23979591836735,
    "halstead_effort": 350542.3255917509,
    "halstead_timerequired": 19474.57364398616,
    "halstead_volume": 6345.829483327161,
    "loc": 3,
    "maintainability_index": 100,
    "operands_sum": 401,
    "operands_uniq": 98,
    "operators_sum": 510,
    "operators_uniq": 27,
    "pylint": 100.0,
    "tiobe": 84.19405310081316,
    "tiobe_compiler": 100.0,
    "tiobe_complexity": 0.6270206720877829,
    "tiobe_coverage": 100.0,
    "tiobe_duplication": 100.0,
    "tiobe_fanout": 82.0,
    "tiobe_functional": 100.0,
    "tiobe_security": 100.0,
    "tiobe_standard": 100.0
  },
  "stats": {
    "max": {
      "comment_ratio": 23.544216908820502,
      "cyclomatic_complexity": 22,
      "fanout_external": 15,
      "fanout_internal": 1,
      "halstead_bugprop": 2.115276494442387,
      "halstead_difficulty": 55.23979591836735,
      "halstead_effort": 350542.3255917509,
      "halstead_timerequired": 19474.57364398616,
      "halstead_volume": 6345.829483327161,
      "loc": 3,
      "operands_sum": 401,
      "operands_uniq": 98,
      "operators_sum": 510,
      "operators_uniq": 27
    },
    "mean": {
      "comment_ratio": 23.544216908820502,
      "cyclomatic_complexity": 22,
      "fanout_external": 15,
      "fanout_internal": 1,
      "halstead_bugprop": 2.115276494442387,
      "halstead_difficulty": 55.23979591836735,
      "halstead_effort": 350542.3255917509,
      "halstead_timerequired": 19474.57364398616,
      "halstead_volume": 6345.829483327161,
      "loc": 3,
      "operands_sum": 401,
      "operands_uniq": 98,
      "operators_sum": 510,
      "operators_uniq": 27
    },
    "median": {
      "comment_ratio": 23.544216908820502,
      "cyclomatic_complexity": 22,
      "fanout_external": 15,
      "fanout_internal": 1,
      "halstead_bugprop": 2.115276494442387,
      "halstead_difficulty": 55.23979591836735,
      "halstead_effort": 350542.3255917509,
      "halstead_timerequired": 19474.57364398616,
      "halstead_volume": 6345.829483327161,
      "loc": 3,
      "operands_sum": 401,
      "operands_uniq": 98,
      "operators_sum": 510,
      "operators_uniq": 27
    },
    "min": {
      "comment_ratio": 23.544216908820502,
      "cyclomatic_complexity": 22,
      "fanout_external": 15,
      "fanout_internal": 1,
      "halstead_bugprop": 2.115276494442387,
      "halstead_difficulty": 55.23979591836735,
      "halstead_effort": 350542.3255917509,
      "halstead_timerequired": 19474.57364398616,
      "halstead_volume": 6345.829483327161,
      "loc": 3,
      "operands_sum": 401,
      "operands_uniq": 98,
      "operators_sum": 510,
      "operators_uniq": 27
    }
  }
}
