{
  "files": {
    "/Users/lorraynereis/Documents/PUC /Engenharia de Sofware/7 Peri\u0301odo/TCC 1/plf-es-2022-2-tcci-5308100-pes-lorrayne-reis/Instrumentos/Codigos/Collect-repositories/Repositories/Cloned-repositories/pylot/data_gatherer.py": {
      "comment_ratio": 5.009809417040358,
      "cyclomatic_complexity": 32,
      "fanout_external": 11,
      "fanout_internal": 1,
      "halstead_bugprop": 3.005167647036939,
      "halstead_difficulty": 32.67785234899329,
      "halstead_effort": 294607.273961534,
      "halstead_timerequired": 16367.07077564078,
      "halstead_volume": 9015.502941110817,
      "lang": [
        "Python"
      ],
      "loc": 9,
      "operands_sum": 541,
      "operands_uniq": 149,
      "operators_sum": 680,
      "operators_uniq": 18
    }
  },
  "overall": {
    "comment_ratio": 5.009809417040358,
    "cyclomatic_complexity": 32,
    "fanout_external": 11,
    "fanout_internal": 1,
    "halstead_bugprop": 3.005167647036939,
    "halstead_difficulty": 32.67785234899329,
    "halstead_effort": 294607.273961534,
    "halstead_timerequired": 16367.07077564078,
    "halstead_volume": 9015.502941110817,
    "loc": 9,
    "maintainability_index": 80.69011704524121,
    "operands_sum": 541,
    "operands_uniq": 149,
    "operators_sum": 680,
    "operators_uniq": 18,
    "pylint": 100.0,
    "tiobe": 84.53021052962835,
    "tiobe_compiler": 100.0,
    "tiobe_complexity": 0.20140353085565033,
    "tiobe_coverage": 100.0,
    "tiobe_duplication": 100.0,
    "tiobe_fanout": 90.0,
    "tiobe_functional": 100.0,
    "tiobe_security": 100.0,
    "tiobe_standard": 100.0
  },
  "stats": {
    "max": {
      "comment_ratio": 5.009809417040358,
      "cyclomatic_complexity": 32,
      "fanout_external": 11,
      "fanout_internal": 1,
      "halstead_bugprop": 3.005167647036939,
      "halstead_difficulty": 32.67785234899329,
      "halstead_effort": 294607.273961534,
      "halstead_timerequired": 16367.07077564078,
      "halstead_volume": 9015.502941110817,
      "loc": 9,
      "operands_sum": 541,
      "operands_uniq": 149,
      "operators_sum": 680,
      "operators_uniq": 18
    },
    "mean": {
      "comment_ratio": 5.009809417040358,
      "cyclomatic_complexity": 32,
      "fanout_external": 11,
      "fanout_internal": 1,
      "halstead_bugprop": 3.005167647036939,
      "halstead_difficulty": 32.67785234899329,
      "halstead_effort": 294607.273961534,
      "halstead_timerequired": 16367.07077564078,
      "halstead_volume": 9015.502941110817,
      "loc": 9,
      "operands_sum": 541,
      "operands_uniq": 149,
      "operators_sum": 680,
      "operators_uniq": 18
    },
    "median": {
      "comment_ratio": 5.009809417040358,
      "cyclomatic_complexity": 32,
      "fanout_external": 11,
      "fanout_internal": 1,
      "halstead_bugprop": 3.005167647036939,
      "halstead_difficulty": 32.67785234899329,
      "halstead_effort": 294607.273961534,
      "halstead_timerequired": 16367.07077564078,
      "halstead_volume": 9015.502941110817,
      "loc": 9,
      "operands_sum": 541,
      "operands_uniq": 149,
      "operators_sum": 680,
      "operators_uniq": 18
    },
    "min": {
      "comment_ratio": 5.009809417040358,
      "cyclomatic_complexity": 32,
      "fanout_external": 11,
      "fanout_internal": 1,
      "halstead_bugprop": 3.005167647036939,
      "halstead_difficulty": 32.67785234899329,
      "halstead_effort": 294607.273961534,
      "halstead_timerequired": 16367.07077564078,
      "halstead_volume": 9015.502941110817,
      "loc": 9,
      "operands_sum": 541,
      "operands_uniq": 149,
      "operators_sum": 680,
      "operators_uniq": 18
    }
  }
}
