{
  "files": {
    "/Users/lorraynereis/Documents/PUC /Engenharia de Sofware/7 Peri\u0301odo/TCC 1/plf-es-2022-2-tcci-5308100-pes-lorrayne-reis/Instrumentos/Codigos/Collect-repositories/Repositories/Cloned-repositories/l5kit/l5kit/l5kit/tests/simulation/dataset_test.py": {
      "comment_ratio": 8.373349339735894,
      "cyclomatic_complexity": 0,
      "fanout_external": 11,
      "fanout_internal": 1,
      "halstead_bugprop": 3.9415511206333314,
      "halstead_difficulty": 93.67289719626169,
      "halstead_effort": 1107649.5387506883,
      "halstead_timerequired": 61536.08548614935,
      "halstead_volume": 11824.653361899995,
      "lang": [
        "Python"
      ],
      "loc": 1,
      "operands_sum": 771,
      "operands_uniq": 107,
      "operators_sum": 905,
      "operators_uniq": 26
    }
  },
  "overall": {
    "comment_ratio": 8.373349339735894,
    "cyclomatic_complexity": 0,
    "fanout_external": 11,
    "fanout_internal": 1,
    "halstead_bugprop": 3.9415511206333314,
    "halstead_difficulty": 93.67289719626169,
    "halstead_effort": 1107649.5387506883,
    "halstead_timerequired": 61536.08548614935,
    "halstead_volume": 11824.653361899995,
    "loc": 1,
    "maintainability_index": 100,
    "operands_sum": 771,
    "operands_uniq": 107,
    "operators_sum": 905,
    "operators_uniq": 26,
    "pylint": 100.0,
    "tiobe": 99.26923076923077,
    "tiobe_compiler": 100.0,
    "tiobe_complexity": 98.46153846153847,
    "tiobe_coverage": 100.0,
    "tiobe_duplication": 100.0,
    "tiobe_fanout": 90.0,
    "tiobe_functional": 100.0,
    "tiobe_security": 100.0,
    "tiobe_standard": 100.0
  },
  "stats": {
    "max": {
      "comment_ratio": 8.373349339735894,
      "cyclomatic_complexity": 0,
      "fanout_external": 11,
      "fanout_internal": 1,
      "halstead_bugprop": 3.9415511206333314,
      "halstead_difficulty": 93.67289719626169,
      "halstead_effort": 1107649.5387506883,
      "halstead_timerequired": 61536.08548614935,
      "halstead_volume": 11824.653361899995,
      "loc": 1,
      "operands_sum": 771,
      "operands_uniq": 107,
      "operators_sum": 905,
      "operators_uniq": 26
    },
    "mean": {
      "comment_ratio": 8.373349339735894,
      "cyclomatic_complexity": 0,
      "fanout_external": 11,
      "fanout_internal": 1,
      "halstead_bugprop": 3.9415511206333314,
      "halstead_difficulty": 93.67289719626169,
      "halstead_effort": 1107649.5387506883,
      "halstead_timerequired": 61536.08548614935,
      "halstead_volume": 11824.653361899995,
      "loc": 1,
      "operands_sum": 771,
      "operands_uniq": 107,
      "operators_sum": 905,
      "operators_uniq": 26
    },
    "median": {
      "comment_ratio": 8.373349339735894,
      "cyclomatic_complexity": 0,
      "fanout_external": 11,
      "fanout_internal": 1,
      "halstead_bugprop": 3.9415511206333314,
      "halstead_difficulty": 93.67289719626169,
      "halstead_effort": 1107649.5387506883,
      "halstead_timerequired": 61536.08548614935,
      "halstead_volume": 11824.653361899995,
      "loc": 1,
      "operands_sum": 771,
      "operands_uniq": 107,
      "operators_sum": 905,
      "operators_uniq": 26
    },
    "min": {
      "comment_ratio": 8.373349339735894,
      "cyclomatic_complexity": 0,
      "fanout_external": 11,
      "fanout_internal": 1,
      "halstead_bugprop": 3.9415511206333314,
      "halstead_difficulty": 93.67289719626169,
      "halstead_effort": 1107649.5387506883,
      "halstead_timerequired": 61536.08548614935,
      "halstead_volume": 11824.653361899995,
      "loc": 1,
      "operands_sum": 771,
      "operands_uniq": 107,
      "operators_sum": 905,
      "operators_uniq": 26
    }
  }
}
