{
  "files": {
    "/Users/lorraynereis/Documents/PUC /Engenharia de Sofware/7 Peri\u0301odo/TCC 1/plf-es-2022-2-tcci-5308100-pes-lorrayne-reis/Instrumentos/Codigos/Collect-repositories/Repositories/Cloned-repositories/Ultra-Fast-Lane-Detection/data/dataloader.py": {
      "comment_ratio": 7.398119122257054,
      "cyclomatic_complexity": 8,
      "fanout_external": 10,
      "fanout_internal": 1,
      "halstead_bugprop": 1.4487417808896974,
      "halstead_difficulty": 31.44047619047619,
      "halstead_effort": 136647.3944046318,
      "halstead_timerequired": 7591.521911368433,
      "halstead_volume": 4346.225342669092,
      "lang": [
        "Python"
      ],
      "loc": 1,
      "operands_sum": 278,
      "operands_uniq": 84,
      "operators_sum": 372,
      "operators_uniq": 19
    }
  },
  "overall": {
    "comment_ratio": 7.398119122257054,
    "cyclomatic_complexity": 8,
    "fanout_external": 10,
    "fanout_internal": 1,
    "halstead_bugprop": 1.4487417808896974,
    "halstead_difficulty": 31.44047619047619,
    "halstead_effort": 136647.3944046318,
    "halstead_timerequired": 7591.521911368433,
    "halstead_volume": 4346.225342669092,
    "loc": 1,
    "maintainability_index": 100,
    "operands_sum": 278,
    "operands_uniq": 84,
    "operators_sum": 372,
    "operators_uniq": 19,
    "pylint": 100.0,
    "tiobe": 86.5009900990099,
    "tiobe_compiler": 100.0,
    "tiobe_complexity": 12.673267326732674,
    "tiobe_coverage": 100.0,
    "tiobe_duplication": 100.0,
    "tiobe_fanout": 92.0,
    "tiobe_functional": 100.0,
    "tiobe_security": 100.0,
    "tiobe_standard": 100.0
  },
  "stats": {
    "max": {
      "comment_ratio": 7.398119122257054,
      "cyclomatic_complexity": 8,
      "fanout_external": 10,
      "fanout_internal": 1,
      "halstead_bugprop": 1.4487417808896974,
      "halstead_difficulty": 31.44047619047619,
      "halstead_effort": 136647.3944046318,
      "halstead_timerequired": 7591.521911368433,
      "halstead_volume": 4346.225342669092,
      "loc": 1,
      "operands_sum": 278,
      "operands_uniq": 84,
      "operators_sum": 372,
      "operators_uniq": 19
    },
    "mean": {
      "comment_ratio": 7.398119122257054,
      "cyclomatic_complexity": 8,
      "fanout_external": 10,
      "fanout_internal": 1,
      "halstead_bugprop": 1.4487417808896974,
      "halstead_difficulty": 31.44047619047619,
      "halstead_effort": 136647.3944046318,
      "halstead_timerequired": 7591.521911368433,
      "halstead_volume": 4346.225342669092,
      "loc": 1,
      "operands_sum": 278,
      "operands_uniq": 84,
      "operators_sum": 372,
      "operators_uniq": 19
    },
    "median": {
      "comment_ratio": 7.398119122257054,
      "cyclomatic_complexity": 8,
      "fanout_external": 10,
      "fanout_internal": 1,
      "halstead_bugprop": 1.4487417808896974,
      "halstead_difficulty": 31.44047619047619,
      "halstead_effort": 136647.3944046318,
      "halstead_timerequired": 7591.521911368433,
      "halstead_volume": 4346.225342669092,
      "loc": 1,
      "operands_sum": 278,
      "operands_uniq": 84,
      "operators_sum": 372,
      "operators_uniq": 19
    },
    "min": {
      "comment_ratio": 7.398119122257054,
      "cyclomatic_complexity": 8,
      "fanout_external": 10,
      "fanout_internal": 1,
      "halstead_bugprop": 1.4487417808896974,
      "halstead_difficulty": 31.44047619047619,
      "halstead_effort": 136647.3944046318,
      "halstead_timerequired": 7591.521911368433,
      "halstead_volume": 4346.225342669092,
      "loc": 1,
      "operands_sum": 278,
      "operands_uniq": 84,
      "operators_sum": 372,
      "operators_uniq": 19
    }
  }
}
