{
  "files": {
    "/Users/lorraynereis/Documents/PUC /Engenharia de Sofware/7 Peri\u0301odo/TCC 1/plf-es-2022-2-tcci-5308100-pes-lorrayne-reis/Instrumentos/Codigos/Collect-repositories/Repositories/Cloned-repositories/l5kit/l5kit/l5kit/simulation/dataset.py": {
      "comment_ratio": 36.35719347980156,
      "cyclomatic_complexity": 21,
      "fanout_external": 12,
      "fanout_internal": 1,
      "halstead_bugprop": 3.1072374233746722,
      "halstead_difficulty": 76.44736842105263,
      "halstead_effort": 712620.3722292176,
      "halstead_timerequired": 39590.02067940097,
      "halstead_volume": 9321.712270124017,
      "lang": [
        "Python"
      ],
      "loc": 1,
      "operands_sum": 581,
      "operands_uniq": 133,
      "operators_sum": 680,
      "operators_uniq": 35
    }
  },
  "overall": {
    "comment_ratio": 36.35719347980156,
    "cyclomatic_complexity": 21,
    "fanout_external": 12,
    "fanout_internal": 1,
    "halstead_bugprop": 3.1072374233746722,
    "halstead_difficulty": 76.44736842105263,
    "halstead_effort": 712620.3722292176,
    "halstead_timerequired": 39590.02067940097,
    "halstead_volume": 9321.712270124017,
    "loc": 1,
    "maintainability_index": 100,
    "operands_sum": 581,
    "operands_uniq": 133,
    "operators_sum": 680,
    "operators_uniq": 35,
    "pylint": 100.0,
    "tiobe": 84.50830324909748,
    "tiobe_compiler": 100.0,
    "tiobe_complexity": 0.7220216606498195,
    "tiobe_coverage": 100.0,
    "tiobe_duplication": 100.0,
    "tiobe_fanout": 88.0,
    "tiobe_functional": 100.0,
    "tiobe_security": 100.0,
    "tiobe_standard": 100.0
  },
  "stats": {
    "max": {
      "comment_ratio": 36.35719347980156,
      "cyclomatic_complexity": 21,
      "fanout_external": 12,
      "fanout_internal": 1,
      "halstead_bugprop": 3.1072374233746722,
      "halstead_difficulty": 76.44736842105263,
      "halstead_effort": 712620.3722292176,
      "halstead_timerequired": 39590.02067940097,
      "halstead_volume": 9321.712270124017,
      "loc": 1,
      "operands_sum": 581,
      "operands_uniq": 133,
      "operators_sum": 680,
      "operators_uniq": 35
    },
    "mean": {
      "comment_ratio": 36.35719347980156,
      "cyclomatic_complexity": 21,
      "fanout_external": 12,
      "fanout_internal": 1,
      "halstead_bugprop": 3.1072374233746722,
      "halstead_difficulty": 76.44736842105263,
      "halstead_effort": 712620.3722292176,
      "halstead_timerequired": 39590.02067940097,
      "halstead_volume": 9321.712270124017,
      "loc": 1,
      "operands_sum": 581,
      "operands_uniq": 133,
      "operators_sum": 680,
      "operators_uniq": 35
    },
    "median": {
      "comment_ratio": 36.35719347980156,
      "cyclomatic_complexity": 21,
      "fanout_external": 12,
      "fanout_internal": 1,
      "halstead_bugprop": 3.1072374233746722,
      "halstead_difficulty": 76.44736842105263,
      "halstead_effort": 712620.3722292176,
      "halstead_timerequired": 39590.02067940097,
      "halstead_volume": 9321.712270124017,
      "loc": 1,
      "operands_sum": 581,
      "operands_uniq": 133,
      "operators_sum": 680,
      "operators_uniq": 35
    },
    "min": {
      "comment_ratio": 36.35719347980156,
      "cyclomatic_complexity": 21,
      "fanout_external": 12,
      "fanout_internal": 1,
      "halstead_bugprop": 3.1072374233746722,
      "halstead_difficulty": 76.44736842105263,
      "halstead_effort": 712620.3722292176,
      "halstead_timerequired": 39590.02067940097,
      "halstead_volume": 9321.712270124017,
      "loc": 1,
      "operands_sum": 581,
      "operands_uniq": 133,
      "operators_sum": 680,
      "operators_uniq": 35
    }
  }
}
