{
  "files": {
    "/Users/lorraynereis/Documents/PUC /Engenharia de Sofware/7 Peri\u0301odo/TCC 1/plf-es-2022-2-tcci-5308100-pes-lorrayne-reis/Instrumentos/Codigos/Collect-repositories/Repositories/Cloned-repositories/CVPR2023-3D-Occupancy-Prediction/projects/mmdet3d_plugin/bevformer/modules/decoder.py": {
      "comment_ratio": 33.30279754774153,
      "cyclomatic_complexity": 19,
      "fanout_external": 23,
      "fanout_internal": 1,
      "halstead_bugprop": 3.3369707281981147,
      "halstead_difficulty": 64.20608108108108,
      "halstead_effort": 642761.439419647,
      "halstead_timerequired": 35708.96885664706,
      "halstead_volume": 10010.912184594345,
      "lang": [
        "Python"
      ],
      "loc": 6,
      "operands_sum": 543,
      "operands_uniq": 148,
      "operators_sum": 789,
      "operators_uniq": 35
    }
  },
  "overall": {
    "comment_ratio": 33.30279754774153,
    "cyclomatic_complexity": 19,
    "fanout_external": 23,
    "fanout_internal": 1,
    "halstead_bugprop": 3.3369707281981147,
    "halstead_difficulty": 64.20608108108108,
    "halstead_effort": 642761.439419647,
    "halstead_timerequired": 35708.96885664706,
    "halstead_volume": 10010.912184594345,
    "loc": 6,
    "maintainability_index": 89.70405542195996,
    "operands_sum": 543,
    "operands_uniq": 148,
    "operators_sum": 789,
    "operators_uniq": 35,
    "pylint": 100.0,
    "tiobe": 83.44669926650367,
    "tiobe_compiler": 100.0,
    "tiobe_complexity": 0.9779951100244498,
    "tiobe_coverage": 100.0,
    "tiobe_duplication": 100.0,
    "tiobe_fanout": 66.0,
    "tiobe_functional": 100.0,
    "tiobe_security": 100.0,
    "tiobe_standard": 100.0
  },
  "stats": {
    "max": {
      "comment_ratio": 33.30279754774153,
      "cyclomatic_complexity": 19,
      "fanout_external": 23,
      "fanout_internal": 1,
      "halstead_bugprop": 3.3369707281981147,
      "halstead_difficulty": 64.20608108108108,
      "halstead_effort": 642761.439419647,
      "halstead_timerequired": 35708.96885664706,
      "halstead_volume": 10010.912184594345,
      "loc": 6,
      "operands_sum": 543,
      "operands_uniq": 148,
      "operators_sum": 789,
      "operators_uniq": 35
    },
    "mean": {
      "comment_ratio": 33.30279754774153,
      "cyclomatic_complexity": 19,
      "fanout_external": 23,
      "fanout_internal": 1,
      "halstead_bugprop": 3.3369707281981147,
      "halstead_difficulty": 64.20608108108108,
      "halstead_effort": 642761.439419647,
      "halstead_timerequired": 35708.96885664706,
      "halstead_volume": 10010.912184594345,
      "loc": 6,
      "operands_sum": 543,
      "operands_uniq": 148,
      "operators_sum": 789,
      "operators_uniq": 35
    },
    "median": {
      "comment_ratio": 33.30279754774153,
      "cyclomatic_complexity": 19,
      "fanout_external": 23,
      "fanout_internal": 1,
      "halstead_bugprop": 3.3369707281981147,
      "halstead_difficulty": 64.20608108108108,
      "halstead_effort": 642761.439419647,
      "halstead_timerequired": 35708.96885664706,
      "halstead_volume": 10010.912184594345,
      "loc": 6,
      "operands_sum": 543,
      "operands_uniq": 148,
      "operators_sum": 789,
      "operators_uniq": 35
    },
    "min": {
      "comment_ratio": 33.30279754774153,
      "cyclomatic_complexity": 19,
      "fanout_external": 23,
      "fanout_internal": 1,
      "halstead_bugprop": 3.3369707281981147,
      "halstead_difficulty": 64.20608108108108,
      "halstead_effort": 642761.439419647,
      "halstead_timerequired": 35708.96885664706,
      "halstead_volume": 10010.912184594345,
      "loc": 6,
      "operands_sum": 543,
      "operands_uniq": 148,
      "operators_sum": 789,
      "operators_uniq": 35
    }
  }
}
