{
  "files": {
    "/Users/lorraynereis/Documents/PUC /Engenharia de Sofware/7 Peri\u0301odo/TCC 1/plf-es-2022-2-tcci-5308100-pes-lorrayne-reis/Instrumentos/Codigos/Collect-repositories/Repositories/Cloned-repositories/Cam2BEV/model/architecture/third_party/deeplabv3plus.py": {
      "comment_ratio": 25.853805966927162,
      "cyclomatic_complexity": 38,
      "fanout_external": 13,
      "fanout_internal": 1,
      "halstead_bugprop": 6.609568144692001,
      "halstead_difficulty": 103.10240963855422,
      "halstead_effort": 2044387.2071639206,
      "halstead_timerequired": 113577.06706466226,
      "halstead_volume": 19828.704434076004,
      "lang": [
        "Python"
      ],
      "loc": 1,
      "operands_sum": 1141,
      "operands_uniq": 166,
      "operators_sum": 1463,
      "operators_uniq": 30
    }
  },
  "overall": {
    "comment_ratio": 25.853805966927162,
    "cyclomatic_complexity": 38,
    "fanout_external": 13,
    "fanout_internal": 1,
    "halstead_bugprop": 6.609568144692001,
    "halstead_difficulty": 103.10240963855422,
    "halstead_effort": 2044387.2071639206,
    "halstead_timerequired": 113577.06706466226,
    "halstead_volume": 19828.704434076004,
    "loc": 1,
    "maintainability_index": 100,
    "operands_sum": 1141,
    "operands_uniq": 166,
    "operators_sum": 1463,
    "operators_uniq": 30,
    "pylint": 100.0,
    "tiobe": 84.31795903096061,
    "tiobe_compiler": 100.0,
    "tiobe_complexity": 0.11972687307080722,
    "tiobe_coverage": 100.0,
    "tiobe_duplication": 100.0,
    "tiobe_fanout": 86.0,
    "tiobe_functional": 100.0,
    "tiobe_security": 100.0,
    "tiobe_standard": 100.0
  },
  "stats": {
    "max": {
      "comment_ratio": 25.853805966927162,
      "cyclomatic_complexity": 38,
      "fanout_external": 13,
      "fanout_internal": 1,
      "halstead_bugprop": 6.609568144692001,
      "halstead_difficulty": 103.10240963855422,
      "halstead_effort": 2044387.2071639206,
      "halstead_timerequired": 113577.06706466226,
      "halstead_volume": 19828.704434076004,
      "loc": 1,
      "operands_sum": 1141,
      "operands_uniq": 166,
      "operators_sum": 1463,
      "operators_uniq": 30
    },
    "mean": {
      "comment_ratio": 25.853805966927162,
      "cyclomatic_complexity": 38,
      "fanout_external": 13,
      "fanout_internal": 1,
      "halstead_bugprop": 6.609568144692001,
      "halstead_difficulty": 103.10240963855422,
      "halstead_effort": 2044387.2071639206,
      "halstead_timerequired": 113577.06706466226,
      "halstead_volume": 19828.704434076004,
      "loc": 1,
      "operands_sum": 1141,
      "operands_uniq": 166,
      "operators_sum": 1463,
      "operators_uniq": 30
    },
    "median": {
      "comment_ratio": 25.853805966927162,
      "cyclomatic_complexity": 38,
      "fanout_external": 13,
      "fanout_internal": 1,
      "halstead_bugprop": 6.609568144692001,
      "halstead_difficulty": 103.10240963855422,
      "halstead_effort": 2044387.2071639206,
      "halstead_timerequired": 113577.06706466226,
      "halstead_volume": 19828.704434076004,
      "loc": 1,
      "operands_sum": 1141,
      "operands_uniq": 166,
      "operators_sum": 1463,
      "operators_uniq": 30
    },
    "min": {
      "comment_ratio": 25.853805966927162,
      "cyclomatic_complexity": 38,
      "fanout_external": 13,
      "fanout_internal": 1,
      "halstead_bugprop": 6.609568144692001,
      "halstead_difficulty": 103.10240963855422,
      "halstead_effort": 2044387.2071639206,
      "halstead_timerequired": 113577.06706466226,
      "halstead_volume": 19828.704434076004,
      "loc": 1,
      "operands_sum": 1141,
      "operands_uniq": 166,
      "operators_sum": 1463,
      "operators_uniq": 30
    }
  }
}
