{
  "files": {
    "/Users/lorraynereis/Documents/PUC /Engenharia de Sofware/7 Peri\u0301odo/TCC 1/plf-es-2022-2-tcci-5308100-pes-lorrayne-reis/Instrumentos/Codigos/Collect-repositories/Repositories/Cloned-repositories/pylot/pylot/perception/tracking/deep_sort_tracker.py": {
      "comment_ratio": 25.91362126245847,
      "cyclomatic_complexity": 11,
      "fanout_external": 9,
      "fanout_internal": 1,
      "halstead_bugprop": 0.635125289770452,
      "halstead_difficulty": 19.81132075471698,
      "halstead_effort": 37748.01250522498,
      "halstead_timerequired": 2097.1118058458324,
      "halstead_volume": 1905.3758693113562,
      "lang": [
        "Python"
      ],
      "loc": 1,
      "operands_sum": 140,
      "operands_uniq": 53,
      "operators_sum": 173,
      "operators_uniq": 15
    }
  },
  "overall": {
    "comment_ratio": 25.91362126245847,
    "cyclomatic_complexity": 11,
    "fanout_external": 9,
    "fanout_internal": 1,
    "halstead_bugprop": 0.635125289770452,
    "halstead_difficulty": 19.81132075471698,
    "halstead_effort": 37748.01250522498,
    "halstead_timerequired": 2097.1118058458324,
    "halstead_volume": 1905.3758693113562,
    "loc": 1,
    "maintainability_index": 100,
    "operands_sum": 140,
    "operands_uniq": 53,
    "operators_sum": 173,
    "operators_uniq": 15,
    "pylint": 100.0,
    "tiobe": 85.45949367088608,
    "tiobe_compiler": 100.0,
    "tiobe_complexity": 5.063291139240507,
    "tiobe_coverage": 100.0,
    "tiobe_duplication": 100.0,
    "tiobe_fanout": 94.0,
    "tiobe_functional": 100.0,
    "tiobe_security": 100.0,
    "tiobe_standard": 100.0
  },
  "stats": {
    "max": {
      "comment_ratio": 25.91362126245847,
      "cyclomatic_complexity": 11,
      "fanout_external": 9,
      "fanout_internal": 1,
      "halstead_bugprop": 0.635125289770452,
      "halstead_difficulty": 19.81132075471698,
      "halstead_effort": 37748.01250522498,
      "halstead_timerequired": 2097.1118058458324,
      "halstead_volume": 1905.3758693113562,
      "loc": 1,
      "operands_sum": 140,
      "operands_uniq": 53,
      "operators_sum": 173,
      "operators_uniq": 15
    },
    "mean": {
      "comment_ratio": 25.91362126245847,
      "cyclomatic_complexity": 11,
      "fanout_external": 9,
      "fanout_internal": 1,
      "halstead_bugprop": 0.635125289770452,
      "halstead_difficulty": 19.81132075471698,
      "halstead_effort": 37748.01250522498,
      "halstead_timerequired": 2097.1118058458324,
      "halstead_volume": 1905.3758693113562,
      "loc": 1,
      "operands_sum": 140,
      "operands_uniq": 53,
      "operators_sum": 173,
      "operators_uniq": 15
    },
    "median": {
      "comment_ratio": 25.91362126245847,
      "cyclomatic_complexity": 11,
      "fanout_external": 9,
      "fanout_internal": 1,
      "halstead_bugprop": 0.635125289770452,
      "halstead_difficulty": 19.81132075471698,
      "halstead_effort": 37748.01250522498,
      "halstead_timerequired": 2097.1118058458324,
      "halstead_volume": 1905.3758693113562,
      "loc": 1,
      "operands_sum": 140,
      "operands_uniq": 53,
      "operators_sum": 173,
      "operators_uniq": 15
    },
    "min": {
      "comment_ratio": 25.91362126245847,
      "cyclomatic_complexity": 11,
      "fanout_external": 9,
      "fanout_internal": 1,
      "halstead_bugprop": 0.635125289770452,
      "halstead_difficulty": 19.81132075471698,
      "halstead_effort": 37748.01250522498,
      "halstead_timerequired": 2097.1118058458324,
      "halstead_volume": 1905.3758693113562,
      "loc": 1,
      "operands_sum": 140,
      "operands_uniq": 53,
      "operators_sum": 173,
      "operators_uniq": 15
    }
  }
}
