{
  "files": {
    "/Users/lorraynereis/Documents/PUC /Engenharia de Sofware/7 Peri\u0301odo/TCC 1/plf-es-2022-2-tcci-5308100-pes-lorrayne-reis/Instrumentos/Codigos/Collect-repositories/Repositories/Cloned-repositories/VoxFormer/projects/mmdet3d_plugin/voxformer/modules/deformable_cross_attention.py": {
      "comment_ratio": 35.768474290531046,
      "cyclomatic_complexity": 26,
      "fanout_external": 20,
      "fanout_internal": 1,
      "halstead_bugprop": 4.139067353523667,
      "halstead_difficulty": 75.51923076923076,
      "halstead_effort": 937737.5479204293,
      "halstead_timerequired": 52096.530440023846,
      "halstead_volume": 12417.202060571002,
      "lang": [
        "Python"
      ],
      "loc": 2,
      "operands_sum": 714,
      "operands_uniq": 156,
      "operators_sum": 928,
      "operators_uniq": 33
    }
  },
  "overall": {
    "comment_ratio": 35.768474290531046,
    "cyclomatic_complexity": 26,
    "fanout_external": 20,
    "fanout_internal": 1,
    "halstead_bugprop": 4.139067353523667,
    "halstead_difficulty": 75.51923076923076,
    "halstead_effort": 937737.5479204293,
    "halstead_timerequired": 52096.530440023846,
    "halstead_volume": 12417.202060571002,
    "loc": 2,
    "maintainability_index": 100,
    "operands_sum": 714,
    "operands_uniq": 156,
    "operators_sum": 928,
    "operators_uniq": 33,
    "pylint": 100.0,
    "tiobe": 83.65667394769466,
    "tiobe_compiler": 100.0,
    "tiobe_complexity": 0.3778263179644607,
    "tiobe_coverage": 100.0,
    "tiobe_duplication": 100.0,
    "tiobe_fanout": 72.0,
    "tiobe_functional": 100.0,
    "tiobe_security": 100.0,
    "tiobe_standard": 100.0
  },
  "stats": {
    "max": {
      "comment_ratio": 35.768474290531046,
      "cyclomatic_complexity": 26,
      "fanout_external": 20,
      "fanout_internal": 1,
      "halstead_bugprop": 4.139067353523667,
      "halstead_difficulty": 75.51923076923076,
      "halstead_effort": 937737.5479204293,
      "halstead_timerequired": 52096.530440023846,
      "halstead_volume": 12417.202060571002,
      "loc": 2,
      "operands_sum": 714,
      "operands_uniq": 156,
      "operators_sum": 928,
      "operators_uniq": 33
    },
    "mean": {
      "comment_ratio": 35.768474290531046,
      "cyclomatic_complexity": 26,
      "fanout_external": 20,
      "fanout_internal": 1,
      "halstead_bugprop": 4.139067353523667,
      "halstead_difficulty": 75.51923076923076,
      "halstead_effort": 937737.5479204293,
      "halstead_timerequired": 52096.530440023846,
      "halstead_volume": 12417.202060571002,
      "loc": 2,
      "operands_sum": 714,
      "operands_uniq": 156,
      "operators_sum": 928,
      "operators_uniq": 33
    },
    "median": {
      "comment_ratio": 35.768474290531046,
      "cyclomatic_complexity": 26,
      "fanout_external": 20,
      "fanout_internal": 1,
      "halstead_bugprop": 4.139067353523667,
      "halstead_difficulty": 75.51923076923076,
      "halstead_effort": 937737.5479204293,
      "halstead_timerequired": 52096.530440023846,
      "halstead_volume": 12417.202060571002,
      "loc": 2,
      "operands_sum": 714,
      "operands_uniq": 156,
      "operators_sum": 928,
      "operators_uniq": 33
    },
    "min": {
      "comment_ratio": 35.768474290531046,
      "cyclomatic_complexity": 26,
      "fanout_external": 20,
      "fanout_internal": 1,
      "halstead_bugprop": 4.139067353523667,
      "halstead_difficulty": 75.51923076923076,
      "halstead_effort": 937737.5479204293,
      "halstead_timerequired": 52096.530440023846,
      "halstead_volume": 12417.202060571002,
      "loc": 2,
      "operands_sum": 714,
      "operands_uniq": 156,
      "operators_sum": 928,
      "operators_uniq": 33
    }
  }
}
