{
  "files": {
    "/Users/lorraynereis/Documents/PUC /Engenharia de Sofware/7 Peri\u0301odo/TCC 1/plf-es-2022-2-tcci-5308100-pes-lorrayne-reis/Instrumentos/Codigos/Collect-repositories/Repositories/Cloned-repositories/Ultra-Fast-Lane-Detection/demo.py": {
      "comment_ratio": 1.9979242345614945,
      "cyclomatic_complexity": 19,
      "fanout_external": 17,
      "fanout_internal": 1,
      "halstead_bugprop": 1.7159393086811237,
      "halstead_difficulty": 23.2479674796748,
      "halstead_effort": 119676.30373594325,
      "halstead_timerequired": 6648.683540885736,
      "halstead_volume": 5147.817926043371,
      "lang": [
        "Python"
      ],
      "loc": 1,
      "operands_sum": 301,
      "operands_uniq": 123,
      "operators_sum": 419,
      "operators_uniq": 19
    }
  },
  "overall": {
    "comment_ratio": 1.9979242345614945,
    "cyclomatic_complexity": 19,
    "fanout_external": 17,
    "fanout_internal": 1,
    "halstead_bugprop": 1.7159393086811237,
    "halstead_difficulty": 23.2479674796748,
    "halstead_effort": 119676.30373594325,
    "halstead_timerequired": 6648.683540885736,
    "halstead_volume": 5147.817926043371,
    "loc": 1,
    "maintainability_index": 100,
    "operands_sum": 301,
    "operands_uniq": 123,
    "operators_sum": 419,
    "operators_uniq": 19,
    "pylint": 100.0,
    "tiobe": 84.04669926650368,
    "tiobe_compiler": 100.0,
    "tiobe_complexity": 0.9779951100244498,
    "tiobe_coverage": 100.0,
    "tiobe_duplication": 100.0,
    "tiobe_fanout": 78.0,
    "tiobe_functional": 100.0,
    "tiobe_security": 100.0,
    "tiobe_standard": 100.0
  },
  "stats": {
    "max": {
      "comment_ratio": 1.9979242345614945,
      "cyclomatic_complexity": 19,
      "fanout_external": 17,
      "fanout_internal": 1,
      "halstead_bugprop": 1.7159393086811237,
      "halstead_difficulty": 23.2479674796748,
      "halstead_effort": 119676.30373594325,
      "halstead_timerequired": 6648.683540885736,
      "halstead_volume": 5147.817926043371,
      "loc": 1,
      "operands_sum": 301,
      "operands_uniq": 123,
      "operators_sum": 419,
      "operators_uniq": 19
    },
    "mean": {
      "comment_ratio": 1.9979242345614945,
      "cyclomatic_complexity": 19,
      "fanout_external": 17,
      "fanout_internal": 1,
      "halstead_bugprop": 1.7159393086811237,
      "halstead_difficulty": 23.2479674796748,
      "halstead_effort": 119676.30373594325,
      "halstead_timerequired": 6648.683540885736,
      "halstead_volume": 5147.817926043371,
      "loc": 1,
      "operands_sum": 301,
      "operands_uniq": 123,
      "operators_sum": 419,
      "operators_uniq": 19
    },
    "median": {
      "comment_ratio": 1.9979242345614945,
      "cyclomatic_complexity": 19,
      "fanout_external": 17,
      "fanout_internal": 1,
      "halstead_bugprop": 1.7159393086811237,
      "halstead_difficulty": 23.2479674796748,
      "halstead_effort": 119676.30373594325,
      "halstead_timerequired": 6648.683540885736,
      "halstead_volume": 5147.817926043371,
      "loc": 1,
      "operands_sum": 301,
      "operands_uniq": 123,
      "operators_sum": 419,
      "operators_uniq": 19
    },
    "min": {
      "comment_ratio": 1.9979242345614945,
      "cyclomatic_complexity": 19,
      "fanout_external": 17,
      "fanout_internal": 1,
      "halstead_bugprop": 1.7159393086811237,
      "halstead_difficulty": 23.2479674796748,
      "halstead_effort": 119676.30373594325,
      "halstead_timerequired": 6648.683540885736,
      "halstead_volume": 5147.817926043371,
      "loc": 1,
      "operands_sum": 301,
      "operands_uniq": 123,
      "operators_sum": 419,
      "operators_uniq": 19
    }
  }
}
