{
  "files": {
    "/Users/lorraynereis/Documents/PUC /Engenharia de Sofware/7 Peri\u0301odo/TCC 1/plf-es-2022-2-tcci-5308100-pes-lorrayne-reis/Instrumentos/Codigos/Collect-repositories/Repositories/Cloned-repositories/VoxFormer/preprocess/utils/depth2lidar.py": {
      "comment_ratio": 5.804046858359958,
      "cyclomatic_complexity": 9,
      "fanout_external": 6,
      "fanout_internal": 0,
      "halstead_bugprop": 0.824703976853436,
      "halstead_difficulty": 21.97058823529412,
      "halstead_effort": 54357.69447436912,
      "halstead_timerequired": 3019.871915242729,
      "halstead_volume": 2474.111930560308,
      "lang": [
        "Python"
      ],
      "loc": 1,
      "operands_sum": 166,
      "operands_uniq": 68,
      "operators_sum": 219,
      "operators_uniq": 18
    }
  },
  "overall": {
    "comment_ratio": 5.804046858359958,
    "cyclomatic_complexity": 9,
    "fanout_external": 6,
    "fanout_internal": 0,
    "halstead_bugprop": 0.824703976853436,
    "halstead_difficulty": 21.97058823529412,
    "halstead_effort": 54357.69447436912,
    "halstead_timerequired": 3019.871915242729,
    "halstead_volume": 2474.111930560308,
    "loc": 1,
    "maintainability_index": 100,
    "operands_sum": 166,
    "operands_uniq": 68,
    "operators_sum": 219,
    "operators_uniq": 18,
    "pylint": 100.0,
    "tiobe": 86.36363636363637,
    "tiobe_compiler": 100.0,
    "tiobe_complexity": 9.090909090909092,
    "tiobe_coverage": 100.0,
    "tiobe_duplication": 100.0,
    "tiobe_fanout": 100.0,
    "tiobe_functional": 100.0,
    "tiobe_security": 100.0,
    "tiobe_standard": 100.0
  },
  "stats": {
    "max": {
      "comment_ratio": 5.804046858359958,
      "cyclomatic_complexity": 9,
      "fanout_external": 6,
      "fanout_internal": 0,
      "halstead_bugprop": 0.824703976853436,
      "halstead_difficulty": 21.97058823529412,
      "halstead_effort": 54357.69447436912,
      "halstead_timerequired": 3019.871915242729,
      "halstead_volume": 2474.111930560308,
      "loc": 1,
      "operands_sum": 166,
      "operands_uniq": 68,
      "operators_sum": 219,
      "operators_uniq": 18
    },
    "mean": {
      "comment_ratio": 5.804046858359958,
      "cyclomatic_complexity": 9,
      "fanout_external": 6,
      "fanout_internal": 0,
      "halstead_bugprop": 0.824703976853436,
      "halstead_difficulty": 21.97058823529412,
      "halstead_effort": 54357.69447436912,
      "halstead_timerequired": 3019.871915242729,
      "halstead_volume": 2474.111930560308,
      "loc": 1,
      "operands_sum": 166,
      "operands_uniq": 68,
      "operators_sum": 219,
      "operators_uniq": 18
    },
    "median": {
      "comment_ratio": 5.804046858359958,
      "cyclomatic_complexity": 9,
      "fanout_external": 6,
      "fanout_internal": 0,
      "halstead_bugprop": 0.824703976853436,
      "halstead_difficulty": 21.97058823529412,
      "halstead_effort": 54357.69447436912,
      "halstead_timerequired": 3019.871915242729,
      "halstead_volume": 2474.111930560308,
      "loc": 1,
      "operands_sum": 166,
      "operands_uniq": 68,
      "operators_sum": 219,
      "operators_uniq": 18
    },
    "min": {
      "comment_ratio": 5.804046858359958,
      "cyclomatic_complexity": 9,
      "fanout_external": 6,
      "fanout_internal": 0,
      "halstead_bugprop": 0.824703976853436,
      "halstead_difficulty": 21.97058823529412,
      "halstead_effort": 54357.69447436912,
      "halstead_timerequired": 3019.871915242729,
      "halstead_volume": 2474.111930560308,
      "loc": 1,
      "operands_sum": 166,
      "operands_uniq": 68,
      "operators_sum": 219,
      "operators_uniq": 18
    }
  }
}
