{
  "files": {
    "/Users/lorraynereis/Documents/PUC /Engenharia de Sofware/7 Peri\u0301odo/TCC 1/plf-es-2022-2-tcci-5308100-pes-lorrayne-reis/Instrumentos/Codigos/Collect-repositories/Repositories/Cloned-repositories/pylot/pylot/perception/detection/detection_decay_operator.py": {
      "comment_ratio": 30.07886864291542,
      "cyclomatic_complexity": 9,
      "fanout_external": 6,
      "fanout_internal": 1,
      "halstead_bugprop": 0.8246089475384601,
      "halstead_difficulty": 30.516129032258068,
      "halstead_effort": 75491.61913271452,
      "halstead_timerequired": 4193.9788407063625,
      "halstead_volume": 2473.8268426153804,
      "lang": [
        "Python"
      ],
      "loc": 1,
      "operands_sum": 172,
      "operands_uniq": 62,
      "operators_sum": 215,
      "operators_uniq": 22
    }
  },
  "overall": {
    "comment_ratio": 30.07886864291542,
    "cyclomatic_complexity": 9,
    "fanout_external": 6,
    "fanout_internal": 1,
    "halstead_bugprop": 0.8246089475384601,
    "halstead_difficulty": 30.516129032258068,
    "halstead_effort": 75491.61913271452,
    "halstead_timerequired": 4193.9788407063625,
    "halstead_volume": 2473.8268426153804,
    "loc": 1,
    "maintainability_index": 100,
    "operands_sum": 172,
    "operands_uniq": 62,
    "operators_sum": 215,
    "operators_uniq": 22,
    "pylint": 100.0,
    "tiobe": 86.36363636363637,
    "tiobe_compiler": 100.0,
    "tiobe_complexity": 9.090909090909092,
    "tiobe_coverage": 100.0,
    "tiobe_duplication": 100.0,
    "tiobe_fanout": 100.0,
    "tiobe_functional": 100.0,
    "tiobe_security": 100.0,
    "tiobe_standard": 100.0
  },
  "stats": {
    "max": {
      "comment_ratio": 30.07886864291542,
      "cyclomatic_complexity": 9,
      "fanout_external": 6,
      "fanout_internal": 1,
      "halstead_bugprop": 0.8246089475384601,
      "halstead_difficulty": 30.516129032258068,
      "halstead_effort": 75491.61913271452,
      "halstead_timerequired": 4193.9788407063625,
      "halstead_volume": 2473.8268426153804,
      "loc": 1,
      "operands_sum": 172,
      "operands_uniq": 62,
      "operators_sum": 215,
      "operators_uniq": 22
    },
    "mean": {
      "comment_ratio": 30.07886864291542,
      "cyclomatic_complexity": 9,
      "fanout_external": 6,
      "fanout_internal": 1,
      "halstead_bugprop": 0.8246089475384601,
      "halstead_difficulty": 30.516129032258068,
      "halstead_effort": 75491.61913271452,
      "halstead_timerequired": 4193.9788407063625,
      "halstead_volume": 2473.8268426153804,
      "loc": 1,
      "operands_sum": 172,
      "operands_uniq": 62,
      "operators_sum": 215,
      "operators_uniq": 22
    },
    "median": {
      "comment_ratio": 30.07886864291542,
      "cyclomatic_complexity": 9,
      "fanout_external": 6,
      "fanout_internal": 1,
      "halstead_bugprop": 0.8246089475384601,
      "halstead_difficulty": 30.516129032258068,
      "halstead_effort": 75491.61913271452,
      "halstead_timerequired": 4193.9788407063625,
      "halstead_volume": 2473.8268426153804,
      "loc": 1,
      "operands_sum": 172,
      "operands_uniq": 62,
      "operators_sum": 215,
      "operators_uniq": 22
    },
    "min": {
      "comment_ratio": 30.07886864291542,
      "cyclomatic_complexity": 9,
      "fanout_external": 6,
      "fanout_internal": 1,
      "halstead_bugprop": 0.8246089475384601,
      "halstead_difficulty": 30.516129032258068,
      "halstead_effort": 75491.61913271452,
      "halstead_timerequired": 4193.9788407063625,
      "halstead_volume": 2473.8268426153804,
      "loc": 1,
      "operands_sum": 172,
      "operands_uniq": 62,
      "operators_sum": 215,
      "operators_uniq": 22
    }
  }
}
