{
  "files": {
    "/Users/lorraynereis/Documents/PUC /Engenharia de Sofware/7 Peri\u0301odo/TCC 1/plf-es-2022-2-tcci-5308100-pes-lorrayne-reis/Instrumentos/Codigos/Collect-repositories/Repositories/Cloned-repositories/pylot/pylot/perception/detection/detection_operator.py": {
      "comment_ratio": 24.37299893276414,
      "cyclomatic_complexity": 7,
      "fanout_external": 13,
      "fanout_internal": 1,
      "halstead_bugprop": 1.9164021164823561,
      "halstead_difficulty": 38.62264150943396,
      "halstead_effort": 222049.53579845565,
      "halstead_timerequired": 12336.085322136425,
      "halstead_volume": 5749.2063494470685,
      "lang": [
        "Python"
      ],
      "loc": 1,
      "operands_sum": 356,
      "operands_uniq": 106,
      "operators_sum": 464,
      "operators_uniq": 23
    }
  },
  "overall": {
    "comment_ratio": 24.37299893276414,
    "cyclomatic_complexity": 7,
    "fanout_external": 13,
    "fanout_internal": 1,
    "halstead_bugprop": 1.9164021164823561,
    "halstead_difficulty": 38.62264150943396,
    "halstead_effort": 222049.53579845565,
    "halstead_timerequired": 12336.085322136425,
    "halstead_volume": 5749.2063494470685,
    "loc": 1,
    "maintainability_index": 100,
    "operands_sum": 356,
    "operands_uniq": 106,
    "operators_sum": 464,
    "operators_uniq": 23,
    "pylint": 100.0,
    "tiobe": 87.02727272727272,
    "tiobe_compiler": 100.0,
    "tiobe_complexity": 18.181818181818183,
    "tiobe_coverage": 100.0,
    "tiobe_duplication": 100.0,
    "tiobe_fanout": 86.0,
    "tiobe_functional": 100.0,
    "tiobe_security": 100.0,
    "tiobe_standard": 100.0
  },
  "stats": {
    "max": {
      "comment_ratio": 24.37299893276414,
      "cyclomatic_complexity": 7,
      "fanout_external": 13,
      "fanout_internal": 1,
      "halstead_bugprop": 1.9164021164823561,
      "halstead_difficulty": 38.62264150943396,
      "halstead_effort": 222049.53579845565,
      "halstead_timerequired": 12336.085322136425,
      "halstead_volume": 5749.2063494470685,
      "loc": 1,
      "operands_sum": 356,
      "operands_uniq": 106,
      "operators_sum": 464,
      "operators_uniq": 23
    },
    "mean": {
      "comment_ratio": 24.37299893276414,
      "cyclomatic_complexity": 7,
      "fanout_external": 13,
      "fanout_internal": 1,
      "halstead_bugprop": 1.9164021164823561,
      "halstead_difficulty": 38.62264150943396,
      "halstead_effort": 222049.53579845565,
      "halstead_timerequired": 12336.085322136425,
      "halstead_volume": 5749.2063494470685,
      "loc": 1,
      "operands_sum": 356,
      "operands_uniq": 106,
      "operators_sum": 464,
      "operators_uniq": 23
    },
    "median": {
      "comment_ratio": 24.37299893276414,
      "cyclomatic_complexity": 7,
      "fanout_external": 13,
      "fanout_internal": 1,
      "halstead_bugprop": 1.9164021164823561,
      "halstead_difficulty": 38.62264150943396,
      "halstead_effort": 222049.53579845565,
      "halstead_timerequired": 12336.085322136425,
      "halstead_volume": 5749.2063494470685,
      "loc": 1,
      "operands_sum": 356,
      "operands_uniq": 106,
      "operators_sum": 464,
      "operators_uniq": 23
    },
    "min": {
      "comment_ratio": 24.37299893276414,
      "cyclomatic_complexity": 7,
      "fanout_external": 13,
      "fanout_internal": 1,
      "halstead_bugprop": 1.9164021164823561,
      "halstead_difficulty": 38.62264150943396,
      "halstead_effort": 222049.53579845565,
      "halstead_timerequired": 12336.085322136425,
      "halstead_volume": 5749.2063494470685,
      "loc": 1,
      "operands_sum": 356,
      "operands_uniq": 106,
      "operators_sum": 464,
      "operators_uniq": 23
    }
  }
}
