{
  "files": {
    "/Users/lorraynereis/Documents/PUC /Engenharia de Sofware/7 Peri\u0301odo/TCC 1/plf-es-2022-2-tcci-5308100-pes-lorrayne-reis/Instrumentos/Codigos/Collect-repositories/Repositories/Cloned-repositories/pylot/pylot/perception/detection/detection_eval_operator.py": {
      "comment_ratio": 25.333792747006633,
      "cyclomatic_complexity": 16,
      "fanout_external": 10,
      "fanout_internal": 1,
      "halstead_bugprop": 3.2798015132386196,
      "halstead_difficulty": 65.2247191011236,
      "halstead_effort": 641772.3972252872,
      "halstead_timerequired": 35654.02206807151,
      "halstead_volume": 9839.404539715859,
      "lang": [
        "Python"
      ],
      "loc": 5,
      "operands_sum": 645,
      "operands_uniq": 178,
      "operators_sum": 626,
      "operators_uniq": 36
    }
  },
  "overall": {
    "comment_ratio": 25.333792747006633,
    "cyclomatic_complexity": 16,
    "fanout_external": 10,
    "fanout_internal": 1,
    "halstead_bugprop": 3.2798015132386196,
    "halstead_difficulty": 65.2247191011236,
    "halstead_effort": 641772.3972252872,
    "halstead_timerequired": 35654.02206807151,
    "halstead_volume": 9839.404539715859,
    "loc": 5,
    "maintainability_index": 93.43752335398221,
    "operands_sum": 645,
    "operands_uniq": 178,
    "operators_sum": 626,
    "operators_uniq": 36,
    "pylint": 100.0,
    "tiobe": 84.84685008999742,
    "tiobe_compiler": 100.0,
    "tiobe_complexity": 1.6456672666495242,
    "tiobe_coverage": 100.0,
    "tiobe_duplication": 100.0,
    "tiobe_fanout": 92.0,
    "tiobe_functional": 100.0,
    "tiobe_security": 100.0,
    "tiobe_standard": 100.0
  },
  "stats": {
    "max": {
      "comment_ratio": 25.333792747006633,
      "cyclomatic_complexity": 16,
      "fanout_external": 10,
      "fanout_internal": 1,
      "halstead_bugprop": 3.2798015132386196,
      "halstead_difficulty": 65.2247191011236,
      "halstead_effort": 641772.3972252872,
      "halstead_timerequired": 35654.02206807151,
      "halstead_volume": 9839.404539715859,
      "loc": 5,
      "operands_sum": 645,
      "operands_uniq": 178,
      "operators_sum": 626,
      "operators_uniq": 36
    },
    "mean": {
      "comment_ratio": 25.333792747006633,
      "cyclomatic_complexity": 16,
      "fanout_external": 10,
      "fanout_internal": 1,
      "halstead_bugprop": 3.2798015132386196,
      "halstead_difficulty": 65.2247191011236,
      "halstead_effort": 641772.3972252872,
      "halstead_timerequired": 35654.02206807151,
      "halstead_volume": 9839.404539715859,
      "loc": 5,
      "operands_sum": 645,
      "operands_uniq": 178,
      "operators_sum": 626,
      "operators_uniq": 36
    },
    "median": {
      "comment_ratio": 25.333792747006633,
      "cyclomatic_complexity": 16,
      "fanout_external": 10,
      "fanout_internal": 1,
      "halstead_bugprop": 3.2798015132386196,
      "halstead_difficulty": 65.2247191011236,
      "halstead_effort": 641772.3972252872,
      "halstead_timerequired": 35654.02206807151,
      "halstead_volume": 9839.404539715859,
      "loc": 5,
      "operands_sum": 645,
      "operands_uniq": 178,
      "operators_sum": 626,
      "operators_uniq": 36
    },
    "min": {
      "comment_ratio": 25.333792747006633,
      "cyclomatic_complexity": 16,
      "fanout_external": 10,
      "fanout_internal": 1,
      "halstead_bugprop": 3.2798015132386196,
      "halstead_difficulty": 65.2247191011236,
      "halstead_effort": 641772.3972252872,
      "halstead_timerequired": 35654.02206807151,
      "halstead_volume": 9839.404539715859,
      "loc": 5,
      "operands_sum": 645,
      "operands_uniq": 178,
      "operators_sum": 626,
      "operators_uniq": 36
    }
  }
}
