{
  "files": {
    "/Users/lorraynereis/Documents/PUC /Engenharia de Sofware/7 Peri\u0301odo/TCC 1/plf-es-2022-2-tcci-5308100-pes-lorrayne-reis/Instrumentos/Codigos/Collect-repositories/Repositories/Cloned-repositories/PythonRobotics/PathPlanning/VoronoiRoadMap/dijkstra_search.py": {
      "comment_ratio": 15.408525754884547,
      "cyclomatic_complexity": 6,
      "fanout_external": 6,
      "fanout_internal": 1,
      "halstead_bugprop": 1.4495284590245228,
      "halstead_difficulty": 57.03333333333333,
      "halstead_effort": 248014.31933909585,
      "halstead_timerequired": 13778.573296616436,
      "halstead_volume": 4348.585377073568,
      "lang": [
        "Python"
      ],
      "loc": 1,
      "operands_sum": 295,
      "operands_uniq": 75,
      "operators_sum": 354,
      "operators_uniq": 29
    }
  },
  "overall": {
    "comment_ratio": 15.408525754884547,
    "cyclomatic_complexity": 6,
    "fanout_external": 6,
    "fanout_internal": 1,
    "halstead_bugprop": 1.4495284590245228,
    "halstead_difficulty": 57.03333333333333,
    "halstead_effort": 248014.31933909585,
    "halstead_timerequired": 13778.573296616436,
    "halstead_volume": 4348.585377073568,
    "loc": 1,
    "maintainability_index": 100,
    "operands_sum": 295,
    "operands_uniq": 75,
    "operators_sum": 354,
    "operators_uniq": 29,
    "pylint": 100.0,
    "tiobe": 89.01673640167364,
    "tiobe_compiler": 100.0,
    "tiobe_complexity": 26.778242677824267,
    "tiobe_coverage": 100.0,
    "tiobe_duplication": 100.0,
    "tiobe_fanout": 100.0,
    "tiobe_functional": 100.0,
    "tiobe_security": 100.0,
    "tiobe_standard": 100.0
  },
  "stats": {
    "max": {
      "comment_ratio": 15.408525754884547,
      "cyclomatic_complexity": 6,
      "fanout_external": 6,
      "fanout_internal": 1,
      "halstead_bugprop": 1.4495284590245228,
      "halstead_difficulty": 57.03333333333333,
      "halstead_effort": 248014.31933909585,
      "halstead_timerequired": 13778.573296616436,
      "halstead_volume": 4348.585377073568,
      "loc": 1,
      "operands_sum": 295,
      "operands_uniq": 75,
      "operators_sum": 354,
      "operators_uniq": 29
    },
    "mean": {
      "comment_ratio": 15.408525754884547,
      "cyclomatic_complexity": 6,
      "fanout_external": 6,
      "fanout_internal": 1,
      "halstead_bugprop": 1.4495284590245228,
      "halstead_difficulty": 57.03333333333333,
      "halstead_effort": 248014.31933909585,
      "halstead_timerequired": 13778.573296616436,
      "halstead_volume": 4348.585377073568,
      "loc": 1,
      "operands_sum": 295,
      "operands_uniq": 75,
      "operators_sum": 354,
      "operators_uniq": 29
    },
    "median": {
      "comment_ratio": 15.408525754884547,
      "cyclomatic_complexity": 6,
      "fanout_external": 6,
      "fanout_internal": 1,
      "halstead_bugprop": 1.4495284590245228,
      "halstead_difficulty": 57.03333333333333,
      "halstead_effort": 248014.31933909585,
      "halstead_timerequired": 13778.573296616436,
      "halstead_volume": 4348.585377073568,
      "loc": 1,
      "operands_sum": 295,
      "operands_uniq": 75,
      "operators_sum": 354,
      "operators_uniq": 29
    },
    "min": {
      "comment_ratio": 15.408525754884547,
      "cyclomatic_complexity": 6,
      "fanout_external": 6,
      "fanout_internal": 1,
      "halstead_bugprop": 1.4495284590245228,
      "halstead_difficulty": 57.03333333333333,
      "halstead_effort": 248014.31933909585,
      "halstead_timerequired": 13778.573296616436,
      "halstead_volume": 4348.585377073568,
      "loc": 1,
      "operands_sum": 295,
      "operands_uniq": 75,
      "operators_sum": 354,
      "operators_uniq": 29
    }
  }
}
