{
  "files": {
    "/Users/lorraynereis/Documents/PUC /Engenharia de Sofware/7 Peri\u0301odo/TCC 1/plf-es-2022-2-tcci-5308100-pes-lorrayne-reis/Instrumentos/Codigos/Collect-repositories/Repositories/Cloned-repositories/PythonRobotics/PathPlanning/Dijkstra/dijkstra.py": {
      "comment_ratio": 13.88004584235324,
      "cyclomatic_complexity": 18,
      "fanout_external": 4,
      "fanout_internal": 1,
      "halstead_bugprop": 3.3956153189037024,
      "halstead_difficulty": 87.44800000000001,
      "halstead_effort": 890819.305222473,
      "halstead_timerequired": 49489.961401248496,
      "halstead_volume": 10186.845956711108,
      "lang": [
        "Python"
      ],
      "loc": 1,
      "operands_sum": 643,
      "operands_uniq": 125,
      "operators_sum": 750,
      "operators_uniq": 34
    }
  },
  "overall": {
    "comment_ratio": 13.88004584235324,
    "cyclomatic_complexity": 18,
    "fanout_external": 4,
    "fanout_internal": 1,
    "halstead_bugprop": 3.3956153189037024,
    "halstead_difficulty": 87.44800000000001,
    "halstead_effort": 890819.305222473,
    "halstead_timerequired": 49489.961401248496,
    "halstead_volume": 10186.845956711108,
    "loc": 1,
    "maintainability_index": 100,
    "operands_sum": 643,
    "operands_uniq": 125,
    "operators_sum": 750,
    "operators_uniq": 34,
    "pylint": 100.0,
    "tiobe": 85.17281728172817,
    "tiobe_compiler": 100.0,
    "tiobe_complexity": 1.1521152115211521,
    "tiobe_coverage": 100.0,
    "tiobe_duplication": 100.0,
    "tiobe_fanout": 100.0,
    "tiobe_functional": 100.0,
    "tiobe_security": 100.0,
    "tiobe_standard": 100.0
  },
  "stats": {
    "max": {
      "comment_ratio": 13.88004584235324,
      "cyclomatic_complexity": 18,
      "fanout_external": 4,
      "fanout_internal": 1,
      "halstead_bugprop": 3.3956153189037024,
      "halstead_difficulty": 87.44800000000001,
      "halstead_effort": 890819.305222473,
      "halstead_timerequired": 49489.961401248496,
      "halstead_volume": 10186.845956711108,
      "loc": 1,
      "operands_sum": 643,
      "operands_uniq": 125,
      "operators_sum": 750,
      "operators_uniq": 34
    },
    "mean": {
      "comment_ratio": 13.88004584235324,
      "cyclomatic_complexity": 18,
      "fanout_external": 4,
      "fanout_internal": 1,
      "halstead_bugprop": 3.3956153189037024,
      "halstead_difficulty": 87.44800000000001,
      "halstead_effort": 890819.305222473,
      "halstead_timerequired": 49489.961401248496,
      "halstead_volume": 10186.845956711108,
      "loc": 1,
      "operands_sum": 643,
      "operands_uniq": 125,
      "operators_sum": 750,
      "operators_uniq": 34
    },
    "median": {
      "comment_ratio": 13.88004584235324,
      "cyclomatic_complexity": 18,
      "fanout_external": 4,
      "fanout_internal": 1,
      "halstead_bugprop": 3.3956153189037024,
      "halstead_difficulty": 87.44800000000001,
      "halstead_effort": 890819.305222473,
      "halstead_timerequired": 49489.961401248496,
      "halstead_volume": 10186.845956711108,
      "loc": 1,
      "operands_sum": 643,
      "operands_uniq": 125,
      "operators_sum": 750,
      "operators_uniq": 34
    },
    "min": {
      "comment_ratio": 13.88004584235324,
      "cyclomatic_complexity": 18,
      "fanout_external": 4,
      "fanout_internal": 1,
      "halstead_bugprop": 3.3956153189037024,
      "halstead_difficulty": 87.44800000000001,
      "halstead_effort": 890819.305222473,
      "halstead_timerequired": 49489.961401248496,
      "halstead_volume": 10186.845956711108,
      "loc": 1,
      "operands_sum": 643,
      "operands_uniq": 125,
      "operators_sum": 750,
      "operators_uniq": 34
    }
  }
}
