{
  "files": {
    "/Users/lorraynereis/Documents/PUC /Engenharia de Sofware/7 Peri\u0301odo/TCC 1/plf-es-2022-2-tcci-5308100-pes-lorrayne-reis/Instrumentos/Codigos/Collect-repositories/Repositories/Cloned-repositories/Ultra-Fast-Lane-Detection/utils/dist_utils.py": {
      "comment_ratio": 16.681090437040243,
      "cyclomatic_complexity": 8,
      "fanout_external": 7,
      "fanout_internal": 1,
      "halstead_bugprop": 1.7631535255164117,
      "halstead_difficulty": 66.73333333333333,
      "halstead_effort": 352983.33580838563,
      "halstead_timerequired": 19610.185322688092,
      "halstead_volume": 5289.460576549235,
      "lang": [
        "Python"
      ],
      "loc": 1,
      "operands_sum": 286,
      "operands_uniq": 75,
      "operators_sum": 494,
      "operators_uniq": 35
    }
  },
  "overall": {
    "comment_ratio": 16.681090437040243,
    "cyclomatic_complexity": 8,
    "fanout_external": 7,
    "fanout_internal": 1,
    "halstead_bugprop": 1.7631535255164117,
    "halstead_difficulty": 66.73333333333333,
    "halstead_effort": 352983.33580838563,
    "halstead_timerequired": 19610.185322688092,
    "halstead_volume": 5289.460576549235,
    "loc": 1,
    "maintainability_index": 100,
    "operands_sum": 286,
    "operands_uniq": 75,
    "operators_sum": 494,
    "operators_uniq": 35,
    "pylint": 100.0,
    "tiobe": 86.80099009900991,
    "tiobe_compiler": 100.0,
    "tiobe_complexity": 12.673267326732674,
    "tiobe_coverage": 100.0,
    "tiobe_duplication": 100.0,
    "tiobe_fanout": 98.0,
    "tiobe_functional": 100.0,
    "tiobe_security": 100.0,
    "tiobe_standard": 100.0
  },
  "stats": {
    "max": {
      "comment_ratio": 16.681090437040243,
      "cyclomatic_complexity": 8,
      "fanout_external": 7,
      "fanout_internal": 1,
      "halstead_bugprop": 1.7631535255164117,
      "halstead_difficulty": 66.73333333333333,
      "halstead_effort": 352983.33580838563,
      "halstead_timerequired": 19610.185322688092,
      "halstead_volume": 5289.460576549235,
      "loc": 1,
      "operands_sum": 286,
      "operands_uniq": 75,
      "operators_sum": 494,
      "operators_uniq": 35
    },
    "mean": {
      "comment_ratio": 16.681090437040243,
      "cyclomatic_complexity": 8,
      "fanout_external": 7,
      "fanout_internal": 1,
      "halstead_bugprop": 1.7631535255164117,
      "halstead_difficulty": 66.73333333333333,
      "halstead_effort": 352983.33580838563,
      "halstead_timerequired": 19610.185322688092,
      "halstead_volume": 5289.460576549235,
      "loc": 1,
      "operands_sum": 286,
      "operands_uniq": 75,
      "operators_sum": 494,
      "operators_uniq": 35
    },
    "median": {
      "comment_ratio": 16.681090437040243,
      "cyclomatic_complexity": 8,
      "fanout_external": 7,
      "fanout_internal": 1,
      "halstead_bugprop": 1.7631535255164117,
      "halstead_difficulty": 66.73333333333333,
      "halstead_effort": 352983.33580838563,
      "halstead_timerequired": 19610.185322688092,
      "halstead_volume": 5289.460576549235,
      "loc": 1,
      "operands_sum": 286,
      "operands_uniq": 75,
      "operators_sum": 494,
      "operators_uniq": 35
    },
    "min": {
      "comment_ratio": 16.681090437040243,
      "cyclomatic_complexity": 8,
      "fanout_external": 7,
      "fanout_internal": 1,
      "halstead_bugprop": 1.7631535255164117,
      "halstead_difficulty": 66.73333333333333,
      "halstead_effort": 352983.33580838563,
      "halstead_timerequired": 19610.185322688092,
      "halstead_volume": 5289.460576549235,
      "loc": 1,
      "operands_sum": 286,
      "operands_uniq": 75,
      "operators_sum": 494,
      "operators_uniq": 35
    }
  }
}
