{
  "files": {
    "/Users/lorraynereis/Documents/PUC /Engenharia de Sofware/7 Peri\u0301odo/TCC 1/plf-es-2022-2-tcci-5308100-pes-lorrayne-reis/Instrumentos/Codigos/Collect-repositories/Repositories/Cloned-repositories/l5kit/examples/drivergym/drivenet_eval.py": {
      "comment_ratio": 25.10335323840147,
      "cyclomatic_complexity": 8,
      "fanout_external": 16,
      "fanout_internal": 1,
      "halstead_bugprop": 0.9522860538677105,
      "halstead_difficulty": 17.47058823529412,
      "halstead_effort": 49910.992588007655,
      "halstead_timerequired": 2772.8329215559806,
      "halstead_volume": 2856.8581616031315,
      "lang": [
        "Python"
      ],
      "loc": 1,
      "operands_sum": 198,
      "operands_uniq": 85,
      "operators_sum": 232,
      "operators_uniq": 15
    }
  },
  "overall": {
    "comment_ratio": 25.10335323840147,
    "cyclomatic_complexity": 8,
    "fanout_external": 16,
    "fanout_internal": 1,
    "halstead_bugprop": 0.9522860538677105,
    "halstead_difficulty": 17.47058823529412,
    "halstead_effort": 49910.992588007655,
    "halstead_timerequired": 2772.8329215559806,
    "halstead_volume": 2856.8581616031315,
    "loc": 1,
    "maintainability_index": 100,
    "operands_sum": 198,
    "operands_uniq": 85,
    "operators_sum": 232,
    "operators_uniq": 15,
    "pylint": 100.0,
    "tiobe": 85.9009900990099,
    "tiobe_compiler": 100.0,
    "tiobe_complexity": 12.673267326732674,
    "tiobe_coverage": 100.0,
    "tiobe_duplication": 100.0,
    "tiobe_fanout": 80.0,
    "tiobe_functional": 100.0,
    "tiobe_security": 100.0,
    "tiobe_standard": 100.0
  },
  "stats": {
    "max": {
      "comment_ratio": 25.10335323840147,
      "cyclomatic_complexity": 8,
      "fanout_external": 16,
      "fanout_internal": 1,
      "halstead_bugprop": 0.9522860538677105,
      "halstead_difficulty": 17.47058823529412,
      "halstead_effort": 49910.992588007655,
      "halstead_timerequired": 2772.8329215559806,
      "halstead_volume": 2856.8581616031315,
      "loc": 1,
      "operands_sum": 198,
      "operands_uniq": 85,
      "operators_sum": 232,
      "operators_uniq": 15
    },
    "mean": {
      "comment_ratio": 25.10335323840147,
      "cyclomatic_complexity": 8,
      "fanout_external": 16,
      "fanout_internal": 1,
      "halstead_bugprop": 0.9522860538677105,
      "halstead_difficulty": 17.47058823529412,
      "halstead_effort": 49910.992588007655,
      "halstead_timerequired": 2772.8329215559806,
      "halstead_volume": 2856.8581616031315,
      "loc": 1,
      "operands_sum": 198,
      "operands_uniq": 85,
      "operators_sum": 232,
      "operators_uniq": 15
    },
    "median": {
      "comment_ratio": 25.10335323840147,
      "cyclomatic_complexity": 8,
      "fanout_external": 16,
      "fanout_internal": 1,
      "halstead_bugprop": 0.9522860538677105,
      "halstead_difficulty": 17.47058823529412,
      "halstead_effort": 49910.992588007655,
      "halstead_timerequired": 2772.8329215559806,
      "halstead_volume": 2856.8581616031315,
      "loc": 1,
      "operands_sum": 198,
      "operands_uniq": 85,
      "operators_sum": 232,
      "operators_uniq": 15
    },
    "min": {
      "comment_ratio": 25.10335323840147,
      "cyclomatic_complexity": 8,
      "fanout_external": 16,
      "fanout_internal": 1,
      "halstead_bugprop": 0.9522860538677105,
      "halstead_difficulty": 17.47058823529412,
      "halstead_effort": 49910.992588007655,
      "halstead_timerequired": 2772.8329215559806,
      "halstead_volume": 2856.8581616031315,
      "loc": 1,
      "operands_sum": 198,
      "operands_uniq": 85,
      "operators_sum": 232,
      "operators_uniq": 15
    }
  }
}
