{
  "files": {
    "/Users/lorraynereis/Documents/PUC /Engenharia de Sofware/7 Peri\u0301odo/TCC 1/plf-es-2022-2-tcci-5308100-pes-lorrayne-reis/Instrumentos/Codigos/Collect-repositories/Repositories/Cloned-repositories/l5kit/examples/drivergym/drivenet_train.py": {
      "comment_ratio": 7.154624617557072,
      "cyclomatic_complexity": 8,
      "fanout_external": 20,
      "fanout_internal": 1,
      "halstead_bugprop": 1.8047921301155403,
      "halstead_difficulty": 25.242424242424242,
      "halstead_effort": 136671.985853295,
      "halstead_timerequired": 7592.888102960833,
      "halstead_volume": 5414.376390346621,
      "lang": [
        "Python"
      ],
      "loc": 1,
      "operands_sum": 392,
      "operands_uniq": 132,
      "operators_sum": 358,
      "operators_uniq": 17
    }
  },
  "overall": {
    "comment_ratio": 7.154624617557072,
    "cyclomatic_complexity": 8,
    "fanout_external": 20,
    "fanout_internal": 1,
    "halstead_bugprop": 1.8047921301155403,
    "halstead_difficulty": 25.242424242424242,
    "halstead_effort": 136671.985853295,
    "halstead_timerequired": 7592.888102960833,
    "halstead_volume": 5414.376390346621,
    "loc": 1,
    "maintainability_index": 100,
    "operands_sum": 392,
    "operands_uniq": 132,
    "operators_sum": 358,
    "operators_uniq": 17,
    "pylint": 100.0,
    "tiobe": 85.5009900990099,
    "tiobe_compiler": 100.0,
    "tiobe_complexity": 12.673267326732674,
    "tiobe_coverage": 100.0,
    "tiobe_duplication": 100.0,
    "tiobe_fanout": 72.0,
    "tiobe_functional": 100.0,
    "tiobe_security": 100.0,
    "tiobe_standard": 100.0
  },
  "stats": {
    "max": {
      "comment_ratio": 7.154624617557072,
      "cyclomatic_complexity": 8,
      "fanout_external": 20,
      "fanout_internal": 1,
      "halstead_bugprop": 1.8047921301155403,
      "halstead_difficulty": 25.242424242424242,
      "halstead_effort": 136671.985853295,
      "halstead_timerequired": 7592.888102960833,
      "halstead_volume": 5414.376390346621,
      "loc": 1,
      "operands_sum": 392,
      "operands_uniq": 132,
      "operators_sum": 358,
      "operators_uniq": 17
    },
    "mean": {
      "comment_ratio": 7.154624617557072,
      "cyclomatic_complexity": 8,
      "fanout_external": 20,
      "fanout_internal": 1,
      "halstead_bugprop": 1.8047921301155403,
      "halstead_difficulty": 25.242424242424242,
      "halstead_effort": 136671.985853295,
      "halstead_timerequired": 7592.888102960833,
      "halstead_volume": 5414.376390346621,
      "loc": 1,
      "operands_sum": 392,
      "operands_uniq": 132,
      "operators_sum": 358,
      "operators_uniq": 17
    },
    "median": {
      "comment_ratio": 7.154624617557072,
      "cyclomatic_complexity": 8,
      "fanout_external": 20,
      "fanout_internal": 1,
      "halstead_bugprop": 1.8047921301155403,
      "halstead_difficulty": 25.242424242424242,
      "halstead_effort": 136671.985853295,
      "halstead_timerequired": 7592.888102960833,
      "halstead_volume": 5414.376390346621,
      "loc": 1,
      "operands_sum": 392,
      "operands_uniq": 132,
      "operators_sum": 358,
      "operators_uniq": 17
    },
    "min": {
      "comment_ratio": 7.154624617557072,
      "cyclomatic_complexity": 8,
      "fanout_external": 20,
      "fanout_internal": 1,
      "halstead_bugprop": 1.8047921301155403,
      "halstead_difficulty": 25.242424242424242,
      "halstead_effort": 136671.985853295,
      "halstead_timerequired": 7592.888102960833,
      "halstead_volume": 5414.376390346621,
      "loc": 1,
      "operands_sum": 392,
      "operands_uniq": 132,
      "operators_sum": 358,
      "operators_uniq": 17
    }
  }
}
