{
  "files": {
    "/Users/lorraynereis/Documents/PUC /Engenharia de Sofware/7 Peri\u0301odo/TCC 1/plf-es-2022-2-tcci-5308100-pes-lorrayne-reis/Instrumentos/Codigos/Collect-repositories/Repositories/Cloned-repositories/PythonRobotics/PathPlanning/DStar/dstar.py": {
      "comment_ratio": 4.137481674539828,
      "cyclomatic_complexity": 52,
      "fanout_external": 5,
      "fanout_internal": 1,
      "halstead_bugprop": 3.3964852322347627,
      "halstead_difficulty": 137.05913978494624,
      "halstead_effort": 1396558.0326671097,
      "halstead_timerequired": 77586.55737039499,
      "halstead_volume": 10189.455696704288,
      "lang": [
        "Python"
      ],
      "loc": 2,
      "operands_sum": 689,
      "operands_uniq": 93,
      "operators_sum": 762,
      "operators_uniq": 37
    }
  },
  "overall": {
    "comment_ratio": 4.137481674539828,
    "cyclomatic_complexity": 52,
    "fanout_external": 5,
    "fanout_internal": 1,
    "halstead_bugprop": 3.3964852322347627,
    "halstead_difficulty": 137.05913978494624,
    "halstead_effort": 1396558.0326671097,
    "halstead_timerequired": 77586.55737039499,
    "halstead_volume": 10189.455696704288,
    "loc": 2,
    "maintainability_index": 99.81965038628894,
    "operands_sum": 689,
    "operands_uniq": 93,
    "operators_sum": 762,
    "operators_uniq": 37,
    "pylint": 100.0,
    "tiobe": 85.00696070825207,
    "tiobe_compiler": 100.0,
    "tiobe_complexity": 0.046404721680430985,
    "tiobe_coverage": 100.0,
    "tiobe_duplication": 100.0,
    "tiobe_fanout": 100.0,
    "tiobe_functional": 100.0,
    "tiobe_security": 100.0,
    "tiobe_standard": 100.0
  },
  "stats": {
    "max": {
      "comment_ratio": 4.137481674539828,
      "cyclomatic_complexity": 52,
      "fanout_external": 5,
      "fanout_internal": 1,
      "halstead_bugprop": 3.3964852322347627,
      "halstead_difficulty": 137.05913978494624,
      "halstead_effort": 1396558.0326671097,
      "halstead_timerequired": 77586.55737039499,
      "halstead_volume": 10189.455696704288,
      "loc": 2,
      "operands_sum": 689,
      "operands_uniq": 93,
      "operators_sum": 762,
      "operators_uniq": 37
    },
    "mean": {
      "comment_ratio": 4.137481674539828,
      "cyclomatic_complexity": 52,
      "fanout_external": 5,
      "fanout_internal": 1,
      "halstead_bugprop": 3.3964852322347627,
      "halstead_difficulty": 137.05913978494624,
      "halstead_effort": 1396558.0326671097,
      "halstead_timerequired": 77586.55737039499,
      "halstead_volume": 10189.455696704288,
      "loc": 2,
      "operands_sum": 689,
      "operands_uniq": 93,
      "operators_sum": 762,
      "operators_uniq": 37
    },
    "median": {
      "comment_ratio": 4.137481674539828,
      "cyclomatic_complexity": 52,
      "fanout_external": 5,
      "fanout_internal": 1,
      "halstead_bugprop": 3.3964852322347627,
      "halstead_difficulty": 137.05913978494624,
      "halstead_effort": 1396558.0326671097,
      "halstead_timerequired": 77586.55737039499,
      "halstead_volume": 10189.455696704288,
      "loc": 2,
      "operands_sum": 689,
      "operands_uniq": 93,
      "operators_sum": 762,
      "operators_uniq": 37
    },
    "min": {
      "comment_ratio": 4.137481674539828,
      "cyclomatic_complexity": 52,
      "fanout_external": 5,
      "fanout_internal": 1,
      "halstead_bugprop": 3.3964852322347627,
      "halstead_difficulty": 137.05913978494624,
      "halstead_effort": 1396558.0326671097,
      "halstead_timerequired": 77586.55737039499,
      "halstead_volume": 10189.455696704288,
      "loc": 2,
      "operands_sum": 689,
      "operands_uniq": 93,
      "operators_sum": 762,
      "operators_uniq": 37
    }
  }
}
