{
  "files": {
    "/Users/lorraynereis/Documents/PUC /Engenharia de Sofware/7 Peri\u0301odo/TCC 1/plf-es-2022-2-tcci-5308100-pes-lorrayne-reis/Instrumentos/Codigos/Collect-repositories/Repositories/Cloned-repositories/PythonRobotics/PathPlanning/DubinsPath/dubins_path_planner.py": {
      "comment_ratio": 21.260767423649177,
      "cyclomatic_complexity": 6,
      "fanout_external": 11,
      "fanout_internal": 1,
      "halstead_bugprop": 4.392059864516237,
      "halstead_difficulty": 91.46979865771813,
      "halstead_effort": 1205222.494499835,
      "halstead_timerequired": 66956.80524999084,
      "halstead_volume": 13176.179593548712,
      "lang": [
        "Python"
      ],
      "loc": 1,
      "operands_sum": 826,
      "operands_uniq": 149,
      "operators_sum": 929,
      "operators_uniq": 33
    }
  },
  "overall": {
    "comment_ratio": 21.260767423649177,
    "cyclomatic_complexity": 6,
    "fanout_external": 11,
    "fanout_internal": 1,
    "halstead_bugprop": 4.392059864516237,
    "halstead_difficulty": 91.46979865771813,
    "halstead_effort": 1205222.494499835,
    "halstead_timerequired": 66956.80524999084,
    "halstead_volume": 13176.179593548712,
    "loc": 1,
    "maintainability_index": 100,
    "operands_sum": 826,
    "operands_uniq": 149,
    "operators_sum": 929,
    "operators_uniq": 33,
    "pylint": 100.0,
    "tiobe": 88.51673640167364,
    "tiobe_compiler": 100.0,
    "tiobe_complexity": 26.778242677824267,
    "tiobe_coverage": 100.0,
    "tiobe_duplication": 100.0,
    "tiobe_fanout": 90.0,
    "tiobe_functional": 100.0,
    "tiobe_security": 100.0,
    "tiobe_standard": 100.0
  },
  "stats": {
    "max": {
      "comment_ratio": 21.260767423649177,
      "cyclomatic_complexity": 6,
      "fanout_external": 11,
      "fanout_internal": 1,
      "halstead_bugprop": 4.392059864516237,
      "halstead_difficulty": 91.46979865771813,
      "halstead_effort": 1205222.494499835,
      "halstead_timerequired": 66956.80524999084,
      "halstead_volume": 13176.179593548712,
      "loc": 1,
      "operands_sum": 826,
      "operands_uniq": 149,
      "operators_sum": 929,
      "operators_uniq": 33
    },
    "mean": {
      "comment_ratio": 21.260767423649177,
      "cyclomatic_complexity": 6,
      "fanout_external": 11,
      "fanout_internal": 1,
      "halstead_bugprop": 4.392059864516237,
      "halstead_difficulty": 91.46979865771813,
      "halstead_effort": 1205222.494499835,
      "halstead_timerequired": 66956.80524999084,
      "halstead_volume": 13176.179593548712,
      "loc": 1,
      "operands_sum": 826,
      "operands_uniq": 149,
      "operators_sum": 929,
      "operators_uniq": 33
    },
    "median": {
      "comment_ratio": 21.260767423649177,
      "cyclomatic_complexity": 6,
      "fanout_external": 11,
      "fanout_internal": 1,
      "halstead_bugprop": 4.392059864516237,
      "halstead_difficulty": 91.46979865771813,
      "halstead_effort": 1205222.494499835,
      "halstead_timerequired": 66956.80524999084,
      "halstead_volume": 13176.179593548712,
      "loc": 1,
      "operands_sum": 826,
      "operands_uniq": 149,
      "operators_sum": 929,
      "operators_uniq": 33
    },
    "min": {
      "comment_ratio": 21.260767423649177,
      "cyclomatic_complexity": 6,
      "fanout_external": 11,
      "fanout_internal": 1,
      "halstead_bugprop": 4.392059864516237,
      "halstead_difficulty": 91.46979865771813,
      "halstead_effort": 1205222.494499835,
      "halstead_timerequired": 66956.80524999084,
      "halstead_volume": 13176.179593548712,
      "loc": 1,
      "operands_sum": 826,
      "operands_uniq": 149,
      "operators_sum": 929,
      "operators_uniq": 33
    }
  }
}
