{
  "files": {
    "/Users/lorraynereis/Documents/PUC /Engenharia de Sofware/7 Peri\u0301odo/TCC 1/plf-es-2022-2-tcci-5308100-pes-lorrayne-reis/Instrumentos/Codigos/Collect-repositories/Repositories/Cloned-repositories/MotionPlanning/CurvesGenerator/dubins_path.py": {
      "comment_ratio": 4.680987495992305,
      "cyclomatic_complexity": 29,
      "fanout_external": 10,
      "fanout_internal": 1,
      "halstead_bugprop": 6.4354034815771195,
      "halstead_difficulty": 105.18181818181819,
      "halstead_effort": 2030662.3167776528,
      "halstead_timerequired": 112814.57315431404,
      "halstead_volume": 19306.210444731358,
      "lang": [
        "Python"
      ],
      "loc": 2,
      "operands_sum": 1157,
      "operands_uniq": 187,
      "operators_sum": 1322,
      "operators_uniq": 34
    }
  },
  "overall": {
    "comment_ratio": 4.680987495992305,
    "cyclomatic_complexity": 29,
    "fanout_external": 10,
    "fanout_internal": 1,
    "halstead_bugprop": 6.4354034815771195,
    "halstead_difficulty": 105.18181818181819,
    "halstead_effort": 2030662.3167776528,
    "halstead_timerequired": 112814.57315431404,
    "halstead_volume": 19306.210444731358,
    "loc": 2,
    "maintainability_index": 100,
    "operands_sum": 1157,
    "operands_uniq": 187,
    "operators_sum": 1322,
    "operators_uniq": 34,
    "pylint": 100.0,
    "tiobe": 84.64070556309362,
    "tiobe_compiler": 100.0,
    "tiobe_complexity": 0.27137042062415195,
    "tiobe_coverage": 100.0,
    "tiobe_duplication": 100.0,
    "tiobe_fanout": 92.0,
    "tiobe_functional": 100.0,
    "tiobe_security": 100.0,
    "tiobe_standard": 100.0
  },
  "stats": {
    "max": {
      "comment_ratio": 4.680987495992305,
      "cyclomatic_complexity": 29,
      "fanout_external": 10,
      "fanout_internal": 1,
      "halstead_bugprop": 6.4354034815771195,
      "halstead_difficulty": 105.18181818181819,
      "halstead_effort": 2030662.3167776528,
      "halstead_timerequired": 112814.57315431404,
      "halstead_volume": 19306.210444731358,
      "loc": 2,
      "operands_sum": 1157,
      "operands_uniq": 187,
      "operators_sum": 1322,
      "operators_uniq": 34
    },
    "mean": {
      "comment_ratio": 4.680987495992305,
      "cyclomatic_complexity": 29,
      "fanout_external": 10,
      "fanout_internal": 1,
      "halstead_bugprop": 6.4354034815771195,
      "halstead_difficulty": 105.18181818181819,
      "halstead_effort": 2030662.3167776528,
      "halstead_timerequired": 112814.57315431404,
      "halstead_volume": 19306.210444731358,
      "loc": 2,
      "operands_sum": 1157,
      "operands_uniq": 187,
      "operators_sum": 1322,
      "operators_uniq": 34
    },
    "median": {
      "comment_ratio": 4.680987495992305,
      "cyclomatic_complexity": 29,
      "fanout_external": 10,
      "fanout_internal": 1,
      "halstead_bugprop": 6.4354034815771195,
      "halstead_difficulty": 105.18181818181819,
      "halstead_effort": 2030662.3167776528,
      "halstead_timerequired": 112814.57315431404,
      "halstead_volume": 19306.210444731358,
      "loc": 2,
      "operands_sum": 1157,
      "operands_uniq": 187,
      "operators_sum": 1322,
      "operators_uniq": 34
    },
    "min": {
      "comment_ratio": 4.680987495992305,
      "cyclomatic_complexity": 29,
      "fanout_external": 10,
      "fanout_internal": 1,
      "halstead_bugprop": 6.4354034815771195,
      "halstead_difficulty": 105.18181818181819,
      "halstead_effort": 2030662.3167776528,
      "halstead_timerequired": 112814.57315431404,
      "halstead_volume": 19306.210444731358,
      "loc": 2,
      "operands_sum": 1157,
      "operands_uniq": 187,
      "operators_sum": 1322,
      "operators_uniq": 34
    }
  }
}
