{
  "files": {
    "/Users/lorraynereis/Documents/PUC /Engenharia de Sofware/7 Peri\u0301odo/TCC 1/plf-es-2022-2-tcci-5308100-pes-lorrayne-reis/Instrumentos/Codigos/Collect-repositories/Repositories/Cloned-repositories/PythonRobotics/PathPlanning/DynamicWindowApproach/dynamic_window_approach.py": {
      "comment_ratio": 15.610815077955397,
      "cyclomatic_complexity": 11,
      "fanout_external": 7,
      "fanout_internal": 1,
      "halstead_bugprop": 5.078544965796864,
      "halstead_difficulty": 88.24137931034483,
      "halstead_effort": 1344413.4380145697,
      "halstead_timerequired": 74689.63544525387,
      "halstead_volume": 15235.634897390592,
      "lang": [
        "Python"
      ],
      "loc": 1,
      "operands_sum": 853,
      "operands_uniq": 174,
      "operators_sum": 1122,
      "operators_uniq": 36
    }
  },
  "overall": {
    "comment_ratio": 15.610815077955397,
    "cyclomatic_complexity": 11,
    "fanout_external": 7,
    "fanout_internal": 1,
    "halstead_bugprop": 5.078544965796864,
    "halstead_difficulty": 88.24137931034483,
    "halstead_effort": 1344413.4380145697,
    "halstead_timerequired": 74689.63544525387,
    "halstead_volume": 15235.634897390592,
    "loc": 1,
    "maintainability_index": 100,
    "operands_sum": 853,
    "operands_uniq": 174,
    "operators_sum": 1122,
    "operators_uniq": 36,
    "pylint": 100.0,
    "tiobe": 85.65949367088608,
    "tiobe_compiler": 100.0,
    "tiobe_complexity": 5.063291139240507,
    "tiobe_coverage": 100.0,
    "tiobe_duplication": 100.0,
    "tiobe_fanout": 98.0,
    "tiobe_functional": 100.0,
    "tiobe_security": 100.0,
    "tiobe_standard": 100.0
  },
  "stats": {
    "max": {
      "comment_ratio": 15.610815077955397,
      "cyclomatic_complexity": 11,
      "fanout_external": 7,
      "fanout_internal": 1,
      "halstead_bugprop": 5.078544965796864,
      "halstead_difficulty": 88.24137931034483,
      "halstead_effort": 1344413.4380145697,
      "halstead_timerequired": 74689.63544525387,
      "halstead_volume": 15235.634897390592,
      "loc": 1,
      "operands_sum": 853,
      "operands_uniq": 174,
      "operators_sum": 1122,
      "operators_uniq": 36
    },
    "mean": {
      "comment_ratio": 15.610815077955397,
      "cyclomatic_complexity": 11,
      "fanout_external": 7,
      "fanout_internal": 1,
      "halstead_bugprop": 5.078544965796864,
      "halstead_difficulty": 88.24137931034483,
      "halstead_effort": 1344413.4380145697,
      "halstead_timerequired": 74689.63544525387,
      "halstead_volume": 15235.634897390592,
      "loc": 1,
      "operands_sum": 853,
      "operands_uniq": 174,
      "operators_sum": 1122,
      "operators_uniq": 36
    },
    "median": {
      "comment_ratio": 15.610815077955397,
      "cyclomatic_complexity": 11,
      "fanout_external": 7,
      "fanout_internal": 1,
      "halstead_bugprop": 5.078544965796864,
      "halstead_difficulty": 88.24137931034483,
      "halstead_effort": 1344413.4380145697,
      "halstead_timerequired": 74689.63544525387,
      "halstead_volume": 15235.634897390592,
      "loc": 1,
      "operands_sum": 853,
      "operands_uniq": 174,
      "operators_sum": 1122,
      "operators_uniq": 36
    },
    "min": {
      "comment_ratio": 15.610815077955397,
      "cyclomatic_complexity": 11,
      "fanout_external": 7,
      "fanout_internal": 1,
      "halstead_bugprop": 5.078544965796864,
      "halstead_difficulty": 88.24137931034483,
      "halstead_effort": 1344413.4380145697,
      "halstead_timerequired": 74689.63544525387,
      "halstead_volume": 15235.634897390592,
      "loc": 1,
      "operands_sum": 853,
      "operands_uniq": 174,
      "operators_sum": 1122,
      "operators_uniq": 36
    }
  }
}
