{
  "files": {
    "/Users/lorraynereis/Documents/PUC /Engenharia de Sofware/7 Peri\u0301odo/TCC 1/plf-es-2022-2-tcci-5308100-pes-lorrayne-reis/Instrumentos/Codigos/Collect-repositories/Repositories/Cloned-repositories/PythonRobotics/PathPlanning/DynamicMovementPrimitives/dynamic_movement_primitives.py": {
      "comment_ratio": 20.77784325279906,
      "cyclomatic_complexity": 23,
      "fanout_external": 3,
      "fanout_internal": 0,
      "halstead_bugprop": 3.6950102291354523,
      "halstead_difficulty": 61.767123287671225,
      "halstead_effort": 684690.4571166474,
      "halstead_timerequired": 38038.35872870263,
      "halstead_volume": 11085.030687406357,
      "lang": [
        "Python"
      ],
      "loc": 2,
      "operands_sum": 668,
      "operands_uniq": 146,
      "operators_sum": 823,
      "operators_uniq": 27
    }
  },
  "overall": {
    "comment_ratio": 20.77784325279906,
    "cyclomatic_complexity": 23,
    "fanout_external": 3,
    "fanout_internal": 0,
    "halstead_bugprop": 3.6950102291354523,
    "halstead_difficulty": 61.767123287671225,
    "halstead_effort": 684690.4571166474,
    "halstead_timerequired": 38038.35872870263,
    "halstead_volume": 11085.030687406357,
    "loc": 2,
    "maintainability_index": 100,
    "operands_sum": 668,
    "operands_uniq": 146,
    "operators_sum": 823,
    "operators_uniq": 27,
    "pylint": 100.0,
    "tiobe": 85.08219178082192,
    "tiobe_compiler": 100.0,
    "tiobe_complexity": 0.547945205479452,
    "tiobe_coverage": 100.0,
    "tiobe_duplication": 100.0,
    "tiobe_fanout": 100.0,
    "tiobe_functional": 100.0,
    "tiobe_security": 100.0,
    "tiobe_standard": 100.0
  },
  "stats": {
    "max": {
      "comment_ratio": 20.77784325279906,
      "cyclomatic_complexity": 23,
      "fanout_external": 3,
      "fanout_internal": 0,
      "halstead_bugprop": 3.6950102291354523,
      "halstead_difficulty": 61.767123287671225,
      "halstead_effort": 684690.4571166474,
      "halstead_timerequired": 38038.35872870263,
      "halstead_volume": 11085.030687406357,
      "loc": 2,
      "operands_sum": 668,
      "operands_uniq": 146,
      "operators_sum": 823,
      "operators_uniq": 27
    },
    "mean": {
      "comment_ratio": 20.77784325279906,
      "cyclomatic_complexity": 23,
      "fanout_external": 3,
      "fanout_internal": 0,
      "halstead_bugprop": 3.6950102291354523,
      "halstead_difficulty": 61.767123287671225,
      "halstead_effort": 684690.4571166474,
      "halstead_timerequired": 38038.35872870263,
      "halstead_volume": 11085.030687406357,
      "loc": 2,
      "operands_sum": 668,
      "operands_uniq": 146,
      "operators_sum": 823,
      "operators_uniq": 27
    },
    "median": {
      "comment_ratio": 20.77784325279906,
      "cyclomatic_complexity": 23,
      "fanout_external": 3,
      "fanout_internal": 0,
      "halstead_bugprop": 3.6950102291354523,
      "halstead_difficulty": 61.767123287671225,
      "halstead_effort": 684690.4571166474,
      "halstead_timerequired": 38038.35872870263,
      "halstead_volume": 11085.030687406357,
      "loc": 2,
      "operands_sum": 668,
      "operands_uniq": 146,
      "operators_sum": 823,
      "operators_uniq": 27
    },
    "min": {
      "comment_ratio": 20.77784325279906,
      "cyclomatic_complexity": 23,
      "fanout_external": 3,
      "fanout_internal": 0,
      "halstead_bugprop": 3.6950102291354523,
      "halstead_difficulty": 61.767123287671225,
      "halstead_effort": 684690.4571166474,
      "halstead_timerequired": 38038.35872870263,
      "halstead_volume": 11085.030687406357,
      "loc": 2,
      "operands_sum": 668,
      "operands_uniq": 146,
      "operators_sum": 823,
      "operators_uniq": 27
    }
  }
}
