{
  "files": {
    "/Users/lorraynereis/Documents/PUC /Engenharia de Sofware/7 Peri\u0301odo/TCC 1/plf-es-2022-2-tcci-5308100-pes-lorrayne-reis/Instrumentos/Codigos/Collect-repositories/Repositories/Cloned-repositories/l5kit/l5kit/l5kit/tests/simulation/e2e_test.py": {
      "comment_ratio": 2.802989855846236,
      "cyclomatic_complexity": 9,
      "fanout_external": 12,
      "fanout_internal": 1,
      "halstead_bugprop": 2.1596416690181073,
      "halstead_difficulty": 55.24390243902439,
      "halstead_effort": 357921.1009994644,
      "halstead_timerequired": 19884.505611081357,
      "halstead_volume": 6478.925007054322,
      "lang": [
        "Python"
      ],
      "loc": 1,
      "operands_sum": 453,
      "operands_uniq": 82,
      "operators_sum": 518,
      "operators_uniq": 20
    }
  },
  "overall": {
    "comment_ratio": 2.802989855846236,
    "cyclomatic_complexity": 9,
    "fanout_external": 12,
    "fanout_internal": 1,
    "halstead_bugprop": 2.1596416690181073,
    "halstead_difficulty": 55.24390243902439,
    "halstead_effort": 357921.1009994644,
    "halstead_timerequired": 19884.505611081357,
    "halstead_volume": 6478.925007054322,
    "loc": 1,
    "maintainability_index": 100,
    "operands_sum": 453,
    "operands_uniq": 82,
    "operators_sum": 518,
    "operators_uniq": 20,
    "pylint": 100.0,
    "tiobe": 85.76363636363638,
    "tiobe_compiler": 100.0,
    "tiobe_complexity": 9.090909090909092,
    "tiobe_coverage": 100.0,
    "tiobe_duplication": 100.0,
    "tiobe_fanout": 88.0,
    "tiobe_functional": 100.0,
    "tiobe_security": 100.0,
    "tiobe_standard": 100.0
  },
  "stats": {
    "max": {
      "comment_ratio": 2.802989855846236,
      "cyclomatic_complexity": 9,
      "fanout_external": 12,
      "fanout_internal": 1,
      "halstead_bugprop": 2.1596416690181073,
      "halstead_difficulty": 55.24390243902439,
      "halstead_effort": 357921.1009994644,
      "halstead_timerequired": 19884.505611081357,
      "halstead_volume": 6478.925007054322,
      "loc": 1,
      "operands_sum": 453,
      "operands_uniq": 82,
      "operators_sum": 518,
      "operators_uniq": 20
    },
    "mean": {
      "comment_ratio": 2.802989855846236,
      "cyclomatic_complexity": 9,
      "fanout_external": 12,
      "fanout_internal": 1,
      "halstead_bugprop": 2.1596416690181073,
      "halstead_difficulty": 55.24390243902439,
      "halstead_effort": 357921.1009994644,
      "halstead_timerequired": 19884.505611081357,
      "halstead_volume": 6478.925007054322,
      "loc": 1,
      "operands_sum": 453,
      "operands_uniq": 82,
      "operators_sum": 518,
      "operators_uniq": 20
    },
    "median": {
      "comment_ratio": 2.802989855846236,
      "cyclomatic_complexity": 9,
      "fanout_external": 12,
      "fanout_internal": 1,
      "halstead_bugprop": 2.1596416690181073,
      "halstead_difficulty": 55.24390243902439,
      "halstead_effort": 357921.1009994644,
      "halstead_timerequired": 19884.505611081357,
      "halstead_volume": 6478.925007054322,
      "loc": 1,
      "operands_sum": 453,
      "operands_uniq": 82,
      "operators_sum": 518,
      "operators_uniq": 20
    },
    "min": {
      "comment_ratio": 2.802989855846236,
      "cyclomatic_complexity": 9,
      "fanout_external": 12,
      "fanout_internal": 1,
      "halstead_bugprop": 2.1596416690181073,
      "halstead_difficulty": 55.24390243902439,
      "halstead_effort": 357921.1009994644,
      "halstead_timerequired": 19884.505611081357,
      "halstead_volume": 6478.925007054322,
      "loc": 1,
      "operands_sum": 453,
      "operands_uniq": 82,
      "operators_sum": 518,
      "operators_uniq": 20
    }
  }
}
