{
  "files": {
    "/Users/lorraynereis/Documents/PUC /Engenharia de Sofware/7 Peri\u0301odo/TCC 1/plf-es-2022-2-tcci-5308100-pes-lorrayne-reis/Instrumentos/Codigos/Collect-repositories/Repositories/Cloned-repositories/l5kit/l5kit/l5kit/dataset/ego.py": {
      "comment_ratio": 33.14748201438849,
      "cyclomatic_complexity": 6,
      "fanout_external": 23,
      "fanout_internal": 1,
      "halstead_bugprop": 6.167911520870321,
      "halstead_difficulty": 108.8663101604278,
      "halstead_effort": 2014433.306019433,
      "halstead_timerequired": 111912.96144552407,
      "halstead_volume": 18503.734562610964,
      "lang": [
        "Python"
      ],
      "loc": 1,
      "operands_sum": 1131,
      "operands_uniq": 187,
      "operators_sum": 1241,
      "operators_uniq": 36
    }
  },
  "overall": {
    "comment_ratio": 33.14748201438849,
    "cyclomatic_complexity": 6,
    "fanout_external": 23,
    "fanout_internal": 1,
    "halstead_bugprop": 6.167911520870321,
    "halstead_difficulty": 108.8663101604278,
    "halstead_effort": 2014433.306019433,
    "halstead_timerequired": 111912.96144552407,
    "halstead_volume": 18503.734562610964,
    "loc": 1,
    "maintainability_index": 100,
    "operands_sum": 1131,
    "operands_uniq": 187,
    "operators_sum": 1241,
    "operators_uniq": 36,
    "pylint": 100.0,
    "tiobe": 87.31673640167364,
    "tiobe_compiler": 100.0,
    "tiobe_complexity": 26.778242677824267,
    "tiobe_coverage": 100.0,
    "tiobe_duplication": 100.0,
    "tiobe_fanout": 66.0,
    "tiobe_functional": 100.0,
    "tiobe_security": 100.0,
    "tiobe_standard": 100.0
  },
  "stats": {
    "max": {
      "comment_ratio": 33.14748201438849,
      "cyclomatic_complexity": 6,
      "fanout_external": 23,
      "fanout_internal": 1,
      "halstead_bugprop": 6.167911520870321,
      "halstead_difficulty": 108.8663101604278,
      "halstead_effort": 2014433.306019433,
      "halstead_timerequired": 111912.96144552407,
      "halstead_volume": 18503.734562610964,
      "loc": 1,
      "operands_sum": 1131,
      "operands_uniq": 187,
      "operators_sum": 1241,
      "operators_uniq": 36
    },
    "mean": {
      "comment_ratio": 33.14748201438849,
      "cyclomatic_complexity": 6,
      "fanout_external": 23,
      "fanout_internal": 1,
      "halstead_bugprop": 6.167911520870321,
      "halstead_difficulty": 108.8663101604278,
      "halstead_effort": 2014433.306019433,
      "halstead_timerequired": 111912.96144552407,
      "halstead_volume": 18503.734562610964,
      "loc": 1,
      "operands_sum": 1131,
      "operands_uniq": 187,
      "operators_sum": 1241,
      "operators_uniq": 36
    },
    "median": {
      "comment_ratio": 33.14748201438849,
      "cyclomatic_complexity": 6,
      "fanout_external": 23,
      "fanout_internal": 1,
      "halstead_bugprop": 6.167911520870321,
      "halstead_difficulty": 108.8663101604278,
      "halstead_effort": 2014433.306019433,
      "halstead_timerequired": 111912.96144552407,
      "halstead_volume": 18503.734562610964,
      "loc": 1,
      "operands_sum": 1131,
      "operands_uniq": 187,
      "operators_sum": 1241,
      "operators_uniq": 36
    },
    "min": {
      "comment_ratio": 33.14748201438849,
      "cyclomatic_complexity": 6,
      "fanout_external": 23,
      "fanout_internal": 1,
      "halstead_bugprop": 6.167911520870321,
      "halstead_difficulty": 108.8663101604278,
      "halstead_effort": 2014433.306019433,
      "halstead_timerequired": 111912.96144552407,
      "halstead_volume": 18503.734562610964,
      "loc": 1,
      "operands_sum": 1131,
      "operands_uniq": 187,
      "operators_sum": 1241,
      "operators_uniq": 36
    }
  }
}
