{
  "files": {
    "/Users/lorraynereis/Documents/PUC /Engenharia de Sofware/7 Peri\u0301odo/TCC 1/plf-es-2022-2-tcci-5308100-pes-lorrayne-reis/Instrumentos/Codigos/Collect-repositories/Repositories/Cloned-repositories/PythonRobotics/SLAM/EKFSLAM/ekf_slam.py": {
      "comment_ratio": 9.946739599827264,
      "cyclomatic_complexity": 0,
      "fanout_external": 6,
      "fanout_internal": 1,
      "halstead_bugprop": 4.804159570553395,
      "halstead_difficulty": 87.37328767123287,
      "halstead_effort": 1259265.6485294052,
      "halstead_timerequired": 69959.20269607806,
      "halstead_volume": 14412.478711660186,
      "lang": [
        "Python"
      ],
      "loc": 1,
      "operands_sum": 823,
      "operands_uniq": 146,
      "operators_sum": 1107,
      "operators_uniq": 31
    }
  },
  "overall": {
    "comment_ratio": 9.946739599827264,
    "cyclomatic_complexity": 0,
    "fanout_external": 6,
    "fanout_internal": 1,
    "halstead_bugprop": 4.804159570553395,
    "halstead_difficulty": 87.37328767123287,
    "halstead_effort": 1259265.6485294052,
    "halstead_timerequired": 69959.20269607806,
    "halstead_volume": 14412.478711660186,
    "loc": 1,
    "maintainability_index": 100,
    "operands_sum": 823,
    "operands_uniq": 146,
    "operators_sum": 1107,
    "operators_uniq": 31,
    "pylint": 100.0,
    "tiobe": 99.76923076923077,
    "tiobe_compiler": 100.0,
    "tiobe_complexity": 98.46153846153847,
    "tiobe_coverage": 100.0,
    "tiobe_duplication": 100.0,
    "tiobe_fanout": 100.0,
    "tiobe_functional": 100.0,
    "tiobe_security": 100.0,
    "tiobe_standard": 100.0
  },
  "stats": {
    "max": {
      "comment_ratio": 9.946739599827264,
      "cyclomatic_complexity": 0,
      "fanout_external": 6,
      "fanout_internal": 1,
      "halstead_bugprop": 4.804159570553395,
      "halstead_difficulty": 87.37328767123287,
      "halstead_effort": 1259265.6485294052,
      "halstead_timerequired": 69959.20269607806,
      "halstead_volume": 14412.478711660186,
      "loc": 1,
      "operands_sum": 823,
      "operands_uniq": 146,
      "operators_sum": 1107,
      "operators_uniq": 31
    },
    "mean": {
      "comment_ratio": 9.946739599827264,
      "cyclomatic_complexity": 0,
      "fanout_external": 6,
      "fanout_internal": 1,
      "halstead_bugprop": 4.804159570553395,
      "halstead_difficulty": 87.37328767123287,
      "halstead_effort": 1259265.6485294052,
      "halstead_timerequired": 69959.20269607806,
      "halstead_volume": 14412.478711660186,
      "loc": 1,
      "operands_sum": 823,
      "operands_uniq": 146,
      "operators_sum": 1107,
      "operators_uniq": 31
    },
    "median": {
      "comment_ratio": 9.946739599827264,
      "cyclomatic_complexity": 0,
      "fanout_external": 6,
      "fanout_internal": 1,
      "halstead_bugprop": 4.804159570553395,
      "halstead_difficulty": 87.37328767123287,
      "halstead_effort": 1259265.6485294052,
      "halstead_timerequired": 69959.20269607806,
      "halstead_volume": 14412.478711660186,
      "loc": 1,
      "operands_sum": 823,
      "operands_uniq": 146,
      "operators_sum": 1107,
      "operators_uniq": 31
    },
    "min": {
      "comment_ratio": 9.946739599827264,
      "cyclomatic_complexity": 0,
      "fanout_external": 6,
      "fanout_internal": 1,
      "halstead_bugprop": 4.804159570553395,
      "halstead_difficulty": 87.37328767123287,
      "halstead_effort": 1259265.6485294052,
      "halstead_timerequired": 69959.20269607806,
      "halstead_volume": 14412.478711660186,
      "loc": 1,
      "operands_sum": 823,
      "operands_uniq": 146,
      "operators_sum": 1107,
      "operators_uniq": 31
    }
  }
}
