{
  "files": {
    "/Users/lorraynereis/Documents/PUC /Engenharia de Sofware/7 Peri\u0301odo/TCC 1/plf-es-2022-2-tcci-5308100-pes-lorrayne-reis/Instrumentos/Codigos/Collect-repositories/Repositories/Cloned-repositories/CVPR2023-3D-Occupancy-Prediction/projects/mmdet3d_plugin/bevformer/modules/encoder.py": {
      "comment_ratio": 28.779428168848707,
      "cyclomatic_complexity": 19,
      "fanout_external": 19,
      "fanout_internal": 1,
      "halstead_bugprop": 4.933146520145497,
      "halstead_difficulty": 77.46835443037975,
      "halstead_effort": 1146488.2292388778,
      "halstead_timerequired": 63693.790513270986,
      "halstead_volume": 14799.439560436493,
      "lang": [
        "Python"
      ],
      "loc": 6,
      "operands_sum": 816,
      "operands_uniq": 158,
      "operators_sum": 1143,
      "operators_uniq": 30
    }
  },
  "overall": {
    "comment_ratio": 28.779428168848707,
    "cyclomatic_complexity": 19,
    "fanout_external": 19,
    "fanout_internal": 1,
    "halstead_bugprop": 4.933146520145497,
    "halstead_difficulty": 77.46835443037975,
    "halstead_effort": 1146488.2292388778,
    "halstead_timerequired": 63693.790513270986,
    "halstead_volume": 14799.439560436493,
    "loc": 6,
    "maintainability_index": 87.67130472272038,
    "operands_sum": 816,
    "operands_uniq": 158,
    "operators_sum": 1143,
    "operators_uniq": 30,
    "pylint": 100.0,
    "tiobe": 83.84669926650368,
    "tiobe_compiler": 100.0,
    "tiobe_complexity": 0.9779951100244498,
    "tiobe_coverage": 100.0,
    "tiobe_duplication": 100.0,
    "tiobe_fanout": 74.0,
    "tiobe_functional": 100.0,
    "tiobe_security": 100.0,
    "tiobe_standard": 100.0
  },
  "stats": {
    "max": {
      "comment_ratio": 28.779428168848707,
      "cyclomatic_complexity": 19,
      "fanout_external": 19,
      "fanout_internal": 1,
      "halstead_bugprop": 4.933146520145497,
      "halstead_difficulty": 77.46835443037975,
      "halstead_effort": 1146488.2292388778,
      "halstead_timerequired": 63693.790513270986,
      "halstead_volume": 14799.439560436493,
      "loc": 6,
      "operands_sum": 816,
      "operands_uniq": 158,
      "operators_sum": 1143,
      "operators_uniq": 30
    },
    "mean": {
      "comment_ratio": 28.779428168848707,
      "cyclomatic_complexity": 19,
      "fanout_external": 19,
      "fanout_internal": 1,
      "halstead_bugprop": 4.933146520145497,
      "halstead_difficulty": 77.46835443037975,
      "halstead_effort": 1146488.2292388778,
      "halstead_timerequired": 63693.790513270986,
      "halstead_volume": 14799.439560436493,
      "loc": 6,
      "operands_sum": 816,
      "operands_uniq": 158,
      "operators_sum": 1143,
      "operators_uniq": 30
    },
    "median": {
      "comment_ratio": 28.779428168848707,
      "cyclomatic_complexity": 19,
      "fanout_external": 19,
      "fanout_internal": 1,
      "halstead_bugprop": 4.933146520145497,
      "halstead_difficulty": 77.46835443037975,
      "halstead_effort": 1146488.2292388778,
      "halstead_timerequired": 63693.790513270986,
      "halstead_volume": 14799.439560436493,
      "loc": 6,
      "operands_sum": 816,
      "operands_uniq": 158,
      "operators_sum": 1143,
      "operators_uniq": 30
    },
    "min": {
      "comment_ratio": 28.779428168848707,
      "cyclomatic_complexity": 19,
      "fanout_external": 19,
      "fanout_internal": 1,
      "halstead_bugprop": 4.933146520145497,
      "halstead_difficulty": 77.46835443037975,
      "halstead_effort": 1146488.2292388778,
      "halstead_timerequired": 63693.790513270986,
      "halstead_volume": 14799.439560436493,
      "loc": 6,
      "operands_sum": 816,
      "operands_uniq": 158,
      "operators_sum": 1143,
      "operators_uniq": 30
    }
  }
}
