{
  "files": {
    "/Users/lorraynereis/Documents/PUC /Engenharia de Sofware/7 Peri\u0301odo/TCC 1/plf-es-2022-2-tcci-5308100-pes-lorrayne-reis/Instrumentos/Codigos/Collect-repositories/Repositories/Cloned-repositories/MotionPlanning/LatticePlanner/env.py": {
      "comment_ratio": 0.8359806052499582,
      "cyclomatic_complexity": 21,
      "fanout_external": 6,
      "fanout_internal": 1,
      "halstead_bugprop": 3.2403295882725405,
      "halstead_difficulty": 104.72727272727272,
      "halstead_effort": 1018052.6415518089,
      "halstead_timerequired": 56558.48008621161,
      "halstead_volume": 9720.98876481762,
      "lang": [
        "Python"
      ],
      "loc": 1,
      "operands_sum": 672,
      "operands_uniq": 77,
      "operators_sum": 788,
      "operators_uniq": 24
    }
  },
  "overall": {
    "comment_ratio": 0.8359806052499582,
    "cyclomatic_complexity": 21,
    "fanout_external": 6,
    "fanout_internal": 1,
    "halstead_bugprop": 3.2403295882725405,
    "halstead_difficulty": 104.72727272727272,
    "halstead_effort": 1018052.6415518089,
    "halstead_timerequired": 56558.48008621161,
    "halstead_volume": 9720.98876481762,
    "loc": 1,
    "maintainability_index": 100,
    "operands_sum": 672,
    "operands_uniq": 77,
    "operators_sum": 788,
    "operators_uniq": 24,
    "pylint": 100.0,
    "tiobe": 85.10830324909747,
    "tiobe_compiler": 100.0,
    "tiobe_complexity": 0.7220216606498195,
    "tiobe_coverage": 100.0,
    "tiobe_duplication": 100.0,
    "tiobe_fanout": 100.0,
    "tiobe_functional": 100.0,
    "tiobe_security": 100.0,
    "tiobe_standard": 100.0
  },
  "stats": {
    "max": {
      "comment_ratio": 0.8359806052499582,
      "cyclomatic_complexity": 21,
      "fanout_external": 6,
      "fanout_internal": 1,
      "halstead_bugprop": 3.2403295882725405,
      "halstead_difficulty": 104.72727272727272,
      "halstead_effort": 1018052.6415518089,
      "halstead_timerequired": 56558.48008621161,
      "halstead_volume": 9720.98876481762,
      "loc": 1,
      "operands_sum": 672,
      "operands_uniq": 77,
      "operators_sum": 788,
      "operators_uniq": 24
    },
    "mean": {
      "comment_ratio": 0.8359806052499582,
      "cyclomatic_complexity": 21,
      "fanout_external": 6,
      "fanout_internal": 1,
      "halstead_bugprop": 3.2403295882725405,
      "halstead_difficulty": 104.72727272727272,
      "halstead_effort": 1018052.6415518089,
      "halstead_timerequired": 56558.48008621161,
      "halstead_volume": 9720.98876481762,
      "loc": 1,
      "operands_sum": 672,
      "operands_uniq": 77,
      "operators_sum": 788,
      "operators_uniq": 24
    },
    "median": {
      "comment_ratio": 0.8359806052499582,
      "cyclomatic_complexity": 21,
      "fanout_external": 6,
      "fanout_internal": 1,
      "halstead_bugprop": 3.2403295882725405,
      "halstead_difficulty": 104.72727272727272,
      "halstead_effort": 1018052.6415518089,
      "halstead_timerequired": 56558.48008621161,
      "halstead_volume": 9720.98876481762,
      "loc": 1,
      "operands_sum": 672,
      "operands_uniq": 77,
      "operators_sum": 788,
      "operators_uniq": 24
    },
    "min": {
      "comment_ratio": 0.8359806052499582,
      "cyclomatic_complexity": 21,
      "fanout_external": 6,
      "fanout_internal": 1,
      "halstead_bugprop": 3.2403295882725405,
      "halstead_difficulty": 104.72727272727272,
      "halstead_effort": 1018052.6415518089,
      "halstead_timerequired": 56558.48008621161,
      "halstead_volume": 9720.98876481762,
      "loc": 1,
      "operands_sum": 672,
      "operands_uniq": 77,
      "operators_sum": 788,
      "operators_uniq": 24
    }
  }
}
