{
  "files": {
    "/Users/lorraynereis/Documents/PUC /Engenharia de Sofware/7 Peri\u0301odo/TCC 1/plf-es-2022-2-tcci-5308100-pes-lorrayne-reis/Instrumentos/Codigos/Collect-repositories/Repositories/Cloned-repositories/pylot/pylot/simulation/challenge/ERDOSTrack4Agent.py": {
      "comment_ratio": 25.468758851186767,
      "cyclomatic_complexity": 12,
      "fanout_external": 21,
      "fanout_internal": 1,
      "halstead_bugprop": 3.8716881477361627,
      "halstead_difficulty": 62.68361581920904,
      "halstead_effort": 728074.237273436,
      "halstead_timerequired": 40448.568737413116,
      "halstead_volume": 11615.064443208488,
      "lang": [
        "Python"
      ],
      "loc": 2,
      "operands_sum": 634,
      "operands_uniq": 177,
      "operators_sum": 869,
      "operators_uniq": 35
    }
  },
  "overall": {
    "comment_ratio": 25.468758851186767,
    "cyclomatic_complexity": 12,
    "fanout_external": 21,
    "fanout_internal": 1,
    "halstead_bugprop": 3.8716881477361627,
    "halstead_difficulty": 62.68361581920904,
    "halstead_effort": 728074.237273436,
    "halstead_timerequired": 40448.568737413116,
    "halstead_volume": 11615.064443208488,
    "loc": 2,
    "maintainability_index": 100,
    "operands_sum": 634,
    "operands_uniq": 177,
    "operators_sum": 869,
    "operators_uniq": 35,
    "pylint": 100.0,
    "tiobe": 84.08643860720831,
    "tiobe_compiler": 100.0,
    "tiobe_complexity": 3.9095907147220523,
    "tiobe_coverage": 100.0,
    "tiobe_duplication": 100.0,
    "tiobe_fanout": 70.0,
    "tiobe_functional": 100.0,
    "tiobe_security": 100.0,
    "tiobe_standard": 100.0
  },
  "stats": {
    "max": {
      "comment_ratio": 25.468758851186767,
      "cyclomatic_complexity": 12,
      "fanout_external": 21,
      "fanout_internal": 1,
      "halstead_bugprop": 3.8716881477361627,
      "halstead_difficulty": 62.68361581920904,
      "halstead_effort": 728074.237273436,
      "halstead_timerequired": 40448.568737413116,
      "halstead_volume": 11615.064443208488,
      "loc": 2,
      "operands_sum": 634,
      "operands_uniq": 177,
      "operators_sum": 869,
      "operators_uniq": 35
    },
    "mean": {
      "comment_ratio": 25.468758851186767,
      "cyclomatic_complexity": 12,
      "fanout_external": 21,
      "fanout_internal": 1,
      "halstead_bugprop": 3.8716881477361627,
      "halstead_difficulty": 62.68361581920904,
      "halstead_effort": 728074.237273436,
      "halstead_timerequired": 40448.568737413116,
      "halstead_volume": 11615.064443208488,
      "loc": 2,
      "operands_sum": 634,
      "operands_uniq": 177,
      "operators_sum": 869,
      "operators_uniq": 35
    },
    "median": {
      "comment_ratio": 25.468758851186767,
      "cyclomatic_complexity": 12,
      "fanout_external": 21,
      "fanout_internal": 1,
      "halstead_bugprop": 3.8716881477361627,
      "halstead_difficulty": 62.68361581920904,
      "halstead_effort": 728074.237273436,
      "halstead_timerequired": 40448.568737413116,
      "halstead_volume": 11615.064443208488,
      "loc": 2,
      "operands_sum": 634,
      "operands_uniq": 177,
      "operators_sum": 869,
      "operators_uniq": 35
    },
    "min": {
      "comment_ratio": 25.468758851186767,
      "cyclomatic_complexity": 12,
      "fanout_external": 21,
      "fanout_internal": 1,
      "halstead_bugprop": 3.8716881477361627,
      "halstead_difficulty": 62.68361581920904,
      "halstead_effort": 728074.237273436,
      "halstead_timerequired": 40448.568737413116,
      "halstead_volume": 11615.064443208488,
      "loc": 2,
      "operands_sum": 634,
      "operands_uniq": 177,
      "operators_sum": 869,
      "operators_uniq": 35
    }
  }
}
