{
  "files": {
    "/Users/lorraynereis/Documents/PUC /Engenharia de Sofware/7 Peri\u0301odo/TCC 1/plf-es-2022-2-tcci-5308100-pes-lorrayne-reis/Instrumentos/Codigos/Collect-repositories/Repositories/Cloned-repositories/pylot/pylot/simulation/challenge/ERDOSBaseAgent.py": {
      "comment_ratio": 21.421784059864592,
      "cyclomatic_complexity": 40,
      "fanout_external": 21,
      "fanout_internal": 1,
      "halstead_bugprop": 4.392470950534414,
      "halstead_difficulty": 69.05583756345177,
      "halstead_effort": 909977.2813868554,
      "halstead_timerequired": 50554.29341038086,
      "halstead_volume": 13177.412851603243,
      "lang": [
        "Python"
      ],
      "loc": 1,
      "operands_sum": 716,
      "operands_uniq": 197,
      "operators_sum": 957,
      "operators_uniq": 38
    }
  },
  "overall": {
    "comment_ratio": 21.421784059864592,
    "cyclomatic_complexity": 40,
    "fanout_external": 21,
    "fanout_internal": 1,
    "halstead_bugprop": 4.392470950534414,
    "halstead_difficulty": 69.05583756345177,
    "halstead_effort": 909977.2813868554,
    "halstead_timerequired": 50554.29341038086,
    "halstead_volume": 13177.412851603243,
    "loc": 1,
    "maintainability_index": 100,
    "operands_sum": 716,
    "operands_uniq": 197,
    "operators_sum": 957,
    "operators_uniq": 38,
    "pylint": 100.0,
    "tiobe": 83.51537845414498,
    "tiobe_compiler": 100.0,
    "tiobe_complexity": 0.10252302763315979,
    "tiobe_coverage": 100.0,
    "tiobe_duplication": 100.0,
    "tiobe_fanout": 70.0,
    "tiobe_functional": 100.0,
    "tiobe_security": 100.0,
    "tiobe_standard": 100.0
  },
  "stats": {
    "max": {
      "comment_ratio": 21.421784059864592,
      "cyclomatic_complexity": 40,
      "fanout_external": 21,
      "fanout_internal": 1,
      "halstead_bugprop": 4.392470950534414,
      "halstead_difficulty": 69.05583756345177,
      "halstead_effort": 909977.2813868554,
      "halstead_timerequired": 50554.29341038086,
      "halstead_volume": 13177.412851603243,
      "loc": 1,
      "operands_sum": 716,
      "operands_uniq": 197,
      "operators_sum": 957,
      "operators_uniq": 38
    },
    "mean": {
      "comment_ratio": 21.421784059864592,
      "cyclomatic_complexity": 40,
      "fanout_external": 21,
      "fanout_internal": 1,
      "halstead_bugprop": 4.392470950534414,
      "halstead_difficulty": 69.05583756345177,
      "halstead_effort": 909977.2813868554,
      "halstead_timerequired": 50554.29341038086,
      "halstead_volume": 13177.412851603243,
      "loc": 1,
      "operands_sum": 716,
      "operands_uniq": 197,
      "operators_sum": 957,
      "operators_uniq": 38
    },
    "median": {
      "comment_ratio": 21.421784059864592,
      "cyclomatic_complexity": 40,
      "fanout_external": 21,
      "fanout_internal": 1,
      "halstead_bugprop": 4.392470950534414,
      "halstead_difficulty": 69.05583756345177,
      "halstead_effort": 909977.2813868554,
      "halstead_timerequired": 50554.29341038086,
      "halstead_volume": 13177.412851603243,
      "loc": 1,
      "operands_sum": 716,
      "operands_uniq": 197,
      "operators_sum": 957,
      "operators_uniq": 38
    },
    "min": {
      "comment_ratio": 21.421784059864592,
      "cyclomatic_complexity": 40,
      "fanout_external": 21,
      "fanout_internal": 1,
      "halstead_bugprop": 4.392470950534414,
      "halstead_difficulty": 69.05583756345177,
      "halstead_effort": 909977.2813868554,
      "halstead_timerequired": 50554.29341038086,
      "halstead_volume": 13177.412851603243,
      "loc": 1,
      "operands_sum": 716,
      "operands_uniq": 197,
      "operators_sum": 957,
      "operators_uniq": 38
    }
  }
}
