{
  "files": {
    "/Users/lorraynereis/Documents/PUC /Engenharia de Sofware/7 Peri\u0301odo/TCC 1/plf-es-2022-2-tcci-5308100-pes-lorrayne-reis/Instrumentos/Codigos/Collect-repositories/Repositories/Cloned-repositories/pylot/pylot/simulation/challenge/ERDOSAgent.py": {
      "comment_ratio": 31.34980988593156,
      "cyclomatic_complexity": 37,
      "fanout_external": 19,
      "fanout_internal": 1,
      "halstead_bugprop": 4.046066748091999,
      "halstead_difficulty": 53.160621761658035,
      "halstead_effort": 645274.2720532214,
      "halstead_timerequired": 35848.57066962341,
      "halstead_volume": 12138.200244275995,
      "lang": [
        "Python"
      ],
      "loc": 5,
      "operands_sum": 684,
      "operands_uniq": 193,
      "operators_sum": 872,
      "operators_uniq": 30
    }
  },
  "overall": {
    "comment_ratio": 31.34980988593156,
    "cyclomatic_complexity": 37,
    "fanout_external": 19,
    "fanout_internal": 1,
    "halstead_bugprop": 4.046066748091999,
    "halstead_difficulty": 53.160621761658035,
    "halstead_effort": 645274.2720532214,
    "halstead_timerequired": 35848.57066962341,
    "halstead_volume": 12138.200244275995,
    "loc": 5,
    "maintainability_index": 87.51571924003619,
    "operands_sum": 684,
    "operands_uniq": 193,
    "operators_sum": 872,
    "operators_uniq": 30,
    "pylint": 100.0,
    "tiobe": 83.71946787800131,
    "tiobe_compiler": 100.0,
    "tiobe_complexity": 0.12978585334198572,
    "tiobe_coverage": 100.0,
    "tiobe_duplication": 100.0,
    "tiobe_fanout": 74.0,
    "tiobe_functional": 100.0,
    "tiobe_security": 100.0,
    "tiobe_standard": 100.0
  },
  "stats": {
    "max": {
      "comment_ratio": 31.34980988593156,
      "cyclomatic_complexity": 37,
      "fanout_external": 19,
      "fanout_internal": 1,
      "halstead_bugprop": 4.046066748091999,
      "halstead_difficulty": 53.160621761658035,
      "halstead_effort": 645274.2720532214,
      "halstead_timerequired": 35848.57066962341,
      "halstead_volume": 12138.200244275995,
      "loc": 5,
      "operands_sum": 684,
      "operands_uniq": 193,
      "operators_sum": 872,
      "operators_uniq": 30
    },
    "mean": {
      "comment_ratio": 31.34980988593156,
      "cyclomatic_complexity": 37,
      "fanout_external": 19,
      "fanout_internal": 1,
      "halstead_bugprop": 4.046066748091999,
      "halstead_difficulty": 53.160621761658035,
      "halstead_effort": 645274.2720532214,
      "halstead_timerequired": 35848.57066962341,
      "halstead_volume": 12138.200244275995,
      "loc": 5,
      "operands_sum": 684,
      "operands_uniq": 193,
      "operators_sum": 872,
      "operators_uniq": 30
    },
    "median": {
      "comment_ratio": 31.34980988593156,
      "cyclomatic_complexity": 37,
      "fanout_external": 19,
      "fanout_internal": 1,
      "halstead_bugprop": 4.046066748091999,
      "halstead_difficulty": 53.160621761658035,
      "halstead_effort": 645274.2720532214,
      "halstead_timerequired": 35848.57066962341,
      "halstead_volume": 12138.200244275995,
      "loc": 5,
      "operands_sum": 684,
      "operands_uniq": 193,
      "operators_sum": 872,
      "operators_uniq": 30
    },
    "min": {
      "comment_ratio": 31.34980988593156,
      "cyclomatic_complexity": 37,
      "fanout_external": 19,
      "fanout_internal": 1,
      "halstead_bugprop": 4.046066748091999,
      "halstead_difficulty": 53.160621761658035,
      "halstead_effort": 645274.2720532214,
      "halstead_timerequired": 35848.57066962341,
      "halstead_volume": 12138.200244275995,
      "loc": 5,
      "operands_sum": 684,
      "operands_uniq": 193,
      "operators_sum": 872,
      "operators_uniq": 30
    }
  }
}
