{
  "files": {
    "/Users/lorraynereis/Documents/PUC /Engenharia de Sofware/7 Peri\u0301odo/TCC 1/plf-es-2022-2-tcci-5308100-pes-lorrayne-reis/Instrumentos/Codigos/Collect-repositories/Repositories/Cloned-repositories/l5kit/l5kit/l5kit/evaluation/error_functions.py": {
      "comment_ratio": 49.32371505861136,
      "cyclomatic_complexity": 0,
      "fanout_external": 3,
      "fanout_internal": 0,
      "halstead_bugprop": 0.21024361672532071,
      "halstead_difficulty": 18.136363636363637,
      "halstead_effort": 11439.16405546404,
      "halstead_timerequired": 635.5091141924466,
      "halstead_volume": 630.7308501759621,
      "lang": [
        "Python"
      ],
      "loc": 1,
      "operands_sum": 57,
      "operands_uniq": 22,
      "operators_sum": 65,
      "operators_uniq": 14
    }
  },
  "overall": {
    "comment_ratio": 49.32371505861136,
    "cyclomatic_complexity": 0,
    "fanout_external": 3,
    "fanout_internal": 0,
    "halstead_bugprop": 0.21024361672532071,
    "halstead_difficulty": 18.136363636363637,
    "halstead_effort": 11439.16405546404,
    "halstead_timerequired": 635.5091141924466,
    "halstead_volume": 630.7308501759621,
    "loc": 1,
    "maintainability_index": 100,
    "operands_sum": 57,
    "operands_uniq": 22,
    "operators_sum": 65,
    "operators_uniq": 14,
    "pylint": 100.0,
    "tiobe": 99.76923076923077,
    "tiobe_compiler": 100.0,
    "tiobe_complexity": 98.46153846153847,
    "tiobe_coverage": 100.0,
    "tiobe_duplication": 100.0,
    "tiobe_fanout": 100.0,
    "tiobe_functional": 100.0,
    "tiobe_security": 100.0,
    "tiobe_standard": 100.0
  },
  "stats": {
    "max": {
      "comment_ratio": 49.32371505861136,
      "cyclomatic_complexity": 0,
      "fanout_external": 3,
      "fanout_internal": 0,
      "halstead_bugprop": 0.21024361672532071,
      "halstead_difficulty": 18.136363636363637,
      "halstead_effort": 11439.16405546404,
      "halstead_timerequired": 635.5091141924466,
      "halstead_volume": 630.7308501759621,
      "loc": 1,
      "operands_sum": 57,
      "operands_uniq": 22,
      "operators_sum": 65,
      "operators_uniq": 14
    },
    "mean": {
      "comment_ratio": 49.32371505861136,
      "cyclomatic_complexity": 0,
      "fanout_external": 3,
      "fanout_internal": 0,
      "halstead_bugprop": 0.21024361672532071,
      "halstead_difficulty": 18.136363636363637,
      "halstead_effort": 11439.16405546404,
      "halstead_timerequired": 635.5091141924466,
      "halstead_volume": 630.7308501759621,
      "loc": 1,
      "operands_sum": 57,
      "operands_uniq": 22,
      "operators_sum": 65,
      "operators_uniq": 14
    },
    "median": {
      "comment_ratio": 49.32371505861136,
      "cyclomatic_complexity": 0,
      "fanout_external": 3,
      "fanout_internal": 0,
      "halstead_bugprop": 0.21024361672532071,
      "halstead_difficulty": 18.136363636363637,
      "halstead_effort": 11439.16405546404,
      "halstead_timerequired": 635.5091141924466,
      "halstead_volume": 630.7308501759621,
      "loc": 1,
      "operands_sum": 57,
      "operands_uniq": 22,
      "operators_sum": 65,
      "operators_uniq": 14
    },
    "min": {
      "comment_ratio": 49.32371505861136,
      "cyclomatic_complexity": 0,
      "fanout_external": 3,
      "fanout_internal": 0,
      "halstead_bugprop": 0.21024361672532071,
      "halstead_difficulty": 18.136363636363637,
      "halstead_effort": 11439.16405546404,
      "halstead_timerequired": 635.5091141924466,
      "halstead_volume": 630.7308501759621,
      "loc": 1,
      "operands_sum": 57,
      "operands_uniq": 22,
      "operators_sum": 65,
      "operators_uniq": 14
    }
  }
}
