{
  "files": {
    "/Users/lorraynereis/Documents/PUC /Engenharia de Sofware/7 Peri\u0301odo/TCC 1/plf-es-2022-2-tcci-5308100-pes-lorrayne-reis/Instrumentos/Codigos/Collect-repositories/Repositories/Cloned-repositories/PythonRobotics/PathPlanning/Eta3SplineTrajectory/eta3_spline_trajectory.py": {
      "comment_ratio": 24.92775339826608,
      "cyclomatic_complexity": 34,
      "fanout_external": 10,
      "fanout_internal": 1,
      "halstead_bugprop": 8.543982098625916,
      "halstead_difficulty": 119.22051282051282,
      "halstead_effort": 3055853.7819823893,
      "halstead_timerequired": 169769.6545545772,
      "halstead_volume": 25631.946295877748,
      "lang": [
        "Python"
      ],
      "loc": 20,
      "operands_sum": 1453,
      "operands_uniq": 195,
      "operators_sum": 1822,
      "operators_uniq": 32
    }
  },
  "overall": {
    "comment_ratio": 24.92775339826608,
    "cyclomatic_complexity": 34,
    "fanout_external": 10,
    "fanout_internal": 1,
    "halstead_bugprop": 8.543982098625916,
    "halstead_difficulty": 119.22051282051282,
    "halstead_effort": 3055853.7819823893,
    "halstead_timerequired": 169769.6545545772,
    "halstead_volume": 25631.946295877748,
    "loc": 20,
    "maintainability_index": 61.860844444153756,
    "operands_sum": 1453,
    "operands_uniq": 195,
    "operators_sum": 1822,
    "operators_uniq": 32,
    "pylint": 100.0,
    "tiobe": 84.62514471306216,
    "tiobe_compiler": 100.0,
    "tiobe_complexity": 0.1676314204143639,
    "tiobe_coverage": 100.0,
    "tiobe_duplication": 100.0,
    "tiobe_fanout": 92.0,
    "tiobe_functional": 100.0,
    "tiobe_security": 100.0,
    "tiobe_standard": 100.0
  },
  "stats": {
    "max": {
      "comment_ratio": 24.92775339826608,
      "cyclomatic_complexity": 34,
      "fanout_external": 10,
      "fanout_internal": 1,
      "halstead_bugprop": 8.543982098625916,
      "halstead_difficulty": 119.22051282051282,
      "halstead_effort": 3055853.7819823893,
      "halstead_timerequired": 169769.6545545772,
      "halstead_volume": 25631.946295877748,
      "loc": 20,
      "operands_sum": 1453,
      "operands_uniq": 195,
      "operators_sum": 1822,
      "operators_uniq": 32
    },
    "mean": {
      "comment_ratio": 24.92775339826608,
      "cyclomatic_complexity": 34,
      "fanout_external": 10,
      "fanout_internal": 1,
      "halstead_bugprop": 8.543982098625916,
      "halstead_difficulty": 119.22051282051282,
      "halstead_effort": 3055853.7819823893,
      "halstead_timerequired": 169769.6545545772,
      "halstead_volume": 25631.946295877748,
      "loc": 20,
      "operands_sum": 1453,
      "operands_uniq": 195,
      "operators_sum": 1822,
      "operators_uniq": 32
    },
    "median": {
      "comment_ratio": 24.92775339826608,
      "cyclomatic_complexity": 34,
      "fanout_external": 10,
      "fanout_internal": 1,
      "halstead_bugprop": 8.543982098625916,
      "halstead_difficulty": 119.22051282051282,
      "halstead_effort": 3055853.7819823893,
      "halstead_timerequired": 169769.6545545772,
      "halstead_volume": 25631.946295877748,
      "loc": 20,
      "operands_sum": 1453,
      "operands_uniq": 195,
      "operators_sum": 1822,
      "operators_uniq": 32
    },
    "min": {
      "comment_ratio": 24.92775339826608,
      "cyclomatic_complexity": 34,
      "fanout_external": 10,
      "fanout_internal": 1,
      "halstead_bugprop": 8.543982098625916,
      "halstead_difficulty": 119.22051282051282,
      "halstead_effort": 3055853.7819823893,
      "halstead_timerequired": 169769.6545545772,
      "halstead_volume": 25631.946295877748,
      "loc": 20,
      "operands_sum": 1453,
      "operands_uniq": 195,
      "operators_sum": 1822,
      "operators_uniq": 32
    }
  }
}
