{
  "files": {
    "/Users/lorraynereis/Documents/PUC /Engenharia de Sofware/7 Peri\u0301odo/TCC 1/plf-es-2022-2-tcci-5308100-pes-lorrayne-reis/Instrumentos/Codigos/Collect-repositories/Repositories/Cloned-repositories/Cam2BEV/model/evaluate.py": {
      "comment_ratio": 22.36932207258617,
      "cyclomatic_complexity": 21,
      "fanout_external": 18,
      "fanout_internal": 1,
      "halstead_bugprop": 3.501960184206347,
      "halstead_difficulty": 34.67661691542288,
      "halstead_effort": 364308.3952823617,
      "halstead_timerequired": 20239.35529346454,
      "halstead_volume": 10505.88055261904,
      "lang": [
        "Python"
      ],
      "loc": 1,
      "operands_sum": 697,
      "operands_uniq": 201,
      "operators_sum": 652,
      "operators_uniq": 20
    }
  },
  "overall": {
    "comment_ratio": 22.36932207258617,
    "cyclomatic_complexity": 21,
    "fanout_external": 18,
    "fanout_internal": 1,
    "halstead_bugprop": 3.501960184206347,
    "halstead_difficulty": 34.67661691542288,
    "halstead_effort": 364308.3952823617,
    "halstead_timerequired": 20239.35529346454,
    "halstead_volume": 10505.88055261904,
    "loc": 1,
    "maintainability_index": 100,
    "operands_sum": 697,
    "operands_uniq": 201,
    "operators_sum": 652,
    "operators_uniq": 20,
    "pylint": 100.0,
    "tiobe": 83.90830324909747,
    "tiobe_compiler": 100.0,
    "tiobe_complexity": 0.7220216606498195,
    "tiobe_coverage": 100.0,
    "tiobe_duplication": 100.0,
    "tiobe_fanout": 76.0,
    "tiobe_functional": 100.0,
    "tiobe_security": 100.0,
    "tiobe_standard": 100.0
  },
  "stats": {
    "max": {
      "comment_ratio": 22.36932207258617,
      "cyclomatic_complexity": 21,
      "fanout_external": 18,
      "fanout_internal": 1,
      "halstead_bugprop": 3.501960184206347,
      "halstead_difficulty": 34.67661691542288,
      "halstead_effort": 364308.3952823617,
      "halstead_timerequired": 20239.35529346454,
      "halstead_volume": 10505.88055261904,
      "loc": 1,
      "operands_sum": 697,
      "operands_uniq": 201,
      "operators_sum": 652,
      "operators_uniq": 20
    },
    "mean": {
      "comment_ratio": 22.36932207258617,
      "cyclomatic_complexity": 21,
      "fanout_external": 18,
      "fanout_internal": 1,
      "halstead_bugprop": 3.501960184206347,
      "halstead_difficulty": 34.67661691542288,
      "halstead_effort": 364308.3952823617,
      "halstead_timerequired": 20239.35529346454,
      "halstead_volume": 10505.88055261904,
      "loc": 1,
      "operands_sum": 697,
      "operands_uniq": 201,
      "operators_sum": 652,
      "operators_uniq": 20
    },
    "median": {
      "comment_ratio": 22.36932207258617,
      "cyclomatic_complexity": 21,
      "fanout_external": 18,
      "fanout_internal": 1,
      "halstead_bugprop": 3.501960184206347,
      "halstead_difficulty": 34.67661691542288,
      "halstead_effort": 364308.3952823617,
      "halstead_timerequired": 20239.35529346454,
      "halstead_volume": 10505.88055261904,
      "loc": 1,
      "operands_sum": 697,
      "operands_uniq": 201,
      "operators_sum": 652,
      "operators_uniq": 20
    },
    "min": {
      "comment_ratio": 22.36932207258617,
      "cyclomatic_complexity": 21,
      "fanout_external": 18,
      "fanout_internal": 1,
      "halstead_bugprop": 3.501960184206347,
      "halstead_difficulty": 34.67661691542288,
      "halstead_effort": 364308.3952823617,
      "halstead_timerequired": 20239.35529346454,
      "halstead_volume": 10505.88055261904,
      "loc": 1,
      "operands_sum": 697,
      "operands_uniq": 201,
      "operators_sum": 652,
      "operators_uniq": 20
    }
  }
}
