{
  "files": {
    "/Users/lorraynereis/Documents/PUC /Engenharia de Sofware/7 Peri\u0301odo/TCC 1/plf-es-2022-2-tcci-5308100-pes-lorrayne-reis/Instrumentos/Codigos/Collect-repositories/Repositories/Cloned-repositories/pylot/pylot/loggers/eval_metric_logger_operator.py": {
      "comment_ratio": 36.52386465971954,
      "cyclomatic_complexity": 4,
      "fanout_external": 3,
      "fanout_internal": 1,
      "halstead_bugprop": 1.4547531954943267,
      "halstead_difficulty": 41.09146341463415,
      "halstead_effort": 179333.81312993172,
      "halstead_timerequired": 9962.98961832954,
      "halstead_volume": 4364.25958648298,
      "lang": [
        "Python"
      ],
      "loc": 1,
      "operands_sum": 293,
      "operands_uniq": 82,
      "operators_sum": 357,
      "operators_uniq": 23
    }
  },
  "overall": {
    "comment_ratio": 36.52386465971954,
    "cyclomatic_complexity": 4,
    "fanout_external": 3,
    "fanout_internal": 1,
    "halstead_bugprop": 1.4547531954943267,
    "halstead_difficulty": 41.09146341463415,
    "halstead_effort": 179333.81312993172,
    "halstead_timerequired": 9962.98961832954,
    "halstead_volume": 4364.25958648298,
    "loc": 1,
    "maintainability_index": 100,
    "operands_sum": 293,
    "operands_uniq": 82,
    "operators_sum": 357,
    "operators_uniq": 23,
    "pylint": 100.0,
    "tiobe": 93.80733944954129,
    "tiobe_compiler": 100.0,
    "tiobe_complexity": 58.71559633027523,
    "tiobe_coverage": 100.0,
    "tiobe_duplication": 100.0,
    "tiobe_fanout": 100.0,
    "tiobe_functional": 100.0,
    "tiobe_security": 100.0,
    "tiobe_standard": 100.0
  },
  "stats": {
    "max": {
      "comment_ratio": 36.52386465971954,
      "cyclomatic_complexity": 4,
      "fanout_external": 3,
      "fanout_internal": 1,
      "halstead_bugprop": 1.4547531954943267,
      "halstead_difficulty": 41.09146341463415,
      "halstead_effort": 179333.81312993172,
      "halstead_timerequired": 9962.98961832954,
      "halstead_volume": 4364.25958648298,
      "loc": 1,
      "operands_sum": 293,
      "operands_uniq": 82,
      "operators_sum": 357,
      "operators_uniq": 23
    },
    "mean": {
      "comment_ratio": 36.52386465971954,
      "cyclomatic_complexity": 4,
      "fanout_external": 3,
      "fanout_internal": 1,
      "halstead_bugprop": 1.4547531954943267,
      "halstead_difficulty": 41.09146341463415,
      "halstead_effort": 179333.81312993172,
      "halstead_timerequired": 9962.98961832954,
      "halstead_volume": 4364.25958648298,
      "loc": 1,
      "operands_sum": 293,
      "operands_uniq": 82,
      "operators_sum": 357,
      "operators_uniq": 23
    },
    "median": {
      "comment_ratio": 36.52386465971954,
      "cyclomatic_complexity": 4,
      "fanout_external": 3,
      "fanout_internal": 1,
      "halstead_bugprop": 1.4547531954943267,
      "halstead_difficulty": 41.09146341463415,
      "halstead_effort": 179333.81312993172,
      "halstead_timerequired": 9962.98961832954,
      "halstead_volume": 4364.25958648298,
      "loc": 1,
      "operands_sum": 293,
      "operands_uniq": 82,
      "operators_sum": 357,
      "operators_uniq": 23
    },
    "min": {
      "comment_ratio": 36.52386465971954,
      "cyclomatic_complexity": 4,
      "fanout_external": 3,
      "fanout_internal": 1,
      "halstead_bugprop": 1.4547531954943267,
      "halstead_difficulty": 41.09146341463415,
      "halstead_effort": 179333.81312993172,
      "halstead_timerequired": 9962.98961832954,
      "halstead_volume": 4364.25958648298,
      "loc": 1,
      "operands_sum": 293,
      "operands_uniq": 82,
      "operators_sum": 357,
      "operators_uniq": 23
    }
  }
}
