{
  "files": {
    "/Users/lorraynereis/Documents/PUC /Engenharia de Sofware/7 Peri\u0301odo/TCC 1/plf-es-2022-2-tcci-5308100-pes-lorrayne-reis/Instrumentos/Codigos/Collect-repositories/Repositories/Cloned-repositories/Ultra-Fast-Lane-Detection/evaluation/eval_wrapper.py": {
      "comment_ratio": 12.623341272541682,
      "cyclomatic_complexity": 39,
      "fanout_external": 14,
      "fanout_internal": 1,
      "halstead_bugprop": 5.601337937242742,
      "halstead_difficulty": 64.11363636363637,
      "halstead_effort": 1077366.4309746667,
      "halstead_timerequired": 59853.690609703706,
      "halstead_volume": 16804.013811728226,
      "lang": [
        "Python"
      ],
      "loc": 1,
      "operands_sum": 910,
      "operands_uniq": 220,
      "operators_sum": 1198,
      "operators_uniq": 31
    }
  },
  "overall": {
    "comment_ratio": 12.623341272541682,
    "cyclomatic_complexity": 39,
    "fanout_external": 14,
    "fanout_internal": 1,
    "halstead_bugprop": 5.601337937242742,
    "halstead_difficulty": 64.11363636363637,
    "halstead_effort": 1077366.4309746667,
    "halstead_timerequired": 59853.690609703706,
    "halstead_volume": 16804.013811728226,
    "loc": 1,
    "maintainability_index": 100,
    "operands_sum": 910,
    "operands_uniq": 220,
    "operators_sum": 1198,
    "operators_uniq": 31,
    "pylint": 100.0,
    "tiobe": 84.21660210293304,
    "tiobe_compiler": 100.0,
    "tiobe_complexity": 0.11068068622025456,
    "tiobe_coverage": 100.0,
    "tiobe_duplication": 100.0,
    "tiobe_fanout": 84.0,
    "tiobe_functional": 100.0,
    "tiobe_security": 100.0,
    "tiobe_standard": 100.0
  },
  "stats": {
    "max": {
      "comment_ratio": 12.623341272541682,
      "cyclomatic_complexity": 39,
      "fanout_external": 14,
      "fanout_internal": 1,
      "halstead_bugprop": 5.601337937242742,
      "halstead_difficulty": 64.11363636363637,
      "halstead_effort": 1077366.4309746667,
      "halstead_timerequired": 59853.690609703706,
      "halstead_volume": 16804.013811728226,
      "loc": 1,
      "operands_sum": 910,
      "operands_uniq": 220,
      "operators_sum": 1198,
      "operators_uniq": 31
    },
    "mean": {
      "comment_ratio": 12.623341272541682,
      "cyclomatic_complexity": 39,
      "fanout_external": 14,
      "fanout_internal": 1,
      "halstead_bugprop": 5.601337937242742,
      "halstead_difficulty": 64.11363636363637,
      "halstead_effort": 1077366.4309746667,
      "halstead_timerequired": 59853.690609703706,
      "halstead_volume": 16804.013811728226,
      "loc": 1,
      "operands_sum": 910,
      "operands_uniq": 220,
      "operators_sum": 1198,
      "operators_uniq": 31
    },
    "median": {
      "comment_ratio": 12.623341272541682,
      "cyclomatic_complexity": 39,
      "fanout_external": 14,
      "fanout_internal": 1,
      "halstead_bugprop": 5.601337937242742,
      "halstead_difficulty": 64.11363636363637,
      "halstead_effort": 1077366.4309746667,
      "halstead_timerequired": 59853.690609703706,
      "halstead_volume": 16804.013811728226,
      "loc": 1,
      "operands_sum": 910,
      "operands_uniq": 220,
      "operators_sum": 1198,
      "operators_uniq": 31
    },
    "min": {
      "comment_ratio": 12.623341272541682,
      "cyclomatic_complexity": 39,
      "fanout_external": 14,
      "fanout_internal": 1,
      "halstead_bugprop": 5.601337937242742,
      "halstead_difficulty": 64.11363636363637,
      "halstead_effort": 1077366.4309746667,
      "halstead_timerequired": 59853.690609703706,
      "halstead_volume": 16804.013811728226,
      "loc": 1,
      "operands_sum": 910,
      "operands_uniq": 220,
      "operators_sum": 1198,
      "operators_uniq": 31
    }
  }
}
