{
  "files": {
    "/Users/lorraynereis/Documents/PUC /Engenharia de Sofware/7 Peri\u0301odo/TCC 1/plf-es-2022-2-tcci-5308100-pes-lorrayne-reis/Instrumentos/Codigos/Collect-repositories/Repositories/Cloned-repositories/SqueezeSeg/src/eval.py": {
      "comment_ratio": 11.015278462296697,
      "cyclomatic_complexity": 16,
      "fanout_external": 17,
      "fanout_internal": 1,
      "halstead_bugprop": 2.956350648650654,
      "halstead_difficulty": 37.33333333333333,
      "halstead_effort": 331111.2726488732,
      "halstead_timerequired": 18395.07070271518,
      "halstead_volume": 8869.051945951962,
      "lang": [
        "Python"
      ],
      "loc": 4,
      "operands_sum": 512,
      "operands_uniq": 144,
      "operators_sum": 692,
      "operators_uniq": 21
    }
  },
  "overall": {
    "comment_ratio": 11.015278462296697,
    "cyclomatic_complexity": 16,
    "fanout_external": 17,
    "fanout_internal": 1,
    "halstead_bugprop": 2.956350648650654,
    "halstead_difficulty": 37.33333333333333,
    "halstead_effort": 331111.2726488732,
    "halstead_timerequired": 18395.07070271518,
    "halstead_volume": 8869.051945951962,
    "loc": 4,
    "maintainability_index": 97.59235078066104,
    "operands_sum": 512,
    "operands_uniq": 144,
    "operators_sum": 692,
    "operators_uniq": 21,
    "pylint": 100.0,
    "tiobe": 84.14685008999743,
    "tiobe_compiler": 100.0,
    "tiobe_complexity": 1.6456672666495242,
    "tiobe_coverage": 100.0,
    "tiobe_duplication": 100.0,
    "tiobe_fanout": 78.0,
    "tiobe_functional": 100.0,
    "tiobe_security": 100.0,
    "tiobe_standard": 100.0
  },
  "stats": {
    "max": {
      "comment_ratio": 11.015278462296697,
      "cyclomatic_complexity": 16,
      "fanout_external": 17,
      "fanout_internal": 1,
      "halstead_bugprop": 2.956350648650654,
      "halstead_difficulty": 37.33333333333333,
      "halstead_effort": 331111.2726488732,
      "halstead_timerequired": 18395.07070271518,
      "halstead_volume": 8869.051945951962,
      "loc": 4,
      "operands_sum": 512,
      "operands_uniq": 144,
      "operators_sum": 692,
      "operators_uniq": 21
    },
    "mean": {
      "comment_ratio": 11.015278462296697,
      "cyclomatic_complexity": 16,
      "fanout_external": 17,
      "fanout_internal": 1,
      "halstead_bugprop": 2.956350648650654,
      "halstead_difficulty": 37.33333333333333,
      "halstead_effort": 331111.2726488732,
      "halstead_timerequired": 18395.07070271518,
      "halstead_volume": 8869.051945951962,
      "loc": 4,
      "operands_sum": 512,
      "operands_uniq": 144,
      "operators_sum": 692,
      "operators_uniq": 21
    },
    "median": {
      "comment_ratio": 11.015278462296697,
      "cyclomatic_complexity": 16,
      "fanout_external": 17,
      "fanout_internal": 1,
      "halstead_bugprop": 2.956350648650654,
      "halstead_difficulty": 37.33333333333333,
      "halstead_effort": 331111.2726488732,
      "halstead_timerequired": 18395.07070271518,
      "halstead_volume": 8869.051945951962,
      "loc": 4,
      "operands_sum": 512,
      "operands_uniq": 144,
      "operators_sum": 692,
      "operators_uniq": 21
    },
    "min": {
      "comment_ratio": 11.015278462296697,
      "cyclomatic_complexity": 16,
      "fanout_external": 17,
      "fanout_internal": 1,
      "halstead_bugprop": 2.956350648650654,
      "halstead_difficulty": 37.33333333333333,
      "halstead_effort": 331111.2726488732,
      "halstead_timerequired": 18395.07070271518,
      "halstead_volume": 8869.051945951962,
      "loc": 4,
      "operands_sum": 512,
      "operands_uniq": 144,
      "operators_sum": 692,
      "operators_uniq": 21
    }
  }
}
