{
  "files": {
    "/Users/lorraynereis/Documents/PUC /Engenharia de Sofware/7 Peri\u0301odo/TCC 1/plf-es-2022-2-tcci-5308100-pes-lorrayne-reis/Instrumentos/Codigos/Collect-repositories/Repositories/Cloned-repositories/RTM3D/src/utils/evaluation_utils.py": {
      "comment_ratio": 16.55480984340045,
      "cyclomatic_complexity": 4,
      "fanout_external": 11,
      "fanout_internal": 1,
      "halstead_bugprop": 5.296090444429491,
      "halstead_difficulty": 93.8173076923077,
      "halstead_effort": 1490594.8403739966,
      "halstead_timerequired": 82810.82446522203,
      "halstead_volume": 15888.271333288474,
      "lang": [
        "Python"
      ],
      "loc": 2,
      "operands_sum": 887,
      "operands_uniq": 156,
      "operators_sum": 1214,
      "operators_uniq": 33
    }
  },
  "overall": {
    "comment_ratio": 16.55480984340045,
    "cyclomatic_complexity": 4,
    "fanout_external": 11,
    "fanout_internal": 1,
    "halstead_bugprop": 5.296090444429491,
    "halstead_difficulty": 93.8173076923077,
    "halstead_effort": 1490594.8403739966,
    "halstead_timerequired": 82810.82446522203,
    "halstead_volume": 15888.271333288474,
    "loc": 2,
    "maintainability_index": 100,
    "operands_sum": 887,
    "operands_uniq": 156,
    "operators_sum": 1214,
    "operators_uniq": 33,
    "pylint": 100.0,
    "tiobe": 93.30733944954129,
    "tiobe_compiler": 100.0,
    "tiobe_complexity": 58.71559633027523,
    "tiobe_coverage": 100.0,
    "tiobe_duplication": 100.0,
    "tiobe_fanout": 90.0,
    "tiobe_functional": 100.0,
    "tiobe_security": 100.0,
    "tiobe_standard": 100.0
  },
  "stats": {
    "max": {
      "comment_ratio": 16.55480984340045,
      "cyclomatic_complexity": 4,
      "fanout_external": 11,
      "fanout_internal": 1,
      "halstead_bugprop": 5.296090444429491,
      "halstead_difficulty": 93.8173076923077,
      "halstead_effort": 1490594.8403739966,
      "halstead_timerequired": 82810.82446522203,
      "halstead_volume": 15888.271333288474,
      "loc": 2,
      "operands_sum": 887,
      "operands_uniq": 156,
      "operators_sum": 1214,
      "operators_uniq": 33
    },
    "mean": {
      "comment_ratio": 16.55480984340045,
      "cyclomatic_complexity": 4,
      "fanout_external": 11,
      "fanout_internal": 1,
      "halstead_bugprop": 5.296090444429491,
      "halstead_difficulty": 93.8173076923077,
      "halstead_effort": 1490594.8403739966,
      "halstead_timerequired": 82810.82446522203,
      "halstead_volume": 15888.271333288474,
      "loc": 2,
      "operands_sum": 887,
      "operands_uniq": 156,
      "operators_sum": 1214,
      "operators_uniq": 33
    },
    "median": {
      "comment_ratio": 16.55480984340045,
      "cyclomatic_complexity": 4,
      "fanout_external": 11,
      "fanout_internal": 1,
      "halstead_bugprop": 5.296090444429491,
      "halstead_difficulty": 93.8173076923077,
      "halstead_effort": 1490594.8403739966,
      "halstead_timerequired": 82810.82446522203,
      "halstead_volume": 15888.271333288474,
      "loc": 2,
      "operands_sum": 887,
      "operands_uniq": 156,
      "operators_sum": 1214,
      "operators_uniq": 33
    },
    "min": {
      "comment_ratio": 16.55480984340045,
      "cyclomatic_complexity": 4,
      "fanout_external": 11,
      "fanout_internal": 1,
      "halstead_bugprop": 5.296090444429491,
      "halstead_difficulty": 93.8173076923077,
      "halstead_effort": 1490594.8403739966,
      "halstead_timerequired": 82810.82446522203,
      "halstead_volume": 15888.271333288474,
      "loc": 2,
      "operands_sum": 887,
      "operands_uniq": 156,
      "operators_sum": 1214,
      "operators_uniq": 33
    }
  }
}
