{
  "files": {
    "/Users/lorraynereis/Documents/PUC /Engenharia de Sofware/7 Peri\u0301odo/TCC 1/plf-es-2022-2-tcci-5308100-pes-lorrayne-reis/Instrumentos/Codigos/Collect-repositories/Repositories/Cloned-repositories/CVPR2023-3D-Occupancy-Prediction/projects/mmdet3d_plugin/core/evaluation/eval_hooks.py": {
      "comment_ratio": 19.81883063409278,
      "cyclomatic_complexity": 12,
      "fanout_external": 21,
      "fanout_internal": 1,
      "halstead_bugprop": 0.7692088632077109,
      "halstead_difficulty": 30.163934426229506,
      "halstead_effort": 69607.0971296158,
      "halstead_timerequired": 3867.060951645322,
      "halstead_volume": 2307.6265896231325,
      "lang": [
        "Python"
      ],
      "loc": 1,
      "operands_sum": 160,
      "operands_uniq": 61,
      "operators_sum": 201,
      "operators_uniq": 23
    }
  },
  "overall": {
    "comment_ratio": 19.81883063409278,
    "cyclomatic_complexity": 12,
    "fanout_external": 21,
    "fanout_internal": 1,
    "halstead_bugprop": 0.7692088632077109,
    "halstead_difficulty": 30.163934426229506,
    "halstead_effort": 69607.0971296158,
    "halstead_timerequired": 3867.060951645322,
    "halstead_volume": 2307.6265896231325,
    "loc": 1,
    "maintainability_index": 100,
    "operands_sum": 160,
    "operands_uniq": 61,
    "operators_sum": 201,
    "operators_uniq": 23,
    "pylint": 100.0,
    "tiobe": 84.08643860720831,
    "tiobe_compiler": 100.0,
    "tiobe_complexity": 3.9095907147220523,
    "tiobe_coverage": 100.0,
    "tiobe_duplication": 100.0,
    "tiobe_fanout": 70.0,
    "tiobe_functional": 100.0,
    "tiobe_security": 100.0,
    "tiobe_standard": 100.0
  },
  "stats": {
    "max": {
      "comment_ratio": 19.81883063409278,
      "cyclomatic_complexity": 12,
      "fanout_external": 21,
      "fanout_internal": 1,
      "halstead_bugprop": 0.7692088632077109,
      "halstead_difficulty": 30.163934426229506,
      "halstead_effort": 69607.0971296158,
      "halstead_timerequired": 3867.060951645322,
      "halstead_volume": 2307.6265896231325,
      "loc": 1,
      "operands_sum": 160,
      "operands_uniq": 61,
      "operators_sum": 201,
      "operators_uniq": 23
    },
    "mean": {
      "comment_ratio": 19.81883063409278,
      "cyclomatic_complexity": 12,
      "fanout_external": 21,
      "fanout_internal": 1,
      "halstead_bugprop": 0.7692088632077109,
      "halstead_difficulty": 30.163934426229506,
      "halstead_effort": 69607.0971296158,
      "halstead_timerequired": 3867.060951645322,
      "halstead_volume": 2307.6265896231325,
      "loc": 1,
      "operands_sum": 160,
      "operands_uniq": 61,
      "operators_sum": 201,
      "operators_uniq": 23
    },
    "median": {
      "comment_ratio": 19.81883063409278,
      "cyclomatic_complexity": 12,
      "fanout_external": 21,
      "fanout_internal": 1,
      "halstead_bugprop": 0.7692088632077109,
      "halstead_difficulty": 30.163934426229506,
      "halstead_effort": 69607.0971296158,
      "halstead_timerequired": 3867.060951645322,
      "halstead_volume": 2307.6265896231325,
      "loc": 1,
      "operands_sum": 160,
      "operands_uniq": 61,
      "operators_sum": 201,
      "operators_uniq": 23
    },
    "min": {
      "comment_ratio": 19.81883063409278,
      "cyclomatic_complexity": 12,
      "fanout_external": 21,
      "fanout_internal": 1,
      "halstead_bugprop": 0.7692088632077109,
      "halstead_difficulty": 30.163934426229506,
      "halstead_effort": 69607.0971296158,
      "halstead_timerequired": 3867.060951645322,
      "halstead_volume": 2307.6265896231325,
      "loc": 1,
      "operands_sum": 160,
      "operands_uniq": 61,
      "operators_sum": 201,
      "operators_uniq": 23
    }
  }
}
