{
  "files": {
    "/Users/lorraynereis/Documents/PUC /Engenharia de Sofware/7 Peri\u0301odo/TCC 1/plf-es-2022-2-tcci-5308100-pes-lorrayne-reis/Instrumentos/Codigos/Collect-repositories/Repositories/Cloned-repositories/VoxFormer/preprocess/mobilestereonet/utils/experiment.py": {
      "comment_ratio": 2.5416104363472782,
      "cyclomatic_complexity": 20,
      "fanout_external": 11,
      "fanout_internal": 1,
      "halstead_bugprop": 1.7509103747150945,
      "halstead_difficulty": 62.263440860215056,
      "halstead_effort": 327053.1137028308,
      "halstead_timerequired": 18169.617427935045,
      "halstead_volume": 5252.7311241452835,
      "lang": [
        "Python"
      ],
      "loc": 1,
      "operands_sum": 313,
      "operands_uniq": 93,
      "operators_sum": 435,
      "operators_uniq": 37
    }
  },
  "overall": {
    "comment_ratio": 2.5416104363472782,
    "cyclomatic_complexity": 20,
    "fanout_external": 11,
    "fanout_internal": 1,
    "halstead_bugprop": 1.7509103747150945,
    "halstead_difficulty": 62.263440860215056,
    "halstead_effort": 327053.1137028308,
    "halstead_timerequired": 18169.617427935045,
    "halstead_volume": 5252.7311241452835,
    "loc": 1,
    "maintainability_index": 100,
    "operands_sum": 313,
    "operands_uniq": 93,
    "operators_sum": 435,
    "operators_uniq": 37,
    "pylint": 100.0,
    "tiobe": 84.62557226945717,
    "tiobe_compiler": 100.0,
    "tiobe_complexity": 0.8371484630477436,
    "tiobe_coverage": 100.0,
    "tiobe_duplication": 100.0,
    "tiobe_fanout": 90.0,
    "tiobe_functional": 100.0,
    "tiobe_security": 100.0,
    "tiobe_standard": 100.0
  },
  "stats": {
    "max": {
      "comment_ratio": 2.5416104363472782,
      "cyclomatic_complexity": 20,
      "fanout_external": 11,
      "fanout_internal": 1,
      "halstead_bugprop": 1.7509103747150945,
      "halstead_difficulty": 62.263440860215056,
      "halstead_effort": 327053.1137028308,
      "halstead_timerequired": 18169.617427935045,
      "halstead_volume": 5252.7311241452835,
      "loc": 1,
      "operands_sum": 313,
      "operands_uniq": 93,
      "operators_sum": 435,
      "operators_uniq": 37
    },
    "mean": {
      "comment_ratio": 2.5416104363472782,
      "cyclomatic_complexity": 20,
      "fanout_external": 11,
      "fanout_internal": 1,
      "halstead_bugprop": 1.7509103747150945,
      "halstead_difficulty": 62.263440860215056,
      "halstead_effort": 327053.1137028308,
      "halstead_timerequired": 18169.617427935045,
      "halstead_volume": 5252.7311241452835,
      "loc": 1,
      "operands_sum": 313,
      "operands_uniq": 93,
      "operators_sum": 435,
      "operators_uniq": 37
    },
    "median": {
      "comment_ratio": 2.5416104363472782,
      "cyclomatic_complexity": 20,
      "fanout_external": 11,
      "fanout_internal": 1,
      "halstead_bugprop": 1.7509103747150945,
      "halstead_difficulty": 62.263440860215056,
      "halstead_effort": 327053.1137028308,
      "halstead_timerequired": 18169.617427935045,
      "halstead_volume": 5252.7311241452835,
      "loc": 1,
      "operands_sum": 313,
      "operands_uniq": 93,
      "operators_sum": 435,
      "operators_uniq": 37
    },
    "min": {
      "comment_ratio": 2.5416104363472782,
      "cyclomatic_complexity": 20,
      "fanout_external": 11,
      "fanout_internal": 1,
      "halstead_bugprop": 1.7509103747150945,
      "halstead_difficulty": 62.263440860215056,
      "halstead_effort": 327053.1137028308,
      "halstead_timerequired": 18169.617427935045,
      "halstead_volume": 5252.7311241452835,
      "loc": 1,
      "operands_sum": 313,
      "operands_uniq": 93,
      "operators_sum": 435,
      "operators_uniq": 37
    }
  }
}
