{
  "files": {
    "/Users/lorraynereis/Documents/PUC /Engenharia de Sofware/7 Peri\u0301odo/TCC 1/plf-es-2022-2-tcci-5308100-pes-lorrayne-reis/Instrumentos/Codigos/Collect-repositories/Repositories/Cloned-repositories/Ultra-Fast-Lane-Detection/export.py": {
      "comment_ratio": 23.829489867225718,
      "cyclomatic_complexity": 5,
      "fanout_external": 18,
      "fanout_internal": 1,
      "halstead_bugprop": 0.29617510102493777,
      "halstead_difficulty": 9.545454545454545,
      "halstead_effort": 8481.377892986855,
      "halstead_timerequired": 471.18766072149197,
      "halstead_volume": 888.5253030748133,
      "lang": [
        "Python"
      ],
      "loc": 1,
      "operands_sum": 70,
      "operands_uniq": 44,
      "operators_sum": 83,
      "operators_uniq": 12
    }
  },
  "overall": {
    "comment_ratio": 23.829489867225718,
    "cyclomatic_complexity": 5,
    "fanout_external": 18,
    "fanout_internal": 1,
    "halstead_bugprop": 0.29617510102493777,
    "halstead_difficulty": 9.545454545454545,
    "halstead_effort": 8481.377892986855,
    "halstead_timerequired": 471.18766072149197,
    "halstead_volume": 888.5253030748133,
    "loc": 1,
    "maintainability_index": 100,
    "operands_sum": 70,
    "operands_uniq": 44,
    "operators_sum": 83,
    "operators_uniq": 12,
    "pylint": 100.0,
    "tiobe": 89.8,
    "tiobe_compiler": 100.0,
    "tiobe_complexity": 40.0,
    "tiobe_coverage": 100.0,
    "tiobe_duplication": 100.0,
    "tiobe_fanout": 76.0,
    "tiobe_functional": 100.0,
    "tiobe_security": 100.0,
    "tiobe_standard": 100.0
  },
  "stats": {
    "max": {
      "comment_ratio": 23.829489867225718,
      "cyclomatic_complexity": 5,
      "fanout_external": 18,
      "fanout_internal": 1,
      "halstead_bugprop": 0.29617510102493777,
      "halstead_difficulty": 9.545454545454545,
      "halstead_effort": 8481.377892986855,
      "halstead_timerequired": 471.18766072149197,
      "halstead_volume": 888.5253030748133,
      "loc": 1,
      "operands_sum": 70,
      "operands_uniq": 44,
      "operators_sum": 83,
      "operators_uniq": 12
    },
    "mean": {
      "comment_ratio": 23.829489867225718,
      "cyclomatic_complexity": 5,
      "fanout_external": 18,
      "fanout_internal": 1,
      "halstead_bugprop": 0.29617510102493777,
      "halstead_difficulty": 9.545454545454545,
      "halstead_effort": 8481.377892986855,
      "halstead_timerequired": 471.18766072149197,
      "halstead_volume": 888.5253030748133,
      "loc": 1,
      "operands_sum": 70,
      "operands_uniq": 44,
      "operators_sum": 83,
      "operators_uniq": 12
    },
    "median": {
      "comment_ratio": 23.829489867225718,
      "cyclomatic_complexity": 5,
      "fanout_external": 18,
      "fanout_internal": 1,
      "halstead_bugprop": 0.29617510102493777,
      "halstead_difficulty": 9.545454545454545,
      "halstead_effort": 8481.377892986855,
      "halstead_timerequired": 471.18766072149197,
      "halstead_volume": 888.5253030748133,
      "loc": 1,
      "operands_sum": 70,
      "operands_uniq": 44,
      "operators_sum": 83,
      "operators_uniq": 12
    },
    "min": {
      "comment_ratio": 23.829489867225718,
      "cyclomatic_complexity": 5,
      "fanout_external": 18,
      "fanout_internal": 1,
      "halstead_bugprop": 0.29617510102493777,
      "halstead_difficulty": 9.545454545454545,
      "halstead_effort": 8481.377892986855,
      "halstead_timerequired": 471.18766072149197,
      "halstead_volume": 888.5253030748133,
      "loc": 1,
      "operands_sum": 70,
      "operands_uniq": 44,
      "operators_sum": 83,
      "operators_uniq": 12
    }
  }
}
