{
  "files": {
    "/Users/lorraynereis/Documents/PUC /Engenharia de Sofware/7 Peri\u0301odo/TCC 1/plf-es-2022-2-tcci-5308100-pes-lorrayne-reis/Instrumentos/Codigos/Collect-repositories/Repositories/Cloned-repositories/l5kit/l5kit/l5kit/evaluation/extract_metrics.py": {
      "comment_ratio": 30.096774193548388,
      "cyclomatic_complexity": 10,
      "fanout_external": 7,
      "fanout_internal": 1,
      "halstead_bugprop": 0.7039650485125718,
      "halstead_difficulty": 26.889830508474578,
      "halstead_effort": 56788.50251517942,
      "halstead_timerequired": 3154.9168063988564,
      "halstead_volume": 2111.8951455377155,
      "lang": [
        "Python"
      ],
      "loc": 1,
      "operands_sum": 167,
      "operands_uniq": 59,
      "operators_sum": 169,
      "operators_uniq": 19
    }
  },
  "overall": {
    "comment_ratio": 30.096774193548388,
    "cyclomatic_complexity": 10,
    "fanout_external": 7,
    "fanout_internal": 1,
    "halstead_bugprop": 0.7039650485125718,
    "halstead_difficulty": 26.889830508474578,
    "halstead_effort": 56788.50251517942,
    "halstead_timerequired": 3154.9168063988564,
    "halstead_volume": 2111.8951455377155,
    "loc": 1,
    "maintainability_index": 100,
    "operands_sum": 167,
    "operands_uniq": 59,
    "operators_sum": 169,
    "operators_uniq": 19,
    "pylint": 100.0,
    "tiobe": 85.90523560209425,
    "tiobe_compiler": 100.0,
    "tiobe_complexity": 6.701570680628272,
    "tiobe_coverage": 100.0,
    "tiobe_duplication": 100.0,
    "tiobe_fanout": 98.0,
    "tiobe_functional": 100.0,
    "tiobe_security": 100.0,
    "tiobe_standard": 100.0
  },
  "stats": {
    "max": {
      "comment_ratio": 30.096774193548388,
      "cyclomatic_complexity": 10,
      "fanout_external": 7,
      "fanout_internal": 1,
      "halstead_bugprop": 0.7039650485125718,
      "halstead_difficulty": 26.889830508474578,
      "halstead_effort": 56788.50251517942,
      "halstead_timerequired": 3154.9168063988564,
      "halstead_volume": 2111.8951455377155,
      "loc": 1,
      "operands_sum": 167,
      "operands_uniq": 59,
      "operators_sum": 169,
      "operators_uniq": 19
    },
    "mean": {
      "comment_ratio": 30.096774193548388,
      "cyclomatic_complexity": 10,
      "fanout_external": 7,
      "fanout_internal": 1,
      "halstead_bugprop": 0.7039650485125718,
      "halstead_difficulty": 26.889830508474578,
      "halstead_effort": 56788.50251517942,
      "halstead_timerequired": 3154.9168063988564,
      "halstead_volume": 2111.8951455377155,
      "loc": 1,
      "operands_sum": 167,
      "operands_uniq": 59,
      "operators_sum": 169,
      "operators_uniq": 19
    },
    "median": {
      "comment_ratio": 30.096774193548388,
      "cyclomatic_complexity": 10,
      "fanout_external": 7,
      "fanout_internal": 1,
      "halstead_bugprop": 0.7039650485125718,
      "halstead_difficulty": 26.889830508474578,
      "halstead_effort": 56788.50251517942,
      "halstead_timerequired": 3154.9168063988564,
      "halstead_volume": 2111.8951455377155,
      "loc": 1,
      "operands_sum": 167,
      "operands_uniq": 59,
      "operators_sum": 169,
      "operators_uniq": 19
    },
    "min": {
      "comment_ratio": 30.096774193548388,
      "cyclomatic_complexity": 10,
      "fanout_external": 7,
      "fanout_internal": 1,
      "halstead_bugprop": 0.7039650485125718,
      "halstead_difficulty": 26.889830508474578,
      "halstead_effort": 56788.50251517942,
      "halstead_timerequired": 3154.9168063988564,
      "halstead_volume": 2111.8951455377155,
      "loc": 1,
      "operands_sum": 167,
      "operands_uniq": 59,
      "operators_sum": 169,
      "operators_uniq": 19
    }
  }
}
