{
  "files": {
    "/Users/lorraynereis/Documents/PUC /Engenharia de Sofware/7 Peri\u0301odo/TCC 1/plf-es-2022-2-tcci-5308100-pes-lorrayne-reis/Instrumentos/Codigos/Collect-repositories/Repositories/Cloned-repositories/PythonRobotics/SLAM/FastSLAM2/fast_slam2.py": {
      "comment_ratio": 7.809266756635178,
      "cyclomatic_complexity": 10,
      "fanout_external": 6,
      "fanout_internal": 1,
      "halstead_bugprop": 7.617970839466988,
      "halstead_difficulty": 131.0890052356021,
      "halstead_effort": 2995896.657778656,
      "halstead_timerequired": 166438.70320992533,
      "halstead_volume": 22853.912518400964,
      "lang": [
        "Python"
      ],
      "loc": 1,
      "operands_sum": 1284,
      "operands_uniq": 191,
      "operators_sum": 1629,
      "operators_uniq": 39
    }
  },
  "overall": {
    "comment_ratio": 7.809266756635178,
    "cyclomatic_complexity": 10,
    "fanout_external": 6,
    "fanout_internal": 1,
    "halstead_bugprop": 7.617970839466988,
    "halstead_difficulty": 131.0890052356021,
    "halstead_effort": 2995896.657778656,
    "halstead_timerequired": 166438.70320992533,
    "halstead_volume": 22853.912518400964,
    "loc": 1,
    "maintainability_index": 100,
    "operands_sum": 1284,
    "operands_uniq": 191,
    "operators_sum": 1629,
    "operators_uniq": 39,
    "pylint": 100.0,
    "tiobe": 86.00523560209425,
    "tiobe_compiler": 100.0,
    "tiobe_complexity": 6.701570680628272,
    "tiobe_coverage": 100.0,
    "tiobe_duplication": 100.0,
    "tiobe_fanout": 100.0,
    "tiobe_functional": 100.0,
    "tiobe_security": 100.0,
    "tiobe_standard": 100.0
  },
  "stats": {
    "max": {
      "comment_ratio": 7.809266756635178,
      "cyclomatic_complexity": 10,
      "fanout_external": 6,
      "fanout_internal": 1,
      "halstead_bugprop": 7.617970839466988,
      "halstead_difficulty": 131.0890052356021,
      "halstead_effort": 2995896.657778656,
      "halstead_timerequired": 166438.70320992533,
      "halstead_volume": 22853.912518400964,
      "loc": 1,
      "operands_sum": 1284,
      "operands_uniq": 191,
      "operators_sum": 1629,
      "operators_uniq": 39
    },
    "mean": {
      "comment_ratio": 7.809266756635178,
      "cyclomatic_complexity": 10,
      "fanout_external": 6,
      "fanout_internal": 1,
      "halstead_bugprop": 7.617970839466988,
      "halstead_difficulty": 131.0890052356021,
      "halstead_effort": 2995896.657778656,
      "halstead_timerequired": 166438.70320992533,
      "halstead_volume": 22853.912518400964,
      "loc": 1,
      "operands_sum": 1284,
      "operands_uniq": 191,
      "operators_sum": 1629,
      "operators_uniq": 39
    },
    "median": {
      "comment_ratio": 7.809266756635178,
      "cyclomatic_complexity": 10,
      "fanout_external": 6,
      "fanout_internal": 1,
      "halstead_bugprop": 7.617970839466988,
      "halstead_difficulty": 131.0890052356021,
      "halstead_effort": 2995896.657778656,
      "halstead_timerequired": 166438.70320992533,
      "halstead_volume": 22853.912518400964,
      "loc": 1,
      "operands_sum": 1284,
      "operands_uniq": 191,
      "operators_sum": 1629,
      "operators_uniq": 39
    },
    "min": {
      "comment_ratio": 7.809266756635178,
      "cyclomatic_complexity": 10,
      "fanout_external": 6,
      "fanout_internal": 1,
      "halstead_bugprop": 7.617970839466988,
      "halstead_difficulty": 131.0890052356021,
      "halstead_effort": 2995896.657778656,
      "halstead_timerequired": 166438.70320992533,
      "halstead_volume": 22853.912518400964,
      "loc": 1,
      "operands_sum": 1284,
      "operands_uniq": 191,
      "operators_sum": 1629,
      "operators_uniq": 39
    }
  }
}
