{
  "files": {
    "/Users/lorraynereis/Documents/PUC /Engenharia de Sofware/7 Peri\u0301odo/TCC 1/plf-es-2022-2-tcci-5308100-pes-lorrayne-reis/Instrumentos/Codigos/Collect-repositories/Repositories/Cloned-repositories/l5kit/l5kit/l5kit/data/filter.py": {
      "comment_ratio": 53.619336876740064,
      "cyclomatic_complexity": 0,
      "fanout_external": 4,
      "fanout_internal": 1,
      "halstead_bugprop": 1.3831345766392211,
      "halstead_difficulty": 47.392405063291136,
      "halstead_effort": 196650.222339389,
      "halstead_timerequired": 10925.012352188278,
      "halstead_volume": 4149.403729917663,
      "lang": [
        "Python"
      ],
      "loc": 1,
      "operands_sum": 288,
      "operands_uniq": 79,
      "operators_sum": 330,
      "operators_uniq": 26
    }
  },
  "overall": {
    "comment_ratio": 53.619336876740064,
    "cyclomatic_complexity": 0,
    "fanout_external": 4,
    "fanout_internal": 1,
    "halstead_bugprop": 1.3831345766392211,
    "halstead_difficulty": 47.392405063291136,
    "halstead_effort": 196650.222339389,
    "halstead_timerequired": 10925.012352188278,
    "halstead_volume": 4149.403729917663,
    "loc": 1,
    "maintainability_index": 100,
    "operands_sum": 288,
    "operands_uniq": 79,
    "operators_sum": 330,
    "operators_uniq": 26,
    "pylint": 100.0,
    "tiobe": 99.76923076923077,
    "tiobe_compiler": 100.0,
    "tiobe_complexity": 98.46153846153847,
    "tiobe_coverage": 100.0,
    "tiobe_duplication": 100.0,
    "tiobe_fanout": 100.0,
    "tiobe_functional": 100.0,
    "tiobe_security": 100.0,
    "tiobe_standard": 100.0
  },
  "stats": {
    "max": {
      "comment_ratio": 53.619336876740064,
      "cyclomatic_complexity": 0,
      "fanout_external": 4,
      "fanout_internal": 1,
      "halstead_bugprop": 1.3831345766392211,
      "halstead_difficulty": 47.392405063291136,
      "halstead_effort": 196650.222339389,
      "halstead_timerequired": 10925.012352188278,
      "halstead_volume": 4149.403729917663,
      "loc": 1,
      "operands_sum": 288,
      "operands_uniq": 79,
      "operators_sum": 330,
      "operators_uniq": 26
    },
    "mean": {
      "comment_ratio": 53.619336876740064,
      "cyclomatic_complexity": 0,
      "fanout_external": 4,
      "fanout_internal": 1,
      "halstead_bugprop": 1.3831345766392211,
      "halstead_difficulty": 47.392405063291136,
      "halstead_effort": 196650.222339389,
      "halstead_timerequired": 10925.012352188278,
      "halstead_volume": 4149.403729917663,
      "loc": 1,
      "operands_sum": 288,
      "operands_uniq": 79,
      "operators_sum": 330,
      "operators_uniq": 26
    },
    "median": {
      "comment_ratio": 53.619336876740064,
      "cyclomatic_complexity": 0,
      "fanout_external": 4,
      "fanout_internal": 1,
      "halstead_bugprop": 1.3831345766392211,
      "halstead_difficulty": 47.392405063291136,
      "halstead_effort": 196650.222339389,
      "halstead_timerequired": 10925.012352188278,
      "halstead_volume": 4149.403729917663,
      "loc": 1,
      "operands_sum": 288,
      "operands_uniq": 79,
      "operators_sum": 330,
      "operators_uniq": 26
    },
    "min": {
      "comment_ratio": 53.619336876740064,
      "cyclomatic_complexity": 0,
      "fanout_external": 4,
      "fanout_internal": 1,
      "halstead_bugprop": 1.3831345766392211,
      "halstead_difficulty": 47.392405063291136,
      "halstead_effort": 196650.222339389,
      "halstead_timerequired": 10925.012352188278,
      "halstead_volume": 4149.403729917663,
      "loc": 1,
      "operands_sum": 288,
      "operands_uniq": 79,
      "operators_sum": 330,
      "operators_uniq": 26
    }
  }
}
