{
  "files": {
    "/Users/lorraynereis/Documents/PUC /Engenharia de Sofware/7 Peri\u0301odo/TCC 1/plf-es-2022-2-tcci-5308100-pes-lorrayne-reis/Instrumentos/Codigos/Collect-repositories/Repositories/Cloned-repositories/PythonRobotics/PathPlanning/FlowField/flowfield.py": {
      "comment_ratio": 22.228481297881928,
      "cyclomatic_complexity": 43,
      "fanout_external": 5,
      "fanout_internal": 1,
      "halstead_bugprop": 3.8988067274949074,
      "halstead_difficulty": 92.4770642201835,
      "halstead_effort": 1081650.60036189,
      "halstead_timerequired": 60091.700020104996,
      "halstead_volume": 11696.420182484722,
      "lang": [
        "Python"
      ],
      "loc": 1,
      "operands_sum": 672,
      "operands_uniq": 109,
      "operators_sum": 971,
      "operators_uniq": 30
    }
  },
  "overall": {
    "comment_ratio": 22.228481297881928,
    "cyclomatic_complexity": 43,
    "fanout_external": 5,
    "fanout_internal": 1,
    "halstead_bugprop": 3.8988067274949074,
    "halstead_difficulty": 92.4770642201835,
    "halstead_effort": 1081650.60036189,
    "halstead_timerequired": 60091.700020104996,
    "halstead_volume": 11696.420182484722,
    "loc": 1,
    "maintainability_index": 100,
    "operands_sum": 672,
    "operands_uniq": 109,
    "operators_sum": 971,
    "operators_uniq": 30,
    "pylint": 100.0,
    "tiobe": 85.01235839340886,
    "tiobe_compiler": 100.0,
    "tiobe_complexity": 0.082389289392379,
    "tiobe_coverage": 100.0,
    "tiobe_duplication": 100.0,
    "tiobe_fanout": 100.0,
    "tiobe_functional": 100.0,
    "tiobe_security": 100.0,
    "tiobe_standard": 100.0
  },
  "stats": {
    "max": {
      "comment_ratio": 22.228481297881928,
      "cyclomatic_complexity": 43,
      "fanout_external": 5,
      "fanout_internal": 1,
      "halstead_bugprop": 3.8988067274949074,
      "halstead_difficulty": 92.4770642201835,
      "halstead_effort": 1081650.60036189,
      "halstead_timerequired": 60091.700020104996,
      "halstead_volume": 11696.420182484722,
      "loc": 1,
      "operands_sum": 672,
      "operands_uniq": 109,
      "operators_sum": 971,
      "operators_uniq": 30
    },
    "mean": {
      "comment_ratio": 22.228481297881928,
      "cyclomatic_complexity": 43,
      "fanout_external": 5,
      "fanout_internal": 1,
      "halstead_bugprop": 3.8988067274949074,
      "halstead_difficulty": 92.4770642201835,
      "halstead_effort": 1081650.60036189,
      "halstead_timerequired": 60091.700020104996,
      "halstead_volume": 11696.420182484722,
      "loc": 1,
      "operands_sum": 672,
      "operands_uniq": 109,
      "operators_sum": 971,
      "operators_uniq": 30
    },
    "median": {
      "comment_ratio": 22.228481297881928,
      "cyclomatic_complexity": 43,
      "fanout_external": 5,
      "fanout_internal": 1,
      "halstead_bugprop": 3.8988067274949074,
      "halstead_difficulty": 92.4770642201835,
      "halstead_effort": 1081650.60036189,
      "halstead_timerequired": 60091.700020104996,
      "halstead_volume": 11696.420182484722,
      "loc": 1,
      "operands_sum": 672,
      "operands_uniq": 109,
      "operators_sum": 971,
      "operators_uniq": 30
    },
    "min": {
      "comment_ratio": 22.228481297881928,
      "cyclomatic_complexity": 43,
      "fanout_external": 5,
      "fanout_internal": 1,
      "halstead_bugprop": 3.8988067274949074,
      "halstead_difficulty": 92.4770642201835,
      "halstead_effort": 1081650.60036189,
      "halstead_timerequired": 60091.700020104996,
      "halstead_volume": 11696.420182484722,
      "loc": 1,
      "operands_sum": 672,
      "operands_uniq": 109,
      "operators_sum": 971,
      "operators_uniq": 30
    }
  }
}
