{
  "files": {
    "/Users/lorraynereis/Documents/PUC /Engenharia de Sofware/7 Peri\u0301odo/TCC 1/plf-es-2022-2-tcci-5308100-pes-lorrayne-reis/Instrumentos/Codigos/Collect-repositories/Repositories/Cloned-repositories/pylot/pylot/planning/frenet_optimal_trajectory/fot_planner.py": {
      "comment_ratio": 12.615812229771464,
      "cyclomatic_complexity": 4,
      "fanout_external": 8,
      "fanout_internal": 1,
      "halstead_bugprop": 2.4382890341179153,
      "halstead_difficulty": 46.37096774193548,
      "halstead_effort": 339197.4664397906,
      "halstead_timerequired": 18844.303691099478,
      "halstead_volume": 7314.867102353746,
      "lang": [
        "Python"
      ],
      "loc": 1,
      "operands_sum": 500,
      "operands_uniq": 124,
      "operators_sum": 516,
      "operators_uniq": 23
    }
  },
  "overall": {
    "comment_ratio": 12.615812229771464,
    "cyclomatic_complexity": 4,
    "fanout_external": 8,
    "fanout_internal": 1,
    "halstead_bugprop": 2.4382890341179153,
    "halstead_difficulty": 46.37096774193548,
    "halstead_effort": 339197.4664397906,
    "halstead_timerequired": 18844.303691099478,
    "halstead_volume": 7314.867102353746,
    "loc": 1,
    "maintainability_index": 100,
    "operands_sum": 500,
    "operands_uniq": 124,
    "operators_sum": 516,
    "operators_uniq": 23,
    "pylint": 100.0,
    "tiobe": 93.60733944954129,
    "tiobe_compiler": 100.0,
    "tiobe_complexity": 58.71559633027523,
    "tiobe_coverage": 100.0,
    "tiobe_duplication": 100.0,
    "tiobe_fanout": 96.0,
    "tiobe_functional": 100.0,
    "tiobe_security": 100.0,
    "tiobe_standard": 100.0
  },
  "stats": {
    "max": {
      "comment_ratio": 12.615812229771464,
      "cyclomatic_complexity": 4,
      "fanout_external": 8,
      "fanout_internal": 1,
      "halstead_bugprop": 2.4382890341179153,
      "halstead_difficulty": 46.37096774193548,
      "halstead_effort": 339197.4664397906,
      "halstead_timerequired": 18844.303691099478,
      "halstead_volume": 7314.867102353746,
      "loc": 1,
      "operands_sum": 500,
      "operands_uniq": 124,
      "operators_sum": 516,
      "operators_uniq": 23
    },
    "mean": {
      "comment_ratio": 12.615812229771464,
      "cyclomatic_complexity": 4,
      "fanout_external": 8,
      "fanout_internal": 1,
      "halstead_bugprop": 2.4382890341179153,
      "halstead_difficulty": 46.37096774193548,
      "halstead_effort": 339197.4664397906,
      "halstead_timerequired": 18844.303691099478,
      "halstead_volume": 7314.867102353746,
      "loc": 1,
      "operands_sum": 500,
      "operands_uniq": 124,
      "operators_sum": 516,
      "operators_uniq": 23
    },
    "median": {
      "comment_ratio": 12.615812229771464,
      "cyclomatic_complexity": 4,
      "fanout_external": 8,
      "fanout_internal": 1,
      "halstead_bugprop": 2.4382890341179153,
      "halstead_difficulty": 46.37096774193548,
      "halstead_effort": 339197.4664397906,
      "halstead_timerequired": 18844.303691099478,
      "halstead_volume": 7314.867102353746,
      "loc": 1,
      "operands_sum": 500,
      "operands_uniq": 124,
      "operators_sum": 516,
      "operators_uniq": 23
    },
    "min": {
      "comment_ratio": 12.615812229771464,
      "cyclomatic_complexity": 4,
      "fanout_external": 8,
      "fanout_internal": 1,
      "halstead_bugprop": 2.4382890341179153,
      "halstead_difficulty": 46.37096774193548,
      "halstead_effort": 339197.4664397906,
      "halstead_timerequired": 18844.303691099478,
      "halstead_volume": 7314.867102353746,
      "loc": 1,
      "operands_sum": 500,
      "operands_uniq": 124,
      "operators_sum": 516,
      "operators_uniq": 23
    }
  }
}
