{
  "files": {
    "/Users/lorraynereis/Documents/PUC /Engenharia de Sofware/7 Peri\u0301odo/TCC 1/plf-es-2022-2-tcci-5308100-pes-lorrayne-reis/Instrumentos/Codigos/Collect-repositories/Repositories/Cloned-repositories/RTM3D/src/models/fpn_resnet.py": {
      "comment_ratio": 11.082345912575924,
      "cyclomatic_complexity": 18,
      "fanout_external": 8,
      "fanout_internal": 1,
      "halstead_bugprop": 4.36528340080418,
      "halstead_difficulty": 84.34615384615385,
      "halstead_effort": 1104584.595918873,
      "halstead_timerequired": 61365.81088438184,
      "halstead_volume": 13095.85020241254,
      "lang": [
        "Python"
      ],
      "loc": 1,
      "operands_sum": 774,
      "operands_uniq": 156,
      "operators_sum": 956,
      "operators_uniq": 34
    }
  },
  "overall": {
    "comment_ratio": 11.082345912575924,
    "cyclomatic_complexity": 18,
    "fanout_external": 8,
    "fanout_internal": 1,
    "halstead_bugprop": 4.36528340080418,
    "halstead_difficulty": 84.34615384615385,
    "halstead_effort": 1104584.595918873,
    "halstead_timerequired": 61365.81088438184,
    "halstead_volume": 13095.85020241254,
    "loc": 1,
    "maintainability_index": 100,
    "operands_sum": 774,
    "operands_uniq": 156,
    "operators_sum": 956,
    "operators_uniq": 34,
    "pylint": 100.0,
    "tiobe": 84.97281728172817,
    "tiobe_compiler": 100.0,
    "tiobe_complexity": 1.1521152115211521,
    "tiobe_coverage": 100.0,
    "tiobe_duplication": 100.0,
    "tiobe_fanout": 96.0,
    "tiobe_functional": 100.0,
    "tiobe_security": 100.0,
    "tiobe_standard": 100.0
  },
  "stats": {
    "max": {
      "comment_ratio": 11.082345912575924,
      "cyclomatic_complexity": 18,
      "fanout_external": 8,
      "fanout_internal": 1,
      "halstead_bugprop": 4.36528340080418,
      "halstead_difficulty": 84.34615384615385,
      "halstead_effort": 1104584.595918873,
      "halstead_timerequired": 61365.81088438184,
      "halstead_volume": 13095.85020241254,
      "loc": 1,
      "operands_sum": 774,
      "operands_uniq": 156,
      "operators_sum": 956,
      "operators_uniq": 34
    },
    "mean": {
      "comment_ratio": 11.082345912575924,
      "cyclomatic_complexity": 18,
      "fanout_external": 8,
      "fanout_internal": 1,
      "halstead_bugprop": 4.36528340080418,
      "halstead_difficulty": 84.34615384615385,
      "halstead_effort": 1104584.595918873,
      "halstead_timerequired": 61365.81088438184,
      "halstead_volume": 13095.85020241254,
      "loc": 1,
      "operands_sum": 774,
      "operands_uniq": 156,
      "operators_sum": 956,
      "operators_uniq": 34
    },
    "median": {
      "comment_ratio": 11.082345912575924,
      "cyclomatic_complexity": 18,
      "fanout_external": 8,
      "fanout_internal": 1,
      "halstead_bugprop": 4.36528340080418,
      "halstead_difficulty": 84.34615384615385,
      "halstead_effort": 1104584.595918873,
      "halstead_timerequired": 61365.81088438184,
      "halstead_volume": 13095.85020241254,
      "loc": 1,
      "operands_sum": 774,
      "operands_uniq": 156,
      "operators_sum": 956,
      "operators_uniq": 34
    },
    "min": {
      "comment_ratio": 11.082345912575924,
      "cyclomatic_complexity": 18,
      "fanout_external": 8,
      "fanout_internal": 1,
      "halstead_bugprop": 4.36528340080418,
      "halstead_difficulty": 84.34615384615385,
      "halstead_effort": 1104584.595918873,
      "halstead_timerequired": 61365.81088438184,
      "halstead_volume": 13095.85020241254,
      "loc": 1,
      "operands_sum": 774,
      "operands_uniq": 156,
      "operators_sum": 956,
      "operators_uniq": 34
    }
  }
}
