{
  "files": {
    "/Users/lorraynereis/Documents/PUC /Engenharia de Sofware/7 Peri\u0301odo/TCC 1/plf-es-2022-2-tcci-5308100-pes-lorrayne-reis/Instrumentos/Codigos/Collect-repositories/Repositories/Cloned-repositories/PythonRobotics/PathPlanning/FrenetOptimalTrajectory/frenet_optimal_trajectory.py": {
      "comment_ratio": 16.4632204649188,
      "cyclomatic_complexity": 24,
      "fanout_external": 12,
      "fanout_internal": 1,
      "halstead_bugprop": 5.081632153944352,
      "halstead_difficulty": 69.54455445544555,
      "halstead_effort": 1060199.532157578,
      "halstead_timerequired": 58899.97400875433,
      "halstead_volume": 15244.896461833056,
      "lang": [
        "Python"
      ],
      "loc": 3,
      "operands_sum": 878,
      "operands_uniq": 202,
      "operators_sum": 1059,
      "operators_uniq": 32
    }
  },
  "overall": {
    "comment_ratio": 16.4632204649188,
    "cyclomatic_complexity": 24,
    "fanout_external": 12,
    "fanout_internal": 1,
    "halstead_bugprop": 5.081632153944352,
    "halstead_difficulty": 69.54455445544555,
    "halstead_effort": 1060199.532157578,
    "halstead_timerequired": 58899.97400875433,
    "halstead_volume": 15244.896461833056,
    "loc": 3,
    "maintainability_index": 97.59608057109705,
    "operands_sum": 878,
    "operands_uniq": 202,
    "operators_sum": 1059,
    "operators_uniq": 32,
    "pylint": 100.0,
    "tiobe": 84.47224019866056,
    "tiobe_compiler": 100.0,
    "tiobe_complexity": 0.4816013244036421,
    "tiobe_coverage": 100.0,
    "tiobe_duplication": 100.0,
    "tiobe_fanout": 88.0,
    "tiobe_functional": 100.0,
    "tiobe_security": 100.0,
    "tiobe_standard": 100.0
  },
  "stats": {
    "max": {
      "comment_ratio": 16.4632204649188,
      "cyclomatic_complexity": 24,
      "fanout_external": 12,
      "fanout_internal": 1,
      "halstead_bugprop": 5.081632153944352,
      "halstead_difficulty": 69.54455445544555,
      "halstead_effort": 1060199.532157578,
      "halstead_timerequired": 58899.97400875433,
      "halstead_volume": 15244.896461833056,
      "loc": 3,
      "operands_sum": 878,
      "operands_uniq": 202,
      "operators_sum": 1059,
      "operators_uniq": 32
    },
    "mean": {
      "comment_ratio": 16.4632204649188,
      "cyclomatic_complexity": 24,
      "fanout_external": 12,
      "fanout_internal": 1,
      "halstead_bugprop": 5.081632153944352,
      "halstead_difficulty": 69.54455445544555,
      "halstead_effort": 1060199.532157578,
      "halstead_timerequired": 58899.97400875433,
      "halstead_volume": 15244.896461833056,
      "loc": 3,
      "operands_sum": 878,
      "operands_uniq": 202,
      "operators_sum": 1059,
      "operators_uniq": 32
    },
    "median": {
      "comment_ratio": 16.4632204649188,
      "cyclomatic_complexity": 24,
      "fanout_external": 12,
      "fanout_internal": 1,
      "halstead_bugprop": 5.081632153944352,
      "halstead_difficulty": 69.54455445544555,
      "halstead_effort": 1060199.532157578,
      "halstead_timerequired": 58899.97400875433,
      "halstead_volume": 15244.896461833056,
      "loc": 3,
      "operands_sum": 878,
      "operands_uniq": 202,
      "operators_sum": 1059,
      "operators_uniq": 32
    },
    "min": {
      "comment_ratio": 16.4632204649188,
      "cyclomatic_complexity": 24,
      "fanout_external": 12,
      "fanout_internal": 1,
      "halstead_bugprop": 5.081632153944352,
      "halstead_difficulty": 69.54455445544555,
      "halstead_effort": 1060199.532157578,
      "halstead_timerequired": 58899.97400875433,
      "halstead_volume": 15244.896461833056,
      "loc": 3,
      "operands_sum": 878,
      "operands_uniq": 202,
      "operators_sum": 1059,
      "operators_uniq": 32
    }
  }
}
