{
  "files": {
    "/Users/lorraynereis/Documents/PUC /Engenharia de Sofware/7 Peri\u0301odo/TCC 1/plf-es-2022-2-tcci-5308100-pes-lorrayne-reis/Instrumentos/Codigos/Collect-repositories/Repositories/Cloned-repositories/pylot/pylot/perception/fusion/fusion_operator.py": {
      "comment_ratio": 11.817383669885865,
      "cyclomatic_complexity": 6,
      "fanout_external": 7,
      "fanout_internal": 1,
      "halstead_bugprop": 1.8955192143379864,
      "halstead_difficulty": 49.49519230769231,
      "halstead_effort": 281457.2641097534,
      "halstead_timerequired": 15636.514672764079,
      "halstead_volume": 5686.557643013959,
      "lang": [
        "Python"
      ],
      "loc": 1,
      "operands_sum": 355,
      "operands_uniq": 104,
      "operators_sum": 451,
      "operators_uniq": 29
    }
  },
  "overall": {
    "comment_ratio": 11.817383669885865,
    "cyclomatic_complexity": 6,
    "fanout_external": 7,
    "fanout_internal": 1,
    "halstead_bugprop": 1.8955192143379864,
    "halstead_difficulty": 49.49519230769231,
    "halstead_effort": 281457.2641097534,
    "halstead_timerequired": 15636.514672764079,
    "halstead_volume": 5686.557643013959,
    "loc": 1,
    "maintainability_index": 100,
    "operands_sum": 355,
    "operands_uniq": 104,
    "operators_sum": 451,
    "operators_uniq": 29,
    "pylint": 100.0,
    "tiobe": 88.91673640167365,
    "tiobe_compiler": 100.0,
    "tiobe_complexity": 26.778242677824267,
    "tiobe_coverage": 100.0,
    "tiobe_duplication": 100.0,
    "tiobe_fanout": 98.0,
    "tiobe_functional": 100.0,
    "tiobe_security": 100.0,
    "tiobe_standard": 100.0
  },
  "stats": {
    "max": {
      "comment_ratio": 11.817383669885865,
      "cyclomatic_complexity": 6,
      "fanout_external": 7,
      "fanout_internal": 1,
      "halstead_bugprop": 1.8955192143379864,
      "halstead_difficulty": 49.49519230769231,
      "halstead_effort": 281457.2641097534,
      "halstead_timerequired": 15636.514672764079,
      "halstead_volume": 5686.557643013959,
      "loc": 1,
      "operands_sum": 355,
      "operands_uniq": 104,
      "operators_sum": 451,
      "operators_uniq": 29
    },
    "mean": {
      "comment_ratio": 11.817383669885865,
      "cyclomatic_complexity": 6,
      "fanout_external": 7,
      "fanout_internal": 1,
      "halstead_bugprop": 1.8955192143379864,
      "halstead_difficulty": 49.49519230769231,
      "halstead_effort": 281457.2641097534,
      "halstead_timerequired": 15636.514672764079,
      "halstead_volume": 5686.557643013959,
      "loc": 1,
      "operands_sum": 355,
      "operands_uniq": 104,
      "operators_sum": 451,
      "operators_uniq": 29
    },
    "median": {
      "comment_ratio": 11.817383669885865,
      "cyclomatic_complexity": 6,
      "fanout_external": 7,
      "fanout_internal": 1,
      "halstead_bugprop": 1.8955192143379864,
      "halstead_difficulty": 49.49519230769231,
      "halstead_effort": 281457.2641097534,
      "halstead_timerequired": 15636.514672764079,
      "halstead_volume": 5686.557643013959,
      "loc": 1,
      "operands_sum": 355,
      "operands_uniq": 104,
      "operators_sum": 451,
      "operators_uniq": 29
    },
    "min": {
      "comment_ratio": 11.817383669885865,
      "cyclomatic_complexity": 6,
      "fanout_external": 7,
      "fanout_internal": 1,
      "halstead_bugprop": 1.8955192143379864,
      "halstead_difficulty": 49.49519230769231,
      "halstead_effort": 281457.2641097534,
      "halstead_timerequired": 15636.514672764079,
      "halstead_volume": 5686.557643013959,
      "loc": 1,
      "operands_sum": 355,
      "operands_uniq": 104,
      "operators_sum": 451,
      "operators_uniq": 29
    }
  }
}
