{
  "files": {
    "/Users/lorraynereis/Documents/PUC /Engenharia de Sofware/7 Peri\u0301odo/TCC 1/plf-es-2022-2-tcci-5308100-pes-lorrayne-reis/Instrumentos/Codigos/Collect-repositories/Repositories/Cloned-repositories/PythonRobotics/Mapping/gaussian_grid_map/gaussian_grid_map.py": {
      "comment_ratio": 10.763454317897372,
      "cyclomatic_complexity": 10,
      "fanout_external": 8,
      "fanout_internal": 1,
      "halstead_bugprop": 1.120090866936842,
      "halstead_difficulty": 28.620253164556964,
      "halstead_effort": 96171.85253712152,
      "halstead_timerequired": 5342.8806965067515,
      "halstead_volume": 3360.272600810526,
      "lang": [
        "Python"
      ],
      "loc": 1,
      "operands_sum": 238,
      "operands_uniq": 79,
      "operators_sum": 270,
      "operators_uniq": 19
    }
  },
  "overall": {
    "comment_ratio": 10.763454317897372,
    "cyclomatic_complexity": 10,
    "fanout_external": 8,
    "fanout_internal": 1,
    "halstead_bugprop": 1.120090866936842,
    "halstead_difficulty": 28.620253164556964,
    "halstead_effort": 96171.85253712152,
    "halstead_timerequired": 5342.8806965067515,
    "halstead_volume": 3360.272600810526,
    "loc": 1,
    "maintainability_index": 100,
    "operands_sum": 238,
    "operands_uniq": 79,
    "operators_sum": 270,
    "operators_uniq": 19,
    "pylint": 100.0,
    "tiobe": 85.80523560209424,
    "tiobe_compiler": 100.0,
    "tiobe_complexity": 6.701570680628272,
    "tiobe_coverage": 100.0,
    "tiobe_duplication": 100.0,
    "tiobe_fanout": 96.0,
    "tiobe_functional": 100.0,
    "tiobe_security": 100.0,
    "tiobe_standard": 100.0
  },
  "stats": {
    "max": {
      "comment_ratio": 10.763454317897372,
      "cyclomatic_complexity": 10,
      "fanout_external": 8,
      "fanout_internal": 1,
      "halstead_bugprop": 1.120090866936842,
      "halstead_difficulty": 28.620253164556964,
      "halstead_effort": 96171.85253712152,
      "halstead_timerequired": 5342.8806965067515,
      "halstead_volume": 3360.272600810526,
      "loc": 1,
      "operands_sum": 238,
      "operands_uniq": 79,
      "operators_sum": 270,
      "operators_uniq": 19
    },
    "mean": {
      "comment_ratio": 10.763454317897372,
      "cyclomatic_complexity": 10,
      "fanout_external": 8,
      "fanout_internal": 1,
      "halstead_bugprop": 1.120090866936842,
      "halstead_difficulty": 28.620253164556964,
      "halstead_effort": 96171.85253712152,
      "halstead_timerequired": 5342.8806965067515,
      "halstead_volume": 3360.272600810526,
      "loc": 1,
      "operands_sum": 238,
      "operands_uniq": 79,
      "operators_sum": 270,
      "operators_uniq": 19
    },
    "median": {
      "comment_ratio": 10.763454317897372,
      "cyclomatic_complexity": 10,
      "fanout_external": 8,
      "fanout_internal": 1,
      "halstead_bugprop": 1.120090866936842,
      "halstead_difficulty": 28.620253164556964,
      "halstead_effort": 96171.85253712152,
      "halstead_timerequired": 5342.8806965067515,
      "halstead_volume": 3360.272600810526,
      "loc": 1,
      "operands_sum": 238,
      "operands_uniq": 79,
      "operators_sum": 270,
      "operators_uniq": 19
    },
    "min": {
      "comment_ratio": 10.763454317897372,
      "cyclomatic_complexity": 10,
      "fanout_external": 8,
      "fanout_internal": 1,
      "halstead_bugprop": 1.120090866936842,
      "halstead_difficulty": 28.620253164556964,
      "halstead_effort": 96171.85253712152,
      "halstead_timerequired": 5342.8806965067515,
      "halstead_volume": 3360.272600810526,
      "loc": 1,
      "operands_sum": 238,
      "operands_uniq": 79,
      "operators_sum": 270,
      "operators_uniq": 19
    }
  }
}
