{
  "files": {
    "/Users/lorraynereis/Documents/PUC /Engenharia de Sofware/7 Peri\u0301odo/TCC 1/plf-es-2022-2-tcci-5308100-pes-lorrayne-reis/Instrumentos/Codigos/Collect-repositories/Repositories/Cloned-repositories/pylot/scripts/gen_crops_from_obj_tracker_logs.py": {
      "comment_ratio": 26.170553676339683,
      "cyclomatic_complexity": 17,
      "fanout_external": 7,
      "fanout_internal": 0,
      "halstead_bugprop": 2.068660166576688,
      "halstead_difficulty": 40.05833333333333,
      "halstead_effort": 248601.23551835347,
      "halstead_timerequired": 13811.179751019637,
      "halstead_volume": 6205.980499730064,
      "lang": [
        "Python"
      ],
      "loc": 1,
      "operands_sum": 437,
      "operands_uniq": 120,
      "operators_sum": 431,
      "operators_uniq": 22
    }
  },
  "overall": {
    "comment_ratio": 26.170553676339683,
    "cyclomatic_complexity": 17,
    "fanout_external": 7,
    "fanout_internal": 0,
    "halstead_bugprop": 2.068660166576688,
    "halstead_difficulty": 40.05833333333333,
    "halstead_effort": 248601.23551835347,
    "halstead_timerequired": 13811.179751019637,
    "halstead_volume": 6205.980499730064,
    "loc": 1,
    "maintainability_index": 100,
    "operands_sum": 437,
    "operands_uniq": 120,
    "operators_sum": 431,
    "operators_uniq": 22,
    "pylint": 100.0,
    "tiobe": 85.20547945205479,
    "tiobe_compiler": 100.0,
    "tiobe_complexity": 1.36986301369863,
    "tiobe_coverage": 100.0,
    "tiobe_duplication": 100.0,
    "tiobe_fanout": 100.0,
    "tiobe_functional": 100.0,
    "tiobe_security": 100.0,
    "tiobe_standard": 100.0
  },
  "stats": {
    "max": {
      "comment_ratio": 26.170553676339683,
      "cyclomatic_complexity": 17,
      "fanout_external": 7,
      "fanout_internal": 0,
      "halstead_bugprop": 2.068660166576688,
      "halstead_difficulty": 40.05833333333333,
      "halstead_effort": 248601.23551835347,
      "halstead_timerequired": 13811.179751019637,
      "halstead_volume": 6205.980499730064,
      "loc": 1,
      "operands_sum": 437,
      "operands_uniq": 120,
      "operators_sum": 431,
      "operators_uniq": 22
    },
    "mean": {
      "comment_ratio": 26.170553676339683,
      "cyclomatic_complexity": 17,
      "fanout_external": 7,
      "fanout_internal": 0,
      "halstead_bugprop": 2.068660166576688,
      "halstead_difficulty": 40.05833333333333,
      "halstead_effort": 248601.23551835347,
      "halstead_timerequired": 13811.179751019637,
      "halstead_volume": 6205.980499730064,
      "loc": 1,
      "operands_sum": 437,
      "operands_uniq": 120,
      "operators_sum": 431,
      "operators_uniq": 22
    },
    "median": {
      "comment_ratio": 26.170553676339683,
      "cyclomatic_complexity": 17,
      "fanout_external": 7,
      "fanout_internal": 0,
      "halstead_bugprop": 2.068660166576688,
      "halstead_difficulty": 40.05833333333333,
      "halstead_effort": 248601.23551835347,
      "halstead_timerequired": 13811.179751019637,
      "halstead_volume": 6205.980499730064,
      "loc": 1,
      "operands_sum": 437,
      "operands_uniq": 120,
      "operators_sum": 431,
      "operators_uniq": 22
    },
    "min": {
      "comment_ratio": 26.170553676339683,
      "cyclomatic_complexity": 17,
      "fanout_external": 7,
      "fanout_internal": 0,
      "halstead_bugprop": 2.068660166576688,
      "halstead_difficulty": 40.05833333333333,
      "halstead_effort": 248601.23551835347,
      "halstead_timerequired": 13811.179751019637,
      "halstead_volume": 6205.980499730064,
      "loc": 1,
      "operands_sum": 437,
      "operands_uniq": 120,
      "operators_sum": 431,
      "operators_uniq": 22
    }
  }
}
