{
  "files": {
    "/Users/lorraynereis/Documents/PUC /Engenharia de Sofware/7 Peri\u0301odo/TCC 1/plf-es-2022-2-tcci-5308100-pes-lorrayne-reis/Instrumentos/Codigos/Collect-repositories/Repositories/Cloned-repositories/PythonRobotics/PathPlanning/VisibilityRoadMap/geometry.py": {
      "comment_ratio": 5.39906103286385,
      "cyclomatic_complexity": 7,
      "fanout_external": 0,
      "fanout_internal": 0,
      "halstead_bugprop": 0.5372002107155077,
      "halstead_difficulty": 52.608695652173914,
      "halstead_effort": 84784.20716944752,
      "halstead_timerequired": 4710.2337316359735,
      "halstead_volume": 1611.6006321465231,
      "lang": [
        "Python"
      ],
      "loc": 1,
      "operands_sum": 121,
      "operands_uniq": 23,
      "operators_sum": 176,
      "operators_uniq": 20
    }
  },
  "overall": {
    "comment_ratio": 5.39906103286385,
    "cyclomatic_complexity": 7,
    "fanout_external": 0,
    "fanout_internal": 0,
    "halstead_bugprop": 0.5372002107155077,
    "halstead_difficulty": 52.608695652173914,
    "halstead_effort": 84784.20716944752,
    "halstead_timerequired": 4710.2337316359735,
    "halstead_volume": 1611.6006321465231,
    "loc": 1,
    "maintainability_index": 100,
    "operands_sum": 121,
    "operands_uniq": 23,
    "operators_sum": 176,
    "operators_uniq": 20,
    "pylint": 100.0,
    "tiobe": 87.72727272727272,
    "tiobe_compiler": 100.0,
    "tiobe_complexity": 18.181818181818183,
    "tiobe_coverage": 100.0,
    "tiobe_duplication": 100.0,
    "tiobe_fanout": 100.0,
    "tiobe_functional": 100.0,
    "tiobe_security": 100.0,
    "tiobe_standard": 100.0
  },
  "stats": {
    "max": {
      "comment_ratio": 5.39906103286385,
      "cyclomatic_complexity": 7,
      "fanout_external": 0,
      "fanout_internal": 0,
      "halstead_bugprop": 0.5372002107155077,
      "halstead_difficulty": 52.608695652173914,
      "halstead_effort": 84784.20716944752,
      "halstead_timerequired": 4710.2337316359735,
      "halstead_volume": 1611.6006321465231,
      "loc": 1,
      "operands_sum": 121,
      "operands_uniq": 23,
      "operators_sum": 176,
      "operators_uniq": 20
    },
    "mean": {
      "comment_ratio": 5.39906103286385,
      "cyclomatic_complexity": 7,
      "fanout_external": 0,
      "fanout_internal": 0,
      "halstead_bugprop": 0.5372002107155077,
      "halstead_difficulty": 52.608695652173914,
      "halstead_effort": 84784.20716944752,
      "halstead_timerequired": 4710.2337316359735,
      "halstead_volume": 1611.6006321465231,
      "loc": 1,
      "operands_sum": 121,
      "operands_uniq": 23,
      "operators_sum": 176,
      "operators_uniq": 20
    },
    "median": {
      "comment_ratio": 5.39906103286385,
      "cyclomatic_complexity": 7,
      "fanout_external": 0,
      "fanout_internal": 0,
      "halstead_bugprop": 0.5372002107155077,
      "halstead_difficulty": 52.608695652173914,
      "halstead_effort": 84784.20716944752,
      "halstead_timerequired": 4710.2337316359735,
      "halstead_volume": 1611.6006321465231,
      "loc": 1,
      "operands_sum": 121,
      "operands_uniq": 23,
      "operators_sum": 176,
      "operators_uniq": 20
    },
    "min": {
      "comment_ratio": 5.39906103286385,
      "cyclomatic_complexity": 7,
      "fanout_external": 0,
      "fanout_internal": 0,
      "halstead_bugprop": 0.5372002107155077,
      "halstead_difficulty": 52.608695652173914,
      "halstead_effort": 84784.20716944752,
      "halstead_timerequired": 4710.2337316359735,
      "halstead_volume": 1611.6006321465231,
      "loc": 1,
      "operands_sum": 121,
      "operands_uniq": 23,
      "operators_sum": 176,
      "operators_uniq": 20
    }
  }
}
