{
  "files": {
    "/Users/lorraynereis/Documents/PUC /Engenharia de Sofware/7 Peri\u0301odo/TCC 1/plf-es-2022-2-tcci-5308100-pes-lorrayne-reis/Instrumentos/Codigos/Collect-repositories/Repositories/Cloned-repositories/l5kit/l5kit/l5kit/visualization/gif.py": {
      "comment_ratio": 49.65373961218837,
      "cyclomatic_complexity": 6,
      "fanout_external": 5,
      "fanout_internal": 0,
      "halstead_bugprop": 0.25776622461599397,
      "halstead_difficulty": 17.066666666666666,
      "halstead_effort": 13197.63070033889,
      "halstead_timerequired": 733.2017055743828,
      "halstead_volume": 773.2986738479818,
      "lang": [
        "Python"
      ],
      "loc": 1,
      "operands_sum": 64,
      "operands_uniq": 30,
      "operators_sum": 76,
      "operators_uniq": 16
    }
  },
  "overall": {
    "comment_ratio": 49.65373961218837,
    "cyclomatic_complexity": 6,
    "fanout_external": 5,
    "fanout_internal": 0,
    "halstead_bugprop": 0.25776622461599397,
    "halstead_difficulty": 17.066666666666666,
    "halstead_effort": 13197.63070033889,
    "halstead_timerequired": 733.2017055743828,
    "halstead_volume": 773.2986738479818,
    "loc": 1,
    "maintainability_index": 100,
    "operands_sum": 64,
    "operands_uniq": 30,
    "operators_sum": 76,
    "operators_uniq": 16,
    "pylint": 100.0,
    "tiobe": 89.01673640167364,
    "tiobe_compiler": 100.0,
    "tiobe_complexity": 26.778242677824267,
    "tiobe_coverage": 100.0,
    "tiobe_duplication": 100.0,
    "tiobe_fanout": 100.0,
    "tiobe_functional": 100.0,
    "tiobe_security": 100.0,
    "tiobe_standard": 100.0
  },
  "stats": {
    "max": {
      "comment_ratio": 49.65373961218837,
      "cyclomatic_complexity": 6,
      "fanout_external": 5,
      "fanout_internal": 0,
      "halstead_bugprop": 0.25776622461599397,
      "halstead_difficulty": 17.066666666666666,
      "halstead_effort": 13197.63070033889,
      "halstead_timerequired": 733.2017055743828,
      "halstead_volume": 773.2986738479818,
      "loc": 1,
      "operands_sum": 64,
      "operands_uniq": 30,
      "operators_sum": 76,
      "operators_uniq": 16
    },
    "mean": {
      "comment_ratio": 49.65373961218837,
      "cyclomatic_complexity": 6,
      "fanout_external": 5,
      "fanout_internal": 0,
      "halstead_bugprop": 0.25776622461599397,
      "halstead_difficulty": 17.066666666666666,
      "halstead_effort": 13197.63070033889,
      "halstead_timerequired": 733.2017055743828,
      "halstead_volume": 773.2986738479818,
      "loc": 1,
      "operands_sum": 64,
      "operands_uniq": 30,
      "operators_sum": 76,
      "operators_uniq": 16
    },
    "median": {
      "comment_ratio": 49.65373961218837,
      "cyclomatic_complexity": 6,
      "fanout_external": 5,
      "fanout_internal": 0,
      "halstead_bugprop": 0.25776622461599397,
      "halstead_difficulty": 17.066666666666666,
      "halstead_effort": 13197.63070033889,
      "halstead_timerequired": 733.2017055743828,
      "halstead_volume": 773.2986738479818,
      "loc": 1,
      "operands_sum": 64,
      "operands_uniq": 30,
      "operators_sum": 76,
      "operators_uniq": 16
    },
    "min": {
      "comment_ratio": 49.65373961218837,
      "cyclomatic_complexity": 6,
      "fanout_external": 5,
      "fanout_internal": 0,
      "halstead_bugprop": 0.25776622461599397,
      "halstead_difficulty": 17.066666666666666,
      "halstead_effort": 13197.63070033889,
      "halstead_timerequired": 733.2017055743828,
      "halstead_volume": 773.2986738479818,
      "loc": 1,
      "operands_sum": 64,
      "operands_uniq": 30,
      "operators_sum": 76,
      "operators_uniq": 16
    }
  }
}
