{
  "files": {
    "/Users/lorraynereis/Documents/PUC /Engenharia de Sofware/7 Peri\u0301odo/TCC 1/plf-es-2022-2-tcci-5308100-pes-lorrayne-reis/Instrumentos/Codigos/Collect-repositories/Repositories/Cloned-repositories/l5kit/l5kit/l5kit/planning/vectorized/global_graph.py": {
      "comment_ratio": 18.263424188020238,
      "cyclomatic_complexity": 4,
      "fanout_external": 5,
      "fanout_internal": 1,
      "halstead_bugprop": 2.155121272370295,
      "halstead_difficulty": 40.920833333333334,
      "halstead_effort": 264568.07519935834,
      "halstead_timerequired": 14698.226399964353,
      "halstead_volume": 6465.363817110885,
      "lang": [
        "Python"
      ],
      "loc": 1,
      "operands_sum": 427,
      "operands_uniq": 120,
      "operators_sum": 476,
      "operators_uniq": 23
    }
  },
  "overall": {
    "comment_ratio": 18.263424188020238,
    "cyclomatic_complexity": 4,
    "fanout_external": 5,
    "fanout_internal": 1,
    "halstead_bugprop": 2.155121272370295,
    "halstead_difficulty": 40.920833333333334,
    "halstead_effort": 264568.07519935834,
    "halstead_timerequired": 14698.226399964353,
    "halstead_volume": 6465.363817110885,
    "loc": 1,
    "maintainability_index": 100,
    "operands_sum": 427,
    "operands_uniq": 120,
    "operators_sum": 476,
    "operators_uniq": 23,
    "pylint": 100.0,
    "tiobe": 93.80733944954129,
    "tiobe_compiler": 100.0,
    "tiobe_complexity": 58.71559633027523,
    "tiobe_coverage": 100.0,
    "tiobe_duplication": 100.0,
    "tiobe_fanout": 100.0,
    "tiobe_functional": 100.0,
    "tiobe_security": 100.0,
    "tiobe_standard": 100.0
  },
  "stats": {
    "max": {
      "comment_ratio": 18.263424188020238,
      "cyclomatic_complexity": 4,
      "fanout_external": 5,
      "fanout_internal": 1,
      "halstead_bugprop": 2.155121272370295,
      "halstead_difficulty": 40.920833333333334,
      "halstead_effort": 264568.07519935834,
      "halstead_timerequired": 14698.226399964353,
      "halstead_volume": 6465.363817110885,
      "loc": 1,
      "operands_sum": 427,
      "operands_uniq": 120,
      "operators_sum": 476,
      "operators_uniq": 23
    },
    "mean": {
      "comment_ratio": 18.263424188020238,
      "cyclomatic_complexity": 4,
      "fanout_external": 5,
      "fanout_internal": 1,
      "halstead_bugprop": 2.155121272370295,
      "halstead_difficulty": 40.920833333333334,
      "halstead_effort": 264568.07519935834,
      "halstead_timerequired": 14698.226399964353,
      "halstead_volume": 6465.363817110885,
      "loc": 1,
      "operands_sum": 427,
      "operands_uniq": 120,
      "operators_sum": 476,
      "operators_uniq": 23
    },
    "median": {
      "comment_ratio": 18.263424188020238,
      "cyclomatic_complexity": 4,
      "fanout_external": 5,
      "fanout_internal": 1,
      "halstead_bugprop": 2.155121272370295,
      "halstead_difficulty": 40.920833333333334,
      "halstead_effort": 264568.07519935834,
      "halstead_timerequired": 14698.226399964353,
      "halstead_volume": 6465.363817110885,
      "loc": 1,
      "operands_sum": 427,
      "operands_uniq": 120,
      "operators_sum": 476,
      "operators_uniq": 23
    },
    "min": {
      "comment_ratio": 18.263424188020238,
      "cyclomatic_complexity": 4,
      "fanout_external": 5,
      "fanout_internal": 1,
      "halstead_bugprop": 2.155121272370295,
      "halstead_difficulty": 40.920833333333334,
      "halstead_effort": 264568.07519935834,
      "halstead_timerequired": 14698.226399964353,
      "halstead_volume": 6465.363817110885,
      "loc": 1,
      "operands_sum": 427,
      "operands_uniq": 120,
      "operators_sum": 476,
      "operators_uniq": 23
    }
  }
}
