{
  "files": {
    "/Users/lorraynereis/Documents/PUC /Engenharia de Sofware/7 Peri\u0301odo/TCC 1/plf-es-2022-2-tcci-5308100-pes-lorrayne-reis/Instrumentos/Codigos/Collect-repositories/Repositories/Cloned-repositories/PythonRobotics/SLAM/GraphBasedSLAM/graphslam/graph.py": {
      "comment_ratio": 41.67838217800368,
      "cyclomatic_complexity": 25,
      "fanout_external": 11,
      "fanout_internal": 1,
      "halstead_bugprop": 2.249088208290108,
      "halstead_difficulty": 60.28301886792453,
      "halstead_effort": 406745.4806879374,
      "halstead_timerequired": 22596.971149329856,
      "halstead_volume": 6747.264624870323,
      "lang": [
        "Python"
      ],
      "loc": 1,
      "operands_sum": 426,
      "operands_uniq": 106,
      "operators_sum": 526,
      "operators_uniq": 30
    }
  },
  "overall": {
    "comment_ratio": 41.67838217800368,
    "cyclomatic_complexity": 25,
    "fanout_external": 11,
    "fanout_internal": 1,
    "halstead_bugprop": 2.249088208290108,
    "halstead_difficulty": 60.28301886792453,
    "halstead_effort": 406745.4806879374,
    "halstead_timerequired": 22596.971149329856,
    "halstead_volume": 6747.264624870323,
    "loc": 1,
    "maintainability_index": 100,
    "operands_sum": 426,
    "operands_uniq": 106,
    "operators_sum": 526,
    "operators_uniq": 30,
    "pylint": 100.0,
    "tiobe": 84.56382978723404,
    "tiobe_compiler": 100.0,
    "tiobe_complexity": 0.425531914893617,
    "tiobe_coverage": 100.0,
    "tiobe_duplication": 100.0,
    "tiobe_fanout": 90.0,
    "tiobe_functional": 100.0,
    "tiobe_security": 100.0,
    "tiobe_standard": 100.0
  },
  "stats": {
    "max": {
      "comment_ratio": 41.67838217800368,
      "cyclomatic_complexity": 25,
      "fanout_external": 11,
      "fanout_internal": 1,
      "halstead_bugprop": 2.249088208290108,
      "halstead_difficulty": 60.28301886792453,
      "halstead_effort": 406745.4806879374,
      "halstead_timerequired": 22596.971149329856,
      "halstead_volume": 6747.264624870323,
      "loc": 1,
      "operands_sum": 426,
      "operands_uniq": 106,
      "operators_sum": 526,
      "operators_uniq": 30
    },
    "mean": {
      "comment_ratio": 41.67838217800368,
      "cyclomatic_complexity": 25,
      "fanout_external": 11,
      "fanout_internal": 1,
      "halstead_bugprop": 2.249088208290108,
      "halstead_difficulty": 60.28301886792453,
      "halstead_effort": 406745.4806879374,
      "halstead_timerequired": 22596.971149329856,
      "halstead_volume": 6747.264624870323,
      "loc": 1,
      "operands_sum": 426,
      "operands_uniq": 106,
      "operators_sum": 526,
      "operators_uniq": 30
    },
    "median": {
      "comment_ratio": 41.67838217800368,
      "cyclomatic_complexity": 25,
      "fanout_external": 11,
      "fanout_internal": 1,
      "halstead_bugprop": 2.249088208290108,
      "halstead_difficulty": 60.28301886792453,
      "halstead_effort": 406745.4806879374,
      "halstead_timerequired": 22596.971149329856,
      "halstead_volume": 6747.264624870323,
      "loc": 1,
      "operands_sum": 426,
      "operands_uniq": 106,
      "operators_sum": 526,
      "operators_uniq": 30
    },
    "min": {
      "comment_ratio": 41.67838217800368,
      "cyclomatic_complexity": 25,
      "fanout_external": 11,
      "fanout_internal": 1,
      "halstead_bugprop": 2.249088208290108,
      "halstead_difficulty": 60.28301886792453,
      "halstead_effort": 406745.4806879374,
      "halstead_timerequired": 22596.971149329856,
      "halstead_volume": 6747.264624870323,
      "loc": 1,
      "operands_sum": 426,
      "operands_uniq": 106,
      "operators_sum": 526,
      "operators_uniq": 30
    }
  }
}
