{
  "files": {
    "/Users/lorraynereis/Documents/PUC /Engenharia de Sofware/7 Peri\u0301odo/TCC 1/plf-es-2022-2-tcci-5308100-pes-lorrayne-reis/Instrumentos/Codigos/Collect-repositories/Repositories/Cloned-repositories/PythonRobotics/SLAM/GraphBasedSLAM/graph_based_slam.py": {
      "comment_ratio": 7.479889542562132,
      "cyclomatic_complexity": 8,
      "fanout_external": 13,
      "fanout_internal": 1,
      "halstead_bugprop": 5.38262093094501,
      "halstead_difficulty": 82.75132275132276,
      "halstead_effort": 1336257.0057139678,
      "halstead_timerequired": 74236.50031744265,
      "halstead_volume": 16147.86279283503,
      "lang": [
        "Python"
      ],
      "loc": 1,
      "operands_sum": 920,
      "operands_uniq": 189,
      "operators_sum": 1150,
      "operators_uniq": 34
    }
  },
  "overall": {
    "comment_ratio": 7.479889542562132,
    "cyclomatic_complexity": 8,
    "fanout_external": 13,
    "fanout_internal": 1,
    "halstead_bugprop": 5.38262093094501,
    "halstead_difficulty": 82.75132275132276,
    "halstead_effort": 1336257.0057139678,
    "halstead_timerequired": 74236.50031744265,
    "halstead_volume": 16147.86279283503,
    "loc": 1,
    "maintainability_index": 100,
    "operands_sum": 920,
    "operands_uniq": 189,
    "operators_sum": 1150,
    "operators_uniq": 34,
    "pylint": 100.0,
    "tiobe": 86.2009900990099,
    "tiobe_compiler": 100.0,
    "tiobe_complexity": 12.673267326732674,
    "tiobe_coverage": 100.0,
    "tiobe_duplication": 100.0,
    "tiobe_fanout": 86.0,
    "tiobe_functional": 100.0,
    "tiobe_security": 100.0,
    "tiobe_standard": 100.0
  },
  "stats": {
    "max": {
      "comment_ratio": 7.479889542562132,
      "cyclomatic_complexity": 8,
      "fanout_external": 13,
      "fanout_internal": 1,
      "halstead_bugprop": 5.38262093094501,
      "halstead_difficulty": 82.75132275132276,
      "halstead_effort": 1336257.0057139678,
      "halstead_timerequired": 74236.50031744265,
      "halstead_volume": 16147.86279283503,
      "loc": 1,
      "operands_sum": 920,
      "operands_uniq": 189,
      "operators_sum": 1150,
      "operators_uniq": 34
    },
    "mean": {
      "comment_ratio": 7.479889542562132,
      "cyclomatic_complexity": 8,
      "fanout_external": 13,
      "fanout_internal": 1,
      "halstead_bugprop": 5.38262093094501,
      "halstead_difficulty": 82.75132275132276,
      "halstead_effort": 1336257.0057139678,
      "halstead_timerequired": 74236.50031744265,
      "halstead_volume": 16147.86279283503,
      "loc": 1,
      "operands_sum": 920,
      "operands_uniq": 189,
      "operators_sum": 1150,
      "operators_uniq": 34
    },
    "median": {
      "comment_ratio": 7.479889542562132,
      "cyclomatic_complexity": 8,
      "fanout_external": 13,
      "fanout_internal": 1,
      "halstead_bugprop": 5.38262093094501,
      "halstead_difficulty": 82.75132275132276,
      "halstead_effort": 1336257.0057139678,
      "halstead_timerequired": 74236.50031744265,
      "halstead_volume": 16147.86279283503,
      "loc": 1,
      "operands_sum": 920,
      "operands_uniq": 189,
      "operators_sum": 1150,
      "operators_uniq": 34
    },
    "min": {
      "comment_ratio": 7.479889542562132,
      "cyclomatic_complexity": 8,
      "fanout_external": 13,
      "fanout_internal": 1,
      "halstead_bugprop": 5.38262093094501,
      "halstead_difficulty": 82.75132275132276,
      "halstead_effort": 1336257.0057139678,
      "halstead_timerequired": 74236.50031744265,
      "halstead_volume": 16147.86279283503,
      "loc": 1,
      "operands_sum": 920,
      "operands_uniq": 189,
      "operators_sum": 1150,
      "operators_uniq": 34
    }
  }
}
