{
  "files": {
    "/Users/lorraynereis/Documents/PUC /Engenharia de Sofware/7 Peri\u0301odo/TCC 1/plf-es-2022-2-tcci-5308100-pes-lorrayne-reis/Instrumentos/Codigos/Collect-repositories/Repositories/Cloned-repositories/PythonRobotics/Mapping/grid_map_lib/grid_map_lib.py": {
      "comment_ratio": 18.625678119349004,
      "cyclomatic_complexity": 13,
      "fanout_external": 5,
      "fanout_internal": 1,
      "halstead_bugprop": 2.9815680271874334,
      "halstead_difficulty": 88.13385826771655,
      "halstead_effort": 788331.2817710775,
      "halstead_timerequired": 43796.18232061542,
      "halstead_volume": 8944.7040815623,
      "lang": [
        "Python"
      ],
      "loc": 1,
      "operands_sum": 546,
      "operands_uniq": 127,
      "operators_sum": 664,
      "operators_uniq": 41
    }
  },
  "overall": {
    "comment_ratio": 18.625678119349004,
    "cyclomatic_complexity": 13,
    "fanout_external": 5,
    "fanout_internal": 1,
    "halstead_bugprop": 2.9815680271874334,
    "halstead_difficulty": 88.13385826771655,
    "halstead_effort": 788331.2817710775,
    "halstead_timerequired": 43796.18232061542,
    "halstead_volume": 8944.7040815623,
    "loc": 1,
    "maintainability_index": 100,
    "operands_sum": 546,
    "operands_uniq": 127,
    "operators_sum": 664,
    "operators_uniq": 41,
    "pylint": 100.0,
    "tiobe": 85.46153846153845,
    "tiobe_compiler": 100.0,
    "tiobe_complexity": 3.076923076923077,
    "tiobe_coverage": 100.0,
    "tiobe_duplication": 100.0,
    "tiobe_fanout": 100.0,
    "tiobe_functional": 100.0,
    "tiobe_security": 100.0,
    "tiobe_standard": 100.0
  },
  "stats": {
    "max": {
      "comment_ratio": 18.625678119349004,
      "cyclomatic_complexity": 13,
      "fanout_external": 5,
      "fanout_internal": 1,
      "halstead_bugprop": 2.9815680271874334,
      "halstead_difficulty": 88.13385826771655,
      "halstead_effort": 788331.2817710775,
      "halstead_timerequired": 43796.18232061542,
      "halstead_volume": 8944.7040815623,
      "loc": 1,
      "operands_sum": 546,
      "operands_uniq": 127,
      "operators_sum": 664,
      "operators_uniq": 41
    },
    "mean": {
      "comment_ratio": 18.625678119349004,
      "cyclomatic_complexity": 13,
      "fanout_external": 5,
      "fanout_internal": 1,
      "halstead_bugprop": 2.9815680271874334,
      "halstead_difficulty": 88.13385826771655,
      "halstead_effort": 788331.2817710775,
      "halstead_timerequired": 43796.18232061542,
      "halstead_volume": 8944.7040815623,
      "loc": 1,
      "operands_sum": 546,
      "operands_uniq": 127,
      "operators_sum": 664,
      "operators_uniq": 41
    },
    "median": {
      "comment_ratio": 18.625678119349004,
      "cyclomatic_complexity": 13,
      "fanout_external": 5,
      "fanout_internal": 1,
      "halstead_bugprop": 2.9815680271874334,
      "halstead_difficulty": 88.13385826771655,
      "halstead_effort": 788331.2817710775,
      "halstead_timerequired": 43796.18232061542,
      "halstead_volume": 8944.7040815623,
      "loc": 1,
      "operands_sum": 546,
      "operands_uniq": 127,
      "operators_sum": 664,
      "operators_uniq": 41
    },
    "min": {
      "comment_ratio": 18.625678119349004,
      "cyclomatic_complexity": 13,
      "fanout_external": 5,
      "fanout_internal": 1,
      "halstead_bugprop": 2.9815680271874334,
      "halstead_difficulty": 88.13385826771655,
      "halstead_effort": 788331.2817710775,
      "halstead_timerequired": 43796.18232061542,
      "halstead_volume": 8944.7040815623,
      "loc": 1,
      "operands_sum": 546,
      "operands_uniq": 127,
      "operators_sum": 664,
      "operators_uniq": 41
    }
  }
}
