{
  "files": {
    "/Users/lorraynereis/Documents/PUC /Engenharia de Sofware/7 Peri\u0301odo/TCC 1/plf-es-2022-2-tcci-5308100-pes-lorrayne-reis/Instrumentos/Codigos/Collect-repositories/Repositories/Cloned-repositories/CVPR2023-3D-Occupancy-Prediction/projects/mmdet3d_plugin/models/utils/grid_mask.py": {
      "comment_ratio": 0.22865853658536586,
      "cyclomatic_complexity": 17,
      "fanout_external": 7,
      "fanout_internal": 1,
      "halstead_bugprop": 2.3105027799248377,
      "halstead_difficulty": 85.04347826086956,
      "halstead_effort": 589479.5788086499,
      "halstead_timerequired": 32748.86548936944,
      "halstead_volume": 6931.508339774513,
      "lang": [
        "Python"
      ],
      "loc": 1,
      "operands_sum": 489,
      "operands_uniq": 69,
      "operators_sum": 571,
      "operators_uniq": 24
    }
  },
  "overall": {
    "comment_ratio": 0.22865853658536586,
    "cyclomatic_complexity": 17,
    "fanout_external": 7,
    "fanout_internal": 1,
    "halstead_bugprop": 2.3105027799248377,
    "halstead_difficulty": 85.04347826086956,
    "halstead_effort": 589479.5788086499,
    "halstead_timerequired": 32748.86548936944,
    "halstead_volume": 6931.508339774513,
    "loc": 1,
    "maintainability_index": 100,
    "operands_sum": 489,
    "operands_uniq": 69,
    "operators_sum": 571,
    "operators_uniq": 24,
    "pylint": 100.0,
    "tiobe": 85.1054794520548,
    "tiobe_compiler": 100.0,
    "tiobe_complexity": 1.36986301369863,
    "tiobe_coverage": 100.0,
    "tiobe_duplication": 100.0,
    "tiobe_fanout": 98.0,
    "tiobe_functional": 100.0,
    "tiobe_security": 100.0,
    "tiobe_standard": 100.0
  },
  "stats": {
    "max": {
      "comment_ratio": 0.22865853658536586,
      "cyclomatic_complexity": 17,
      "fanout_external": 7,
      "fanout_internal": 1,
      "halstead_bugprop": 2.3105027799248377,
      "halstead_difficulty": 85.04347826086956,
      "halstead_effort": 589479.5788086499,
      "halstead_timerequired": 32748.86548936944,
      "halstead_volume": 6931.508339774513,
      "loc": 1,
      "operands_sum": 489,
      "operands_uniq": 69,
      "operators_sum": 571,
      "operators_uniq": 24
    },
    "mean": {
      "comment_ratio": 0.22865853658536586,
      "cyclomatic_complexity": 17,
      "fanout_external": 7,
      "fanout_internal": 1,
      "halstead_bugprop": 2.3105027799248377,
      "halstead_difficulty": 85.04347826086956,
      "halstead_effort": 589479.5788086499,
      "halstead_timerequired": 32748.86548936944,
      "halstead_volume": 6931.508339774513,
      "loc": 1,
      "operands_sum": 489,
      "operands_uniq": 69,
      "operators_sum": 571,
      "operators_uniq": 24
    },
    "median": {
      "comment_ratio": 0.22865853658536586,
      "cyclomatic_complexity": 17,
      "fanout_external": 7,
      "fanout_internal": 1,
      "halstead_bugprop": 2.3105027799248377,
      "halstead_difficulty": 85.04347826086956,
      "halstead_effort": 589479.5788086499,
      "halstead_timerequired": 32748.86548936944,
      "halstead_volume": 6931.508339774513,
      "loc": 1,
      "operands_sum": 489,
      "operands_uniq": 69,
      "operators_sum": 571,
      "operators_uniq": 24
    },
    "min": {
      "comment_ratio": 0.22865853658536586,
      "cyclomatic_complexity": 17,
      "fanout_external": 7,
      "fanout_internal": 1,
      "halstead_bugprop": 2.3105027799248377,
      "halstead_difficulty": 85.04347826086956,
      "halstead_effort": 589479.5788086499,
      "halstead_timerequired": 32748.86548936944,
      "halstead_volume": 6931.508339774513,
      "loc": 1,
      "operands_sum": 489,
      "operands_uniq": 69,
      "operators_sum": 571,
      "operators_uniq": 24
    }
  }
}
