{
  "files": {
    "/Users/lorraynereis/Documents/PUC /Engenharia de Sofware/7 Peri\u0301odo/TCC 1/plf-es-2022-2-tcci-5308100-pes-lorrayne-reis/Instrumentos/Codigos/Collect-repositories/Repositories/Cloned-repositories/PythonRobotics/PathPlanning/GridBasedSweepCPP/grid_based_sweep_coverage_path_planner.py": {
      "comment_ratio": 4.2824943651389935,
      "cyclomatic_complexity": 26,
      "fanout_external": 13,
      "fanout_internal": 1,
      "halstead_bugprop": 4.190436307630138,
      "halstead_difficulty": 89.21212121212122,
      "halstead_effort": 1121513.1354239208,
      "halstead_timerequired": 62306.285301328935,
      "halstead_volume": 12571.308922890415,
      "lang": [
        "Python"
      ],
      "loc": 1,
      "operands_sum": 736,
      "operands_uniq": 165,
      "operators_sum": 901,
      "operators_uniq": 40
    }
  },
  "overall": {
    "comment_ratio": 4.2824943651389935,
    "cyclomatic_complexity": 26,
    "fanout_external": 13,
    "fanout_internal": 1,
    "halstead_bugprop": 4.190436307630138,
    "halstead_difficulty": 89.21212121212122,
    "halstead_effort": 1121513.1354239208,
    "halstead_timerequired": 62306.285301328935,
    "halstead_volume": 12571.308922890415,
    "loc": 1,
    "maintainability_index": 100,
    "operands_sum": 736,
    "operands_uniq": 165,
    "operators_sum": 901,
    "operators_uniq": 40,
    "pylint": 100.0,
    "tiobe": 84.35667394769466,
    "tiobe_compiler": 100.0,
    "tiobe_complexity": 0.3778263179644607,
    "tiobe_coverage": 100.0,
    "tiobe_duplication": 100.0,
    "tiobe_fanout": 86.0,
    "tiobe_functional": 100.0,
    "tiobe_security": 100.0,
    "tiobe_standard": 100.0
  },
  "stats": {
    "max": {
      "comment_ratio": 4.2824943651389935,
      "cyclomatic_complexity": 26,
      "fanout_external": 13,
      "fanout_internal": 1,
      "halstead_bugprop": 4.190436307630138,
      "halstead_difficulty": 89.21212121212122,
      "halstead_effort": 1121513.1354239208,
      "halstead_timerequired": 62306.285301328935,
      "halstead_volume": 12571.308922890415,
      "loc": 1,
      "operands_sum": 736,
      "operands_uniq": 165,
      "operators_sum": 901,
      "operators_uniq": 40
    },
    "mean": {
      "comment_ratio": 4.2824943651389935,
      "cyclomatic_complexity": 26,
      "fanout_external": 13,
      "fanout_internal": 1,
      "halstead_bugprop": 4.190436307630138,
      "halstead_difficulty": 89.21212121212122,
      "halstead_effort": 1121513.1354239208,
      "halstead_timerequired": 62306.285301328935,
      "halstead_volume": 12571.308922890415,
      "loc": 1,
      "operands_sum": 736,
      "operands_uniq": 165,
      "operators_sum": 901,
      "operators_uniq": 40
    },
    "median": {
      "comment_ratio": 4.2824943651389935,
      "cyclomatic_complexity": 26,
      "fanout_external": 13,
      "fanout_internal": 1,
      "halstead_bugprop": 4.190436307630138,
      "halstead_difficulty": 89.21212121212122,
      "halstead_effort": 1121513.1354239208,
      "halstead_timerequired": 62306.285301328935,
      "halstead_volume": 12571.308922890415,
      "loc": 1,
      "operands_sum": 736,
      "operands_uniq": 165,
      "operators_sum": 901,
      "operators_uniq": 40
    },
    "min": {
      "comment_ratio": 4.2824943651389935,
      "cyclomatic_complexity": 26,
      "fanout_external": 13,
      "fanout_internal": 1,
      "halstead_bugprop": 4.190436307630138,
      "halstead_difficulty": 89.21212121212122,
      "halstead_effort": 1121513.1354239208,
      "halstead_timerequired": 62306.285301328935,
      "halstead_volume": 12571.308922890415,
      "loc": 1,
      "operands_sum": 736,
      "operands_uniq": 165,
      "operators_sum": 901,
      "operators_uniq": 40
    }
  }
}
