{
  "files": {
    "/Users/lorraynereis/Documents/PUC /Engenharia de Sofware/7 Peri\u0301odo/TCC 1/plf-es-2022-2-tcci-5308100-pes-lorrayne-reis/Instrumentos/Codigos/Collect-repositories/Repositories/Cloned-repositories/l5kit/l5kit/l5kit/environment/gym_metric_set.py": {
      "comment_ratio": 27.31968271536617,
      "cyclomatic_complexity": 0,
      "fanout_external": 3,
      "fanout_internal": 1,
      "halstead_bugprop": 0.9091769808468366,
      "halstead_difficulty": 32.075471698113205,
      "halstead_effort": 87486.84155318615,
      "halstead_timerequired": 4860.38008628812,
      "halstead_volume": 2727.53094254051,
      "lang": [
        "Python"
      ],
      "loc": 1,
      "operands_sum": 200,
      "operands_uniq": 53,
      "operators_sum": 245,
      "operators_uniq": 17
    }
  },
  "overall": {
    "comment_ratio": 27.31968271536617,
    "cyclomatic_complexity": 0,
    "fanout_external": 3,
    "fanout_internal": 1,
    "halstead_bugprop": 0.9091769808468366,
    "halstead_difficulty": 32.075471698113205,
    "halstead_effort": 87486.84155318615,
    "halstead_timerequired": 4860.38008628812,
    "halstead_volume": 2727.53094254051,
    "loc": 1,
    "maintainability_index": 100,
    "operands_sum": 200,
    "operands_uniq": 53,
    "operators_sum": 245,
    "operators_uniq": 17,
    "pylint": 100.0,
    "tiobe": 99.76923076923077,
    "tiobe_compiler": 100.0,
    "tiobe_complexity": 98.46153846153847,
    "tiobe_coverage": 100.0,
    "tiobe_duplication": 100.0,
    "tiobe_fanout": 100.0,
    "tiobe_functional": 100.0,
    "tiobe_security": 100.0,
    "tiobe_standard": 100.0
  },
  "stats": {
    "max": {
      "comment_ratio": 27.31968271536617,
      "cyclomatic_complexity": 0,
      "fanout_external": 3,
      "fanout_internal": 1,
      "halstead_bugprop": 0.9091769808468366,
      "halstead_difficulty": 32.075471698113205,
      "halstead_effort": 87486.84155318615,
      "halstead_timerequired": 4860.38008628812,
      "halstead_volume": 2727.53094254051,
      "loc": 1,
      "operands_sum": 200,
      "operands_uniq": 53,
      "operators_sum": 245,
      "operators_uniq": 17
    },
    "mean": {
      "comment_ratio": 27.31968271536617,
      "cyclomatic_complexity": 0,
      "fanout_external": 3,
      "fanout_internal": 1,
      "halstead_bugprop": 0.9091769808468366,
      "halstead_difficulty": 32.075471698113205,
      "halstead_effort": 87486.84155318615,
      "halstead_timerequired": 4860.38008628812,
      "halstead_volume": 2727.53094254051,
      "loc": 1,
      "operands_sum": 200,
      "operands_uniq": 53,
      "operators_sum": 245,
      "operators_uniq": 17
    },
    "median": {
      "comment_ratio": 27.31968271536617,
      "cyclomatic_complexity": 0,
      "fanout_external": 3,
      "fanout_internal": 1,
      "halstead_bugprop": 0.9091769808468366,
      "halstead_difficulty": 32.075471698113205,
      "halstead_effort": 87486.84155318615,
      "halstead_timerequired": 4860.38008628812,
      "halstead_volume": 2727.53094254051,
      "loc": 1,
      "operands_sum": 200,
      "operands_uniq": 53,
      "operators_sum": 245,
      "operators_uniq": 17
    },
    "min": {
      "comment_ratio": 27.31968271536617,
      "cyclomatic_complexity": 0,
      "fanout_external": 3,
      "fanout_internal": 1,
      "halstead_bugprop": 0.9091769808468366,
      "halstead_difficulty": 32.075471698113205,
      "halstead_effort": 87486.84155318615,
      "halstead_timerequired": 4860.38008628812,
      "halstead_volume": 2727.53094254051,
      "loc": 1,
      "operands_sum": 200,
      "operands_uniq": 53,
      "operators_sum": 245,
      "operators_uniq": 17
    }
  }
}
