{
  "files": {
    "/Users/lorraynereis/Documents/PUC /Engenharia de Sofware/7 Peri\u0301odo/TCC 1/plf-es-2022-2-tcci-5308100-pes-lorrayne-reis/Instrumentos/Codigos/Collect-repositories/Repositories/Cloned-repositories/CVPR2023-3D-Occupancy-Prediction/projects/configs/_base_/models/h3dnet.py": {
      "comment_ratio": 0.33728350045578853,
      "cyclomatic_complexity": 2,
      "fanout_external": 0,
      "fanout_internal": 0,
      "halstead_bugprop": 4.079063672670511,
      "halstead_difficulty": 21.112781954887218,
      "halstead_effort": 258361.14570358183,
      "halstead_timerequired": 14353.396983532324,
      "halstead_volume": 12237.191018011532,
      "lang": [
        "Python"
      ],
      "loc": 1,
      "operands_sum": 702,
      "operands_uniq": 133,
      "operators_sum": 1012,
      "operators_uniq": 8
    }
  },
  "overall": {
    "comment_ratio": 0.33728350045578853,
    "cyclomatic_complexity": 2,
    "fanout_external": 0,
    "fanout_internal": 0,
    "halstead_bugprop": 4.079063672670511,
    "halstead_difficulty": 21.112781954887218,
    "halstead_effort": 258361.14570358183,
    "halstead_timerequired": 14353.396983532324,
    "halstead_volume": 12237.191018011532,
    "loc": 1,
    "maintainability_index": 100,
    "operands_sum": 702,
    "operands_uniq": 133,
    "operators_sum": 1012,
    "operators_uniq": 8,
    "pylint": 100.0,
    "tiobe": 99.32835820895522,
    "tiobe_compiler": 100.0,
    "tiobe_complexity": 95.5223880597015,
    "tiobe_coverage": 100.0,
    "tiobe_duplication": 100.0,
    "tiobe_fanout": 100.0,
    "tiobe_functional": 100.0,
    "tiobe_security": 100.0,
    "tiobe_standard": 100.0
  },
  "stats": {
    "max": {
      "comment_ratio": 0.33728350045578853,
      "cyclomatic_complexity": 2,
      "fanout_external": 0,
      "fanout_internal": 0,
      "halstead_bugprop": 4.079063672670511,
      "halstead_difficulty": 21.112781954887218,
      "halstead_effort": 258361.14570358183,
      "halstead_timerequired": 14353.396983532324,
      "halstead_volume": 12237.191018011532,
      "loc": 1,
      "operands_sum": 702,
      "operands_uniq": 133,
      "operators_sum": 1012,
      "operators_uniq": 8
    },
    "mean": {
      "comment_ratio": 0.33728350045578853,
      "cyclomatic_complexity": 2,
      "fanout_external": 0,
      "fanout_internal": 0,
      "halstead_bugprop": 4.079063672670511,
      "halstead_difficulty": 21.112781954887218,
      "halstead_effort": 258361.14570358183,
      "halstead_timerequired": 14353.396983532324,
      "halstead_volume": 12237.191018011532,
      "loc": 1,
      "operands_sum": 702,
      "operands_uniq": 133,
      "operators_sum": 1012,
      "operators_uniq": 8
    },
    "median": {
      "comment_ratio": 0.33728350045578853,
      "cyclomatic_complexity": 2,
      "fanout_external": 0,
      "fanout_internal": 0,
      "halstead_bugprop": 4.079063672670511,
      "halstead_difficulty": 21.112781954887218,
      "halstead_effort": 258361.14570358183,
      "halstead_timerequired": 14353.396983532324,
      "halstead_volume": 12237.191018011532,
      "loc": 1,
      "operands_sum": 702,
      "operands_uniq": 133,
      "operators_sum": 1012,
      "operators_uniq": 8
    },
    "min": {
      "comment_ratio": 0.33728350045578853,
      "cyclomatic_complexity": 2,
      "fanout_external": 0,
      "fanout_internal": 0,
      "halstead_bugprop": 4.079063672670511,
      "halstead_difficulty": 21.112781954887218,
      "halstead_effort": 258361.14570358183,
      "halstead_timerequired": 14353.396983532324,
      "halstead_volume": 12237.191018011532,
      "loc": 1,
      "operands_sum": 702,
      "operands_uniq": 133,
      "operators_sum": 1012,
      "operators_uniq": 8
    }
  }
}
