{
  "files": {
    "/Users/lorraynereis/Documents/PUC /Engenharia de Sofware/7 Peri\u0301odo/TCC 1/plf-es-2022-2-tcci-5308100-pes-lorrayne-reis/Instrumentos/Codigos/Collect-repositories/Repositories/Cloned-repositories/pylot/pylot/map/hd_map.py": {
      "comment_ratio": 34.44824072409039,
      "cyclomatic_complexity": 19,
      "fanout_external": 12,
      "fanout_internal": 1,
      "halstead_bugprop": 3.0438453762063893,
      "halstead_difficulty": 105.19642857142858,
      "halstead_effort": 960604.9881017058,
      "halstead_timerequired": 53366.9437834281,
      "halstead_volume": 9131.536128619167,
      "lang": [
        "Python"
      ],
      "loc": 1,
      "operands_sum": 548,
      "operands_uniq": 112,
      "operators_sum": 707,
      "operators_uniq": 43
    }
  },
  "overall": {
    "comment_ratio": 34.44824072409039,
    "cyclomatic_complexity": 19,
    "fanout_external": 12,
    "fanout_internal": 1,
    "halstead_bugprop": 3.0438453762063893,
    "halstead_difficulty": 105.19642857142858,
    "halstead_effort": 960604.9881017058,
    "halstead_timerequired": 53366.9437834281,
    "halstead_volume": 9131.536128619167,
    "loc": 1,
    "maintainability_index": 100,
    "operands_sum": 548,
    "operands_uniq": 112,
    "operators_sum": 707,
    "operators_uniq": 43,
    "pylint": 100.0,
    "tiobe": 84.54669926650368,
    "tiobe_compiler": 100.0,
    "tiobe_complexity": 0.9779951100244498,
    "tiobe_coverage": 100.0,
    "tiobe_duplication": 100.0,
    "tiobe_fanout": 88.0,
    "tiobe_functional": 100.0,
    "tiobe_security": 100.0,
    "tiobe_standard": 100.0
  },
  "stats": {
    "max": {
      "comment_ratio": 34.44824072409039,
      "cyclomatic_complexity": 19,
      "fanout_external": 12,
      "fanout_internal": 1,
      "halstead_bugprop": 3.0438453762063893,
      "halstead_difficulty": 105.19642857142858,
      "halstead_effort": 960604.9881017058,
      "halstead_timerequired": 53366.9437834281,
      "halstead_volume": 9131.536128619167,
      "loc": 1,
      "operands_sum": 548,
      "operands_uniq": 112,
      "operators_sum": 707,
      "operators_uniq": 43
    },
    "mean": {
      "comment_ratio": 34.44824072409039,
      "cyclomatic_complexity": 19,
      "fanout_external": 12,
      "fanout_internal": 1,
      "halstead_bugprop": 3.0438453762063893,
      "halstead_difficulty": 105.19642857142858,
      "halstead_effort": 960604.9881017058,
      "halstead_timerequired": 53366.9437834281,
      "halstead_volume": 9131.536128619167,
      "loc": 1,
      "operands_sum": 548,
      "operands_uniq": 112,
      "operators_sum": 707,
      "operators_uniq": 43
    },
    "median": {
      "comment_ratio": 34.44824072409039,
      "cyclomatic_complexity": 19,
      "fanout_external": 12,
      "fanout_internal": 1,
      "halstead_bugprop": 3.0438453762063893,
      "halstead_difficulty": 105.19642857142858,
      "halstead_effort": 960604.9881017058,
      "halstead_timerequired": 53366.9437834281,
      "halstead_volume": 9131.536128619167,
      "loc": 1,
      "operands_sum": 548,
      "operands_uniq": 112,
      "operators_sum": 707,
      "operators_uniq": 43
    },
    "min": {
      "comment_ratio": 34.44824072409039,
      "cyclomatic_complexity": 19,
      "fanout_external": 12,
      "fanout_internal": 1,
      "halstead_bugprop": 3.0438453762063893,
      "halstead_difficulty": 105.19642857142858,
      "halstead_effort": 960604.9881017058,
      "halstead_timerequired": 53366.9437834281,
      "halstead_volume": 9131.536128619167,
      "loc": 1,
      "operands_sum": 548,
      "operands_uniq": 112,
      "operators_sum": 707,
      "operators_uniq": 43
    }
  }
}
