{
  "files": {
    "/Users/lorraynereis/Documents/PUC /Engenharia de Sofware/7 Peri\u0301odo/TCC 1/plf-es-2022-2-tcci-5308100-pes-lorrayne-reis/Instrumentos/Codigos/Collect-repositories/Repositories/Cloned-repositories/PythonRobotics/Localization/histogram_filter/histogram_filter.py": {
      "comment_ratio": 11.225914549008657,
      "cyclomatic_complexity": 13,
      "fanout_external": 10,
      "fanout_internal": 1,
      "halstead_bugprop": 3.5824835895820604,
      "halstead_difficulty": 73.81879194630872,
      "halstead_effort": 793363.8322512701,
      "halstead_timerequired": 44075.768458403894,
      "halstead_volume": 10747.450768746181,
      "lang": [
        "Python"
      ],
      "loc": 1,
      "operands_sum": 647,
      "operands_uniq": 149,
      "operators_sum": 783,
      "operators_uniq": 34
    }
  },
  "overall": {
    "comment_ratio": 11.225914549008657,
    "cyclomatic_complexity": 13,
    "fanout_external": 10,
    "fanout_internal": 1,
    "halstead_bugprop": 3.5824835895820604,
    "halstead_difficulty": 73.81879194630872,
    "halstead_effort": 793363.8322512701,
    "halstead_timerequired": 44075.768458403894,
    "halstead_volume": 10747.450768746181,
    "loc": 1,
    "maintainability_index": 100,
    "operands_sum": 647,
    "operands_uniq": 149,
    "operators_sum": 783,
    "operators_uniq": 34,
    "pylint": 100.0,
    "tiobe": 85.06153846153845,
    "tiobe_compiler": 100.0,
    "tiobe_complexity": 3.076923076923077,
    "tiobe_coverage": 100.0,
    "tiobe_duplication": 100.0,
    "tiobe_fanout": 92.0,
    "tiobe_functional": 100.0,
    "tiobe_security": 100.0,
    "tiobe_standard": 100.0
  },
  "stats": {
    "max": {
      "comment_ratio": 11.225914549008657,
      "cyclomatic_complexity": 13,
      "fanout_external": 10,
      "fanout_internal": 1,
      "halstead_bugprop": 3.5824835895820604,
      "halstead_difficulty": 73.81879194630872,
      "halstead_effort": 793363.8322512701,
      "halstead_timerequired": 44075.768458403894,
      "halstead_volume": 10747.450768746181,
      "loc": 1,
      "operands_sum": 647,
      "operands_uniq": 149,
      "operators_sum": 783,
      "operators_uniq": 34
    },
    "mean": {
      "comment_ratio": 11.225914549008657,
      "cyclomatic_complexity": 13,
      "fanout_external": 10,
      "fanout_internal": 1,
      "halstead_bugprop": 3.5824835895820604,
      "halstead_difficulty": 73.81879194630872,
      "halstead_effort": 793363.8322512701,
      "halstead_timerequired": 44075.768458403894,
      "halstead_volume": 10747.450768746181,
      "loc": 1,
      "operands_sum": 647,
      "operands_uniq": 149,
      "operators_sum": 783,
      "operators_uniq": 34
    },
    "median": {
      "comment_ratio": 11.225914549008657,
      "cyclomatic_complexity": 13,
      "fanout_external": 10,
      "fanout_internal": 1,
      "halstead_bugprop": 3.5824835895820604,
      "halstead_difficulty": 73.81879194630872,
      "halstead_effort": 793363.8322512701,
      "halstead_timerequired": 44075.768458403894,
      "halstead_volume": 10747.450768746181,
      "loc": 1,
      "operands_sum": 647,
      "operands_uniq": 149,
      "operators_sum": 783,
      "operators_uniq": 34
    },
    "min": {
      "comment_ratio": 11.225914549008657,
      "cyclomatic_complexity": 13,
      "fanout_external": 10,
      "fanout_internal": 1,
      "halstead_bugprop": 3.5824835895820604,
      "halstead_difficulty": 73.81879194630872,
      "halstead_effort": 793363.8322512701,
      "halstead_timerequired": 44075.768458403894,
      "halstead_volume": 10747.450768746181,
      "loc": 1,
      "operands_sum": 647,
      "operands_uniq": 149,
      "operators_sum": 783,
      "operators_uniq": 34
    }
  }
}
