{
  "files": {
    "/Users/lorraynereis/Documents/PUC /Engenharia de Sofware/7 Peri\u0301odo/TCC 1/plf-es-2022-2-tcci-5308100-pes-lorrayne-reis/Instrumentos/Codigos/Collect-repositories/Repositories/Cloned-repositories/Cam2BEV/preprocessing/homography_converter/homography_converter.py": {
      "comment_ratio": 33.33868378812199,
      "cyclomatic_complexity": 16,
      "fanout_external": 4,
      "fanout_internal": 0,
      "halstead_bugprop": 1.9556714961518522,
      "halstead_difficulty": 39.85333333333333,
      "halstead_effort": 233820.08407991545,
      "halstead_timerequired": 12990.004671106413,
      "halstead_volume": 5867.014488455557,
      "lang": [
        "Python"
      ],
      "loc": 1,
      "operands_sum": 427,
      "operands_uniq": 75,
      "operators_sum": 479,
      "operators_uniq": 14
    }
  },
  "overall": {
    "comment_ratio": 33.33868378812199,
    "cyclomatic_complexity": 16,
    "fanout_external": 4,
    "fanout_internal": 0,
    "halstead_bugprop": 1.9556714961518522,
    "halstead_difficulty": 39.85333333333333,
    "halstead_effort": 233820.08407991545,
    "halstead_timerequired": 12990.004671106413,
    "halstead_volume": 5867.014488455557,
    "loc": 1,
    "maintainability_index": 100,
    "operands_sum": 427,
    "operands_uniq": 75,
    "operators_sum": 479,
    "operators_uniq": 14,
    "pylint": 100.0,
    "tiobe": 85.24685008999742,
    "tiobe_compiler": 100.0,
    "tiobe_complexity": 1.6456672666495242,
    "tiobe_coverage": 100.0,
    "tiobe_duplication": 100.0,
    "tiobe_fanout": 100.0,
    "tiobe_functional": 100.0,
    "tiobe_security": 100.0,
    "tiobe_standard": 100.0
  },
  "stats": {
    "max": {
      "comment_ratio": 33.33868378812199,
      "cyclomatic_complexity": 16,
      "fanout_external": 4,
      "fanout_internal": 0,
      "halstead_bugprop": 1.9556714961518522,
      "halstead_difficulty": 39.85333333333333,
      "halstead_effort": 233820.08407991545,
      "halstead_timerequired": 12990.004671106413,
      "halstead_volume": 5867.014488455557,
      "loc": 1,
      "operands_sum": 427,
      "operands_uniq": 75,
      "operators_sum": 479,
      "operators_uniq": 14
    },
    "mean": {
      "comment_ratio": 33.33868378812199,
      "cyclomatic_complexity": 16,
      "fanout_external": 4,
      "fanout_internal": 0,
      "halstead_bugprop": 1.9556714961518522,
      "halstead_difficulty": 39.85333333333333,
      "halstead_effort": 233820.08407991545,
      "halstead_timerequired": 12990.004671106413,
      "halstead_volume": 5867.014488455557,
      "loc": 1,
      "operands_sum": 427,
      "operands_uniq": 75,
      "operators_sum": 479,
      "operators_uniq": 14
    },
    "median": {
      "comment_ratio": 33.33868378812199,
      "cyclomatic_complexity": 16,
      "fanout_external": 4,
      "fanout_internal": 0,
      "halstead_bugprop": 1.9556714961518522,
      "halstead_difficulty": 39.85333333333333,
      "halstead_effort": 233820.08407991545,
      "halstead_timerequired": 12990.004671106413,
      "halstead_volume": 5867.014488455557,
      "loc": 1,
      "operands_sum": 427,
      "operands_uniq": 75,
      "operators_sum": 479,
      "operators_uniq": 14
    },
    "min": {
      "comment_ratio": 33.33868378812199,
      "cyclomatic_complexity": 16,
      "fanout_external": 4,
      "fanout_internal": 0,
      "halstead_bugprop": 1.9556714961518522,
      "halstead_difficulty": 39.85333333333333,
      "halstead_effort": 233820.08407991545,
      "halstead_timerequired": 12990.004671106413,
      "halstead_volume": 5867.014488455557,
      "loc": 1,
      "operands_sum": 427,
      "operands_uniq": 75,
      "operators_sum": 479,
      "operators_uniq": 14
    }
  }
}
