{
  "files": {
    "/Users/lorraynereis/Documents/PUC /Engenharia de Sofware/7 Peri\u0301odo/TCC 1/plf-es-2022-2-tcci-5308100-pes-lorrayne-reis/Instrumentos/Codigos/Collect-repositories/Repositories/Cloned-repositories/pylot/pylot/planning/hybrid_astar/hybrid_astar_planner.py": {
      "comment_ratio": 19.93325917686318,
      "cyclomatic_complexity": 6,
      "fanout_external": 9,
      "fanout_internal": 1,
      "halstead_bugprop": 1.1813843987514958,
      "halstead_difficulty": 31.443037974683545,
      "halstead_effort": 111438.94353792592,
      "halstead_timerequired": 6191.052418773663,
      "halstead_volume": 3544.1531962544877,
      "lang": [
        "Python"
      ],
      "loc": 1,
      "operands_sum": 276,
      "operands_uniq": 79,
      "operators_sum": 261,
      "operators_uniq": 18
    }
  },
  "overall": {
    "comment_ratio": 19.93325917686318,
    "cyclomatic_complexity": 6,
    "fanout_external": 9,
    "fanout_internal": 1,
    "halstead_bugprop": 1.1813843987514958,
    "halstead_difficulty": 31.443037974683545,
    "halstead_effort": 111438.94353792592,
    "halstead_timerequired": 6191.052418773663,
    "halstead_volume": 3544.1531962544877,
    "loc": 1,
    "maintainability_index": 100,
    "operands_sum": 276,
    "operands_uniq": 79,
    "operators_sum": 261,
    "operators_uniq": 18,
    "pylint": 100.0,
    "tiobe": 88.71673640167364,
    "tiobe_compiler": 100.0,
    "tiobe_complexity": 26.778242677824267,
    "tiobe_coverage": 100.0,
    "tiobe_duplication": 100.0,
    "tiobe_fanout": 94.0,
    "tiobe_functional": 100.0,
    "tiobe_security": 100.0,
    "tiobe_standard": 100.0
  },
  "stats": {
    "max": {
      "comment_ratio": 19.93325917686318,
      "cyclomatic_complexity": 6,
      "fanout_external": 9,
      "fanout_internal": 1,
      "halstead_bugprop": 1.1813843987514958,
      "halstead_difficulty": 31.443037974683545,
      "halstead_effort": 111438.94353792592,
      "halstead_timerequired": 6191.052418773663,
      "halstead_volume": 3544.1531962544877,
      "loc": 1,
      "operands_sum": 276,
      "operands_uniq": 79,
      "operators_sum": 261,
      "operators_uniq": 18
    },
    "mean": {
      "comment_ratio": 19.93325917686318,
      "cyclomatic_complexity": 6,
      "fanout_external": 9,
      "fanout_internal": 1,
      "halstead_bugprop": 1.1813843987514958,
      "halstead_difficulty": 31.443037974683545,
      "halstead_effort": 111438.94353792592,
      "halstead_timerequired": 6191.052418773663,
      "halstead_volume": 3544.1531962544877,
      "loc": 1,
      "operands_sum": 276,
      "operands_uniq": 79,
      "operators_sum": 261,
      "operators_uniq": 18
    },
    "median": {
      "comment_ratio": 19.93325917686318,
      "cyclomatic_complexity": 6,
      "fanout_external": 9,
      "fanout_internal": 1,
      "halstead_bugprop": 1.1813843987514958,
      "halstead_difficulty": 31.443037974683545,
      "halstead_effort": 111438.94353792592,
      "halstead_timerequired": 6191.052418773663,
      "halstead_volume": 3544.1531962544877,
      "loc": 1,
      "operands_sum": 276,
      "operands_uniq": 79,
      "operators_sum": 261,
      "operators_uniq": 18
    },
    "min": {
      "comment_ratio": 19.93325917686318,
      "cyclomatic_complexity": 6,
      "fanout_external": 9,
      "fanout_internal": 1,
      "halstead_bugprop": 1.1813843987514958,
      "halstead_difficulty": 31.443037974683545,
      "halstead_effort": 111438.94353792592,
      "halstead_timerequired": 6191.052418773663,
      "halstead_volume": 3544.1531962544877,
      "loc": 1,
      "operands_sum": 276,
      "operands_uniq": 79,
      "operators_sum": 261,
      "operators_uniq": 18
    }
  }
}
