{
  "files": {
    "/Users/lorraynereis/Documents/PUC /Engenharia de Sofware/7 Peri\u0301odo/TCC 1/plf-es-2022-2-tcci-5308100-pes-lorrayne-reis/Instrumentos/Codigos/Collect-repositories/Repositories/Cloned-repositories/MotionPlanning/HybridAstarPlanner/hybrid_astar.py": {
      "comment_ratio": 5.066648056389141,
      "cyclomatic_complexity": 40,
      "fanout_external": 21,
      "fanout_internal": 1,
      "halstead_bugprop": 9.953516816719144,
      "halstead_difficulty": 141.26305970149255,
      "halstead_effort": 4218192.72096002,
      "halstead_timerequired": 234344.04005333444,
      "halstead_volume": 29860.550450157432,
      "lang": [
        "Python"
      ],
      "loc": 8,
      "operands_sum": 1611,
      "operands_uniq": 268,
      "operators_sum": 1987,
      "operators_uniq": 47
    }
  },
  "overall": {
    "comment_ratio": 5.066648056389141,
    "cyclomatic_complexity": 40,
    "fanout_external": 21,
    "fanout_internal": 1,
    "halstead_bugprop": 9.953516816719144,
    "halstead_difficulty": 141.26305970149255,
    "halstead_effort": 4218192.72096002,
    "halstead_timerequired": 234344.04005333444,
    "halstead_volume": 29860.550450157432,
    "loc": 8,
    "maintainability_index": 74.53072079728443,
    "operands_sum": 1611,
    "operands_uniq": 268,
    "operators_sum": 1987,
    "operators_uniq": 47,
    "pylint": 100.0,
    "tiobe": 83.51537845414498,
    "tiobe_compiler": 100.0,
    "tiobe_complexity": 0.10252302763315979,
    "tiobe_coverage": 100.0,
    "tiobe_duplication": 100.0,
    "tiobe_fanout": 70.0,
    "tiobe_functional": 100.0,
    "tiobe_security": 100.0,
    "tiobe_standard": 100.0
  },
  "stats": {
    "max": {
      "comment_ratio": 5.066648056389141,
      "cyclomatic_complexity": 40,
      "fanout_external": 21,
      "fanout_internal": 1,
      "halstead_bugprop": 9.953516816719144,
      "halstead_difficulty": 141.26305970149255,
      "halstead_effort": 4218192.72096002,
      "halstead_timerequired": 234344.04005333444,
      "halstead_volume": 29860.550450157432,
      "loc": 8,
      "operands_sum": 1611,
      "operands_uniq": 268,
      "operators_sum": 1987,
      "operators_uniq": 47
    },
    "mean": {
      "comment_ratio": 5.066648056389141,
      "cyclomatic_complexity": 40,
      "fanout_external": 21,
      "fanout_internal": 1,
      "halstead_bugprop": 9.953516816719144,
      "halstead_difficulty": 141.26305970149255,
      "halstead_effort": 4218192.72096002,
      "halstead_timerequired": 234344.04005333444,
      "halstead_volume": 29860.550450157432,
      "loc": 8,
      "operands_sum": 1611,
      "operands_uniq": 268,
      "operators_sum": 1987,
      "operators_uniq": 47
    },
    "median": {
      "comment_ratio": 5.066648056389141,
      "cyclomatic_complexity": 40,
      "fanout_external": 21,
      "fanout_internal": 1,
      "halstead_bugprop": 9.953516816719144,
      "halstead_difficulty": 141.26305970149255,
      "halstead_effort": 4218192.72096002,
      "halstead_timerequired": 234344.04005333444,
      "halstead_volume": 29860.550450157432,
      "loc": 8,
      "operands_sum": 1611,
      "operands_uniq": 268,
      "operators_sum": 1987,
      "operators_uniq": 47
    },
    "min": {
      "comment_ratio": 5.066648056389141,
      "cyclomatic_complexity": 40,
      "fanout_external": 21,
      "fanout_internal": 1,
      "halstead_bugprop": 9.953516816719144,
      "halstead_difficulty": 141.26305970149255,
      "halstead_effort": 4218192.72096002,
      "halstead_timerequired": 234344.04005333444,
      "halstead_volume": 29860.550450157432,
      "loc": 8,
      "operands_sum": 1611,
      "operands_uniq": 268,
      "operators_sum": 1987,
      "operators_uniq": 47
    }
  }
}
