{
  "files": {
    "/Users/lorraynereis/Documents/PUC /Engenharia de Sofware/7 Peri\u0301odo/TCC 1/plf-es-2022-2-tcci-5308100-pes-lorrayne-reis/Instrumentos/Codigos/Collect-repositories/Repositories/Cloned-repositories/PythonRobotics/PathPlanning/HybridAStar/hybrid_a_star.py": {
      "comment_ratio": 5.907467784505512,
      "cyclomatic_complexity": 37,
      "fanout_external": 14,
      "fanout_internal": 1,
      "halstead_bugprop": 6.624947921762651,
      "halstead_difficulty": 99.03508771929825,
      "halstead_effort": 1968306.89570264,
      "halstead_timerequired": 109350.38309459112,
      "halstead_volume": 19874.84376528795,
      "lang": [
        "Python"
      ],
      "loc": 6,
      "operands_sum": 1129,
      "operands_uniq": 228,
      "operators_sum": 1335,
      "operators_uniq": 40
    }
  },
  "overall": {
    "comment_ratio": 5.907467784505512,
    "cyclomatic_complexity": 37,
    "fanout_external": 14,
    "fanout_internal": 1,
    "halstead_bugprop": 6.624947921762651,
    "halstead_difficulty": 99.03508771929825,
    "halstead_effort": 1968306.89570264,
    "halstead_timerequired": 109350.38309459112,
    "halstead_volume": 19874.84376528795,
    "loc": 6,
    "maintainability_index": 81.99800418965228,
    "operands_sum": 1129,
    "operands_uniq": 228,
    "operators_sum": 1335,
    "operators_uniq": 40,
    "pylint": 100.0,
    "tiobe": 84.21946787800131,
    "tiobe_compiler": 100.0,
    "tiobe_complexity": 0.12978585334198572,
    "tiobe_coverage": 100.0,
    "tiobe_duplication": 100.0,
    "tiobe_fanout": 84.0,
    "tiobe_functional": 100.0,
    "tiobe_security": 100.0,
    "tiobe_standard": 100.0
  },
  "stats": {
    "max": {
      "comment_ratio": 5.907467784505512,
      "cyclomatic_complexity": 37,
      "fanout_external": 14,
      "fanout_internal": 1,
      "halstead_bugprop": 6.624947921762651,
      "halstead_difficulty": 99.03508771929825,
      "halstead_effort": 1968306.89570264,
      "halstead_timerequired": 109350.38309459112,
      "halstead_volume": 19874.84376528795,
      "loc": 6,
      "operands_sum": 1129,
      "operands_uniq": 228,
      "operators_sum": 1335,
      "operators_uniq": 40
    },
    "mean": {
      "comment_ratio": 5.907467784505512,
      "cyclomatic_complexity": 37,
      "fanout_external": 14,
      "fanout_internal": 1,
      "halstead_bugprop": 6.624947921762651,
      "halstead_difficulty": 99.03508771929825,
      "halstead_effort": 1968306.89570264,
      "halstead_timerequired": 109350.38309459112,
      "halstead_volume": 19874.84376528795,
      "loc": 6,
      "operands_sum": 1129,
      "operands_uniq": 228,
      "operators_sum": 1335,
      "operators_uniq": 40
    },
    "median": {
      "comment_ratio": 5.907467784505512,
      "cyclomatic_complexity": 37,
      "fanout_external": 14,
      "fanout_internal": 1,
      "halstead_bugprop": 6.624947921762651,
      "halstead_difficulty": 99.03508771929825,
      "halstead_effort": 1968306.89570264,
      "halstead_timerequired": 109350.38309459112,
      "halstead_volume": 19874.84376528795,
      "loc": 6,
      "operands_sum": 1129,
      "operands_uniq": 228,
      "operators_sum": 1335,
      "operators_uniq": 40
    },
    "min": {
      "comment_ratio": 5.907467784505512,
      "cyclomatic_complexity": 37,
      "fanout_external": 14,
      "fanout_internal": 1,
      "halstead_bugprop": 6.624947921762651,
      "halstead_difficulty": 99.03508771929825,
      "halstead_effort": 1968306.89570264,
      "halstead_timerequired": 109350.38309459112,
      "halstead_volume": 19874.84376528795,
      "loc": 6,
      "operands_sum": 1129,
      "operands_uniq": 228,
      "operators_sum": 1335,
      "operators_uniq": 40
    }
  }
}
