{
  "files": {
    "/Users/lorraynereis/Documents/PUC /Engenharia de Sofware/7 Peri\u0301odo/TCC 1/plf-es-2022-2-tcci-5308100-pes-lorrayne-reis/Instrumentos/Codigos/Collect-repositories/Repositories/Cloned-repositories/MotionPlanning/HybridAstarPlanner/hybrid_astar_with_trailer.py": {
      "comment_ratio": 8.836196696483507,
      "cyclomatic_complexity": 60,
      "fanout_external": 20,
      "fanout_internal": 1,
      "halstead_bugprop": 15.204491501805686,
      "halstead_difficulty": 186.99059561128527,
      "halstead_effort": 8529290.76566811,
      "halstead_timerequired": 473849.4869815617,
      "halstead_volume": 45613.474505417056,
      "lang": [
        "Python"
      ],
      "loc": 12,
      "operands_sum": 2386,
      "operands_uniq": 319,
      "operators_sum": 2963,
      "operators_uniq": 50
    }
  },
  "overall": {
    "comment_ratio": 8.836196696483507,
    "cyclomatic_complexity": 60,
    "fanout_external": 20,
    "fanout_internal": 1,
    "halstead_bugprop": 15.204491501805686,
    "halstead_difficulty": 186.99059561128527,
    "halstead_effort": 8529290.76566811,
    "halstead_timerequired": 473849.4869815617,
    "halstead_volume": 45613.474505417056,
    "loc": 12,
    "maintainability_index": 61.15912835739232,
    "operands_sum": 2386,
    "operands_uniq": 319,
    "operators_sum": 2963,
    "operators_uniq": 50,
    "pylint": 100.0,
    "tiobe": 83.6045196676161,
    "tiobe_compiler": 100.0,
    "tiobe_complexity": 0.030131117440738212,
    "tiobe_coverage": 100.0,
    "tiobe_duplication": 100.0,
    "tiobe_fanout": 72.0,
    "tiobe_functional": 100.0,
    "tiobe_security": 100.0,
    "tiobe_standard": 100.0
  },
  "stats": {
    "max": {
      "comment_ratio": 8.836196696483507,
      "cyclomatic_complexity": 60,
      "fanout_external": 20,
      "fanout_internal": 1,
      "halstead_bugprop": 15.204491501805686,
      "halstead_difficulty": 186.99059561128527,
      "halstead_effort": 8529290.76566811,
      "halstead_timerequired": 473849.4869815617,
      "halstead_volume": 45613.474505417056,
      "loc": 12,
      "operands_sum": 2386,
      "operands_uniq": 319,
      "operators_sum": 2963,
      "operators_uniq": 50
    },
    "mean": {
      "comment_ratio": 8.836196696483507,
      "cyclomatic_complexity": 60,
      "fanout_external": 20,
      "fanout_internal": 1,
      "halstead_bugprop": 15.204491501805686,
      "halstead_difficulty": 186.99059561128527,
      "halstead_effort": 8529290.76566811,
      "halstead_timerequired": 473849.4869815617,
      "halstead_volume": 45613.474505417056,
      "loc": 12,
      "operands_sum": 2386,
      "operands_uniq": 319,
      "operators_sum": 2963,
      "operators_uniq": 50
    },
    "median": {
      "comment_ratio": 8.836196696483507,
      "cyclomatic_complexity": 60,
      "fanout_external": 20,
      "fanout_internal": 1,
      "halstead_bugprop": 15.204491501805686,
      "halstead_difficulty": 186.99059561128527,
      "halstead_effort": 8529290.76566811,
      "halstead_timerequired": 473849.4869815617,
      "halstead_volume": 45613.474505417056,
      "loc": 12,
      "operands_sum": 2386,
      "operands_uniq": 319,
      "operators_sum": 2963,
      "operators_uniq": 50
    },
    "min": {
      "comment_ratio": 8.836196696483507,
      "cyclomatic_complexity": 60,
      "fanout_external": 20,
      "fanout_internal": 1,
      "halstead_bugprop": 15.204491501805686,
      "halstead_difficulty": 186.99059561128527,
      "halstead_effort": 8529290.76566811,
      "halstead_timerequired": 473849.4869815617,
      "halstead_volume": 45613.474505417056,
      "loc": 12,
      "operands_sum": 2386,
      "operands_uniq": 319,
      "operators_sum": 2963,
      "operators_uniq": 50
    }
  }
}
