{
  "files": {
    "/Users/lorraynereis/Documents/PUC /Engenharia de Sofware/7 Peri\u0301odo/TCC 1/plf-es-2022-2-tcci-5308100-pes-lorrayne-reis/Instrumentos/Codigos/Collect-repositories/Repositories/Cloned-repositories/l5kit/l5kit/l5kit/geometry/image.py": {
      "comment_ratio": 41.99288256227758,
      "cyclomatic_complexity": 1,
      "fanout_external": 3,
      "fanout_internal": 0,
      "halstead_bugprop": 0.23440742893381347,
      "halstead_difficulty": 13.384615384615385,
      "halstead_effort": 9412.359838726972,
      "halstead_timerequired": 522.9088799292763,
      "halstead_volume": 703.2222868014404,
      "lang": [
        "Python"
      ],
      "loc": 1,
      "operands_sum": 58,
      "operands_uniq": 26,
      "operators_sum": 76,
      "operators_uniq": 12
    }
  },
  "overall": {
    "comment_ratio": 41.99288256227758,
    "cyclomatic_complexity": 1,
    "fanout_external": 3,
    "fanout_internal": 0,
    "halstead_bugprop": 0.23440742893381347,
    "halstead_difficulty": 13.384615384615385,
    "halstead_effort": 9412.359838726972,
    "halstead_timerequired": 522.9088799292763,
    "halstead_volume": 703.2222868014404,
    "loc": 1,
    "maintainability_index": 100,
    "operands_sum": 58,
    "operands_uniq": 26,
    "operators_sum": 76,
    "operators_uniq": 12,
    "pylint": 100.0,
    "tiobe": 100.0,
    "tiobe_compiler": 100.0,
    "tiobe_complexity": 100.0,
    "tiobe_coverage": 100.0,
    "tiobe_duplication": 100.0,
    "tiobe_fanout": 100.0,
    "tiobe_functional": 100.0,
    "tiobe_security": 100.0,
    "tiobe_standard": 100.0
  },
  "stats": {
    "max": {
      "comment_ratio": 41.99288256227758,
      "cyclomatic_complexity": 1,
      "fanout_external": 3,
      "fanout_internal": 0,
      "halstead_bugprop": 0.23440742893381347,
      "halstead_difficulty": 13.384615384615385,
      "halstead_effort": 9412.359838726972,
      "halstead_timerequired": 522.9088799292763,
      "halstead_volume": 703.2222868014404,
      "loc": 1,
      "operands_sum": 58,
      "operands_uniq": 26,
      "operators_sum": 76,
      "operators_uniq": 12
    },
    "mean": {
      "comment_ratio": 41.99288256227758,
      "cyclomatic_complexity": 1,
      "fanout_external": 3,
      "fanout_internal": 0,
      "halstead_bugprop": 0.23440742893381347,
      "halstead_difficulty": 13.384615384615385,
      "halstead_effort": 9412.359838726972,
      "halstead_timerequired": 522.9088799292763,
      "halstead_volume": 703.2222868014404,
      "loc": 1,
      "operands_sum": 58,
      "operands_uniq": 26,
      "operators_sum": 76,
      "operators_uniq": 12
    },
    "median": {
      "comment_ratio": 41.99288256227758,
      "cyclomatic_complexity": 1,
      "fanout_external": 3,
      "fanout_internal": 0,
      "halstead_bugprop": 0.23440742893381347,
      "halstead_difficulty": 13.384615384615385,
      "halstead_effort": 9412.359838726972,
      "halstead_timerequired": 522.9088799292763,
      "halstead_volume": 703.2222868014404,
      "loc": 1,
      "operands_sum": 58,
      "operands_uniq": 26,
      "operators_sum": 76,
      "operators_uniq": 12
    },
    "min": {
      "comment_ratio": 41.99288256227758,
      "cyclomatic_complexity": 1,
      "fanout_external": 3,
      "fanout_internal": 0,
      "halstead_bugprop": 0.23440742893381347,
      "halstead_difficulty": 13.384615384615385,
      "halstead_effort": 9412.359838726972,
      "halstead_timerequired": 522.9088799292763,
      "halstead_volume": 703.2222868014404,
      "loc": 1,
      "operands_sum": 58,
      "operands_uniq": 26,
      "operators_sum": 76,
      "operators_uniq": 12
    }
  }
}
