{
  "files": {
    "/Users/lorraynereis/Documents/PUC /Engenharia de Sofware/7 Peri\u0301odo/TCC 1/plf-es-2022-2-tcci-5308100-pes-lorrayne-reis/Instrumentos/Codigos/Collect-repositories/Repositories/Cloned-repositories/l5kit/l5kit/l5kit/tests/geometry/image_test.py": {
      "comment_ratio": 32.10526315789474,
      "cyclomatic_complexity": 0,
      "fanout_external": 4,
      "fanout_internal": 1,
      "halstead_bugprop": 0.20517132067779864,
      "halstead_difficulty": 13.886363636363635,
      "halstead_effort": 8547.250700054656,
      "halstead_timerequired": 474.84726111414756,
      "halstead_volume": 615.513962033396,
      "lang": [
        "Python"
      ],
      "loc": 1,
      "operands_sum": 47,
      "operands_uniq": 22,
      "operators_sum": 73,
      "operators_uniq": 13
    }
  },
  "overall": {
    "comment_ratio": 32.10526315789474,
    "cyclomatic_complexity": 0,
    "fanout_external": 4,
    "fanout_internal": 1,
    "halstead_bugprop": 0.20517132067779864,
    "halstead_difficulty": 13.886363636363635,
    "halstead_effort": 8547.250700054656,
    "halstead_timerequired": 474.84726111414756,
    "halstead_volume": 615.513962033396,
    "loc": 1,
    "maintainability_index": 100,
    "operands_sum": 47,
    "operands_uniq": 22,
    "operators_sum": 73,
    "operators_uniq": 13,
    "pylint": 100.0,
    "tiobe": 99.76923076923077,
    "tiobe_compiler": 100.0,
    "tiobe_complexity": 98.46153846153847,
    "tiobe_coverage": 100.0,
    "tiobe_duplication": 100.0,
    "tiobe_fanout": 100.0,
    "tiobe_functional": 100.0,
    "tiobe_security": 100.0,
    "tiobe_standard": 100.0
  },
  "stats": {
    "max": {
      "comment_ratio": 32.10526315789474,
      "cyclomatic_complexity": 0,
      "fanout_external": 4,
      "fanout_internal": 1,
      "halstead_bugprop": 0.20517132067779864,
      "halstead_difficulty": 13.886363636363635,
      "halstead_effort": 8547.250700054656,
      "halstead_timerequired": 474.84726111414756,
      "halstead_volume": 615.513962033396,
      "loc": 1,
      "operands_sum": 47,
      "operands_uniq": 22,
      "operators_sum": 73,
      "operators_uniq": 13
    },
    "mean": {
      "comment_ratio": 32.10526315789474,
      "cyclomatic_complexity": 0,
      "fanout_external": 4,
      "fanout_internal": 1,
      "halstead_bugprop": 0.20517132067779864,
      "halstead_difficulty": 13.886363636363635,
      "halstead_effort": 8547.250700054656,
      "halstead_timerequired": 474.84726111414756,
      "halstead_volume": 615.513962033396,
      "loc": 1,
      "operands_sum": 47,
      "operands_uniq": 22,
      "operators_sum": 73,
      "operators_uniq": 13
    },
    "median": {
      "comment_ratio": 32.10526315789474,
      "cyclomatic_complexity": 0,
      "fanout_external": 4,
      "fanout_internal": 1,
      "halstead_bugprop": 0.20517132067779864,
      "halstead_difficulty": 13.886363636363635,
      "halstead_effort": 8547.250700054656,
      "halstead_timerequired": 474.84726111414756,
      "halstead_volume": 615.513962033396,
      "loc": 1,
      "operands_sum": 47,
      "operands_uniq": 22,
      "operators_sum": 73,
      "operators_uniq": 13
    },
    "min": {
      "comment_ratio": 32.10526315789474,
      "cyclomatic_complexity": 0,
      "fanout_external": 4,
      "fanout_internal": 1,
      "halstead_bugprop": 0.20517132067779864,
      "halstead_difficulty": 13.886363636363635,
      "halstead_effort": 8547.250700054656,
      "halstead_timerequired": 474.84726111414756,
      "halstead_volume": 615.513962033396,
      "loc": 1,
      "operands_sum": 47,
      "operands_uniq": 22,
      "operators_sum": 73,
      "operators_uniq": 13
    }
  }
}
