{
  "files": {
    "/Users/lorraynereis/Documents/PUC /Engenharia de Sofware/7 Peri\u0301odo/TCC 1/plf-es-2022-2-tcci-5308100-pes-lorrayne-reis/Instrumentos/Codigos/Collect-repositories/Repositories/Cloned-repositories/SqueezeSeg/src/imdb/imdb.py": {
      "comment_ratio": 24.649532710280372,
      "cyclomatic_complexity": 8,
      "fanout_external": 7,
      "fanout_internal": 1,
      "halstead_bugprop": 1.1220069399170587,
      "halstead_difficulty": 48.80701754385965,
      "halstead_effort": 164285.4372025925,
      "halstead_timerequired": 9126.96873347736,
      "halstead_volume": 3366.020819751176,
      "lang": [
        "Python"
      ],
      "loc": 2,
      "operands_sum": 214,
      "operands_uniq": 57,
      "operators_sum": 314,
      "operators_uniq": 26
    }
  },
  "overall": {
    "comment_ratio": 24.649532710280372,
    "cyclomatic_complexity": 8,
    "fanout_external": 7,
    "fanout_internal": 1,
    "halstead_bugprop": 1.1220069399170587,
    "halstead_difficulty": 48.80701754385965,
    "halstead_effort": 164285.4372025925,
    "halstead_timerequired": 9126.96873347736,
    "halstead_volume": 3366.020819751176,
    "loc": 2,
    "maintainability_index": 100,
    "operands_sum": 214,
    "operands_uniq": 57,
    "operators_sum": 314,
    "operators_uniq": 26,
    "pylint": 100.0,
    "tiobe": 86.80099009900991,
    "tiobe_compiler": 100.0,
    "tiobe_complexity": 12.673267326732674,
    "tiobe_coverage": 100.0,
    "tiobe_duplication": 100.0,
    "tiobe_fanout": 98.0,
    "tiobe_functional": 100.0,
    "tiobe_security": 100.0,
    "tiobe_standard": 100.0
  },
  "stats": {
    "max": {
      "comment_ratio": 24.649532710280372,
      "cyclomatic_complexity": 8,
      "fanout_external": 7,
      "fanout_internal": 1,
      "halstead_bugprop": 1.1220069399170587,
      "halstead_difficulty": 48.80701754385965,
      "halstead_effort": 164285.4372025925,
      "halstead_timerequired": 9126.96873347736,
      "halstead_volume": 3366.020819751176,
      "loc": 2,
      "operands_sum": 214,
      "operands_uniq": 57,
      "operators_sum": 314,
      "operators_uniq": 26
    },
    "mean": {
      "comment_ratio": 24.649532710280372,
      "cyclomatic_complexity": 8,
      "fanout_external": 7,
      "fanout_internal": 1,
      "halstead_bugprop": 1.1220069399170587,
      "halstead_difficulty": 48.80701754385965,
      "halstead_effort": 164285.4372025925,
      "halstead_timerequired": 9126.96873347736,
      "halstead_volume": 3366.020819751176,
      "loc": 2,
      "operands_sum": 214,
      "operands_uniq": 57,
      "operators_sum": 314,
      "operators_uniq": 26
    },
    "median": {
      "comment_ratio": 24.649532710280372,
      "cyclomatic_complexity": 8,
      "fanout_external": 7,
      "fanout_internal": 1,
      "halstead_bugprop": 1.1220069399170587,
      "halstead_difficulty": 48.80701754385965,
      "halstead_effort": 164285.4372025925,
      "halstead_timerequired": 9126.96873347736,
      "halstead_volume": 3366.020819751176,
      "loc": 2,
      "operands_sum": 214,
      "operands_uniq": 57,
      "operators_sum": 314,
      "operators_uniq": 26
    },
    "min": {
      "comment_ratio": 24.649532710280372,
      "cyclomatic_complexity": 8,
      "fanout_external": 7,
      "fanout_internal": 1,
      "halstead_bugprop": 1.1220069399170587,
      "halstead_difficulty": 48.80701754385965,
      "halstead_effort": 164285.4372025925,
      "halstead_timerequired": 9126.96873347736,
      "halstead_volume": 3366.020819751176,
      "loc": 2,
      "operands_sum": 214,
      "operands_uniq": 57,
      "operators_sum": 314,
      "operators_uniq": 26
    }
  }
}
