{
  "files": {
    "/Users/lorraynereis/Documents/PUC /Engenharia de Sofware/7 Peri\u0301odo/TCC 1/plf-es-2022-2-tcci-5308100-pes-lorrayne-reis/Instrumentos/Codigos/Collect-repositories/Repositories/Cloned-repositories/pylot/pylot/loggers/imu_logger_operator.py": {
      "comment_ratio": 37.76362912853163,
      "cyclomatic_complexity": 0,
      "fanout_external": 3,
      "fanout_internal": 0,
      "halstead_bugprop": 0.5379981912972086,
      "halstead_difficulty": 26.021739130434785,
      "halstead_effort": 41998.94575974513,
      "halstead_timerequired": 2333.2747644302854,
      "halstead_volume": 1613.9945738916258,
      "lang": [
        "Python"
      ],
      "loc": 1,
      "operands_sum": 126,
      "operands_uniq": 46,
      "operators_sum": 142,
      "operators_uniq": 19
    }
  },
  "overall": {
    "comment_ratio": 37.76362912853163,
    "cyclomatic_complexity": 0,
    "fanout_external": 3,
    "fanout_internal": 0,
    "halstead_bugprop": 0.5379981912972086,
    "halstead_difficulty": 26.021739130434785,
    "halstead_effort": 41998.94575974513,
    "halstead_timerequired": 2333.2747644302854,
    "halstead_volume": 1613.9945738916258,
    "loc": 1,
    "maintainability_index": 100,
    "operands_sum": 126,
    "operands_uniq": 46,
    "operators_sum": 142,
    "operators_uniq": 19,
    "pylint": 100.0,
    "tiobe": 99.76923076923077,
    "tiobe_compiler": 100.0,
    "tiobe_complexity": 98.46153846153847,
    "tiobe_coverage": 100.0,
    "tiobe_duplication": 100.0,
    "tiobe_fanout": 100.0,
    "tiobe_functional": 100.0,
    "tiobe_security": 100.0,
    "tiobe_standard": 100.0
  },
  "stats": {
    "max": {
      "comment_ratio": 37.76362912853163,
      "cyclomatic_complexity": 0,
      "fanout_external": 3,
      "fanout_internal": 0,
      "halstead_bugprop": 0.5379981912972086,
      "halstead_difficulty": 26.021739130434785,
      "halstead_effort": 41998.94575974513,
      "halstead_timerequired": 2333.2747644302854,
      "halstead_volume": 1613.9945738916258,
      "loc": 1,
      "operands_sum": 126,
      "operands_uniq": 46,
      "operators_sum": 142,
      "operators_uniq": 19
    },
    "mean": {
      "comment_ratio": 37.76362912853163,
      "cyclomatic_complexity": 0,
      "fanout_external": 3,
      "fanout_internal": 0,
      "halstead_bugprop": 0.5379981912972086,
      "halstead_difficulty": 26.021739130434785,
      "halstead_effort": 41998.94575974513,
      "halstead_timerequired": 2333.2747644302854,
      "halstead_volume": 1613.9945738916258,
      "loc": 1,
      "operands_sum": 126,
      "operands_uniq": 46,
      "operators_sum": 142,
      "operators_uniq": 19
    },
    "median": {
      "comment_ratio": 37.76362912853163,
      "cyclomatic_complexity": 0,
      "fanout_external": 3,
      "fanout_internal": 0,
      "halstead_bugprop": 0.5379981912972086,
      "halstead_difficulty": 26.021739130434785,
      "halstead_effort": 41998.94575974513,
      "halstead_timerequired": 2333.2747644302854,
      "halstead_volume": 1613.9945738916258,
      "loc": 1,
      "operands_sum": 126,
      "operands_uniq": 46,
      "operators_sum": 142,
      "operators_uniq": 19
    },
    "min": {
      "comment_ratio": 37.76362912853163,
      "cyclomatic_complexity": 0,
      "fanout_external": 3,
      "fanout_internal": 0,
      "halstead_bugprop": 0.5379981912972086,
      "halstead_difficulty": 26.021739130434785,
      "halstead_effort": 41998.94575974513,
      "halstead_timerequired": 2333.2747644302854,
      "halstead_volume": 1613.9945738916258,
      "loc": 1,
      "operands_sum": 126,
      "operands_uniq": 46,
      "operators_sum": 142,
      "operators_uniq": 19
    }
  }
}
