{
  "files": {
    "/Users/lorraynereis/Documents/PUC /Engenharia de Sofware/7 Peri\u0301odo/TCC 1/plf-es-2022-2-tcci-5308100-pes-lorrayne-reis/Instrumentos/Codigos/Collect-repositories/Repositories/Cloned-repositories/PythonRobotics/PathPlanning/InformedRRTStar/informed_rrt_star.py": {
      "comment_ratio": 9.130686039791959,
      "cyclomatic_complexity": 25,
      "fanout_external": 12,
      "fanout_internal": 1,
      "halstead_bugprop": 6.42438133625642,
      "halstead_difficulty": 119.17587939698493,
      "halstead_effort": 2296893.885989808,
      "halstead_timerequired": 127605.21588832267,
      "halstead_volume": 19273.14400876926,
      "lang": [
        "Python"
      ],
      "loc": 1,
      "operands_sum": 1078,
      "operands_uniq": 199,
      "operators_sum": 1354,
      "operators_uniq": 44
    }
  },
  "overall": {
    "comment_ratio": 9.130686039791959,
    "cyclomatic_complexity": 25,
    "fanout_external": 12,
    "fanout_internal": 1,
    "halstead_bugprop": 6.42438133625642,
    "halstead_difficulty": 119.17587939698493,
    "halstead_effort": 2296893.885989808,
    "halstead_timerequired": 127605.21588832267,
    "halstead_volume": 19273.14400876926,
    "loc": 1,
    "maintainability_index": 100,
    "operands_sum": 1078,
    "operands_uniq": 199,
    "operators_sum": 1354,
    "operators_uniq": 44,
    "pylint": 100.0,
    "tiobe": 84.46382978723405,
    "tiobe_compiler": 100.0,
    "tiobe_complexity": 0.425531914893617,
    "tiobe_coverage": 100.0,
    "tiobe_duplication": 100.0,
    "tiobe_fanout": 88.0,
    "tiobe_functional": 100.0,
    "tiobe_security": 100.0,
    "tiobe_standard": 100.0
  },
  "stats": {
    "max": {
      "comment_ratio": 9.130686039791959,
      "cyclomatic_complexity": 25,
      "fanout_external": 12,
      "fanout_internal": 1,
      "halstead_bugprop": 6.42438133625642,
      "halstead_difficulty": 119.17587939698493,
      "halstead_effort": 2296893.885989808,
      "halstead_timerequired": 127605.21588832267,
      "halstead_volume": 19273.14400876926,
      "loc": 1,
      "operands_sum": 1078,
      "operands_uniq": 199,
      "operators_sum": 1354,
      "operators_uniq": 44
    },
    "mean": {
      "comment_ratio": 9.130686039791959,
      "cyclomatic_complexity": 25,
      "fanout_external": 12,
      "fanout_internal": 1,
      "halstead_bugprop": 6.42438133625642,
      "halstead_difficulty": 119.17587939698493,
      "halstead_effort": 2296893.885989808,
      "halstead_timerequired": 127605.21588832267,
      "halstead_volume": 19273.14400876926,
      "loc": 1,
      "operands_sum": 1078,
      "operands_uniq": 199,
      "operators_sum": 1354,
      "operators_uniq": 44
    },
    "median": {
      "comment_ratio": 9.130686039791959,
      "cyclomatic_complexity": 25,
      "fanout_external": 12,
      "fanout_internal": 1,
      "halstead_bugprop": 6.42438133625642,
      "halstead_difficulty": 119.17587939698493,
      "halstead_effort": 2296893.885989808,
      "halstead_timerequired": 127605.21588832267,
      "halstead_volume": 19273.14400876926,
      "loc": 1,
      "operands_sum": 1078,
      "operands_uniq": 199,
      "operators_sum": 1354,
      "operators_uniq": 44
    },
    "min": {
      "comment_ratio": 9.130686039791959,
      "cyclomatic_complexity": 25,
      "fanout_external": 12,
      "fanout_internal": 1,
      "halstead_bugprop": 6.42438133625642,
      "halstead_difficulty": 119.17587939698493,
      "halstead_effort": 2296893.885989808,
      "halstead_timerequired": 127605.21588832267,
      "halstead_volume": 19273.14400876926,
      "loc": 1,
      "operands_sum": 1078,
      "operands_uniq": 199,
      "operators_sum": 1354,
      "operators_uniq": 44
    }
  }
}
