{
  "files": {
    "/Users/lorraynereis/Documents/PUC /Engenharia de Sofware/7 Peri\u0301odo/TCC 1/plf-es-2022-2-tcci-5308100-pes-lorrayne-reis/Instrumentos/Codigos/Collect-repositories/Repositories/Cloned-repositories/VoxFormer/preprocess/label/io_data.py": {
      "comment_ratio": 33.19788703778951,
      "cyclomatic_complexity": 0,
      "fanout_external": 4,
      "fanout_internal": 0,
      "halstead_bugprop": 3.139556724044274,
      "halstead_difficulty": 89.61467889908258,
      "halstead_effort": 844051.1031320498,
      "halstead_timerequired": 46891.727951780544,
      "halstead_volume": 9418.670172132823,
      "lang": [
        "Python"
      ],
      "loc": 1,
      "operands_sum": 528,
      "operands_uniq": 109,
      "operators_sum": 782,
      "operators_uniq": 37
    }
  },
  "overall": {
    "comment_ratio": 33.19788703778951,
    "cyclomatic_complexity": 0,
    "fanout_external": 4,
    "fanout_internal": 0,
    "halstead_bugprop": 3.139556724044274,
    "halstead_difficulty": 89.61467889908258,
    "halstead_effort": 844051.1031320498,
    "halstead_timerequired": 46891.727951780544,
    "halstead_volume": 9418.670172132823,
    "loc": 1,
    "maintainability_index": 100,
    "operands_sum": 528,
    "operands_uniq": 109,
    "operators_sum": 782,
    "operators_uniq": 37,
    "pylint": 100.0,
    "tiobe": 99.76923076923077,
    "tiobe_compiler": 100.0,
    "tiobe_complexity": 98.46153846153847,
    "tiobe_coverage": 100.0,
    "tiobe_duplication": 100.0,
    "tiobe_fanout": 100.0,
    "tiobe_functional": 100.0,
    "tiobe_security": 100.0,
    "tiobe_standard": 100.0
  },
  "stats": {
    "max": {
      "comment_ratio": 33.19788703778951,
      "cyclomatic_complexity": 0,
      "fanout_external": 4,
      "fanout_internal": 0,
      "halstead_bugprop": 3.139556724044274,
      "halstead_difficulty": 89.61467889908258,
      "halstead_effort": 844051.1031320498,
      "halstead_timerequired": 46891.727951780544,
      "halstead_volume": 9418.670172132823,
      "loc": 1,
      "operands_sum": 528,
      "operands_uniq": 109,
      "operators_sum": 782,
      "operators_uniq": 37
    },
    "mean": {
      "comment_ratio": 33.19788703778951,
      "cyclomatic_complexity": 0,
      "fanout_external": 4,
      "fanout_internal": 0,
      "halstead_bugprop": 3.139556724044274,
      "halstead_difficulty": 89.61467889908258,
      "halstead_effort": 844051.1031320498,
      "halstead_timerequired": 46891.727951780544,
      "halstead_volume": 9418.670172132823,
      "loc": 1,
      "operands_sum": 528,
      "operands_uniq": 109,
      "operators_sum": 782,
      "operators_uniq": 37
    },
    "median": {
      "comment_ratio": 33.19788703778951,
      "cyclomatic_complexity": 0,
      "fanout_external": 4,
      "fanout_internal": 0,
      "halstead_bugprop": 3.139556724044274,
      "halstead_difficulty": 89.61467889908258,
      "halstead_effort": 844051.1031320498,
      "halstead_timerequired": 46891.727951780544,
      "halstead_volume": 9418.670172132823,
      "loc": 1,
      "operands_sum": 528,
      "operands_uniq": 109,
      "operators_sum": 782,
      "operators_uniq": 37
    },
    "min": {
      "comment_ratio": 33.19788703778951,
      "cyclomatic_complexity": 0,
      "fanout_external": 4,
      "fanout_internal": 0,
      "halstead_bugprop": 3.139556724044274,
      "halstead_difficulty": 89.61467889908258,
      "halstead_effort": 844051.1031320498,
      "halstead_timerequired": 46891.727951780544,
      "halstead_volume": 9418.670172132823,
      "loc": 1,
      "operands_sum": 528,
      "operands_uniq": 109,
      "operators_sum": 782,
      "operators_uniq": 37
    }
  }
}
