{
  "files": {
    "/Users/lorraynereis/Documents/PUC /Engenharia de Sofware/7 Peri\u0301odo/TCC 1/plf-es-2022-2-tcci-5308100-pes-lorrayne-reis/Instrumentos/Codigos/Collect-repositories/Repositories/Cloned-repositories/Cam2BEV/preprocessing/ipm/ipm.py": {
      "comment_ratio": 26.307551845571933,
      "cyclomatic_complexity": 36,
      "fanout_external": 8,
      "fanout_internal": 0,
      "halstead_bugprop": 4.337748464173729,
      "halstead_difficulty": 51.230769230769226,
      "halstead_effort": 666678.5716476239,
      "halstead_timerequired": 37037.698424867995,
      "halstead_volume": 13013.245392521188,
      "lang": [
        "Python"
      ],
      "loc": 1,
      "operands_sum": 777,
      "operands_uniq": 182,
      "operators_sum": 916,
      "operators_uniq": 24
    }
  },
  "overall": {
    "comment_ratio": 26.307551845571933,
    "cyclomatic_complexity": 36,
    "fanout_external": 8,
    "fanout_internal": 0,
    "halstead_bugprop": 4.337748464173729,
    "halstead_difficulty": 51.230769230769226,
    "halstead_effort": 666678.5716476239,
    "halstead_timerequired": 37037.698424867995,
    "halstead_volume": 13013.245392521188,
    "loc": 1,
    "maintainability_index": 100,
    "operands_sum": 777,
    "operands_uniq": 182,
    "operators_sum": 916,
    "operators_uniq": 24,
    "pylint": 100.0,
    "tiobe": 85.02115049901958,
    "tiobe_compiler": 100.0,
    "tiobe_complexity": 0.14100332679724162,
    "tiobe_coverage": 100.0,
    "tiobe_duplication": 100.0,
    "tiobe_fanout": 100.0,
    "tiobe_functional": 100.0,
    "tiobe_security": 100.0,
    "tiobe_standard": 100.0
  },
  "stats": {
    "max": {
      "comment_ratio": 26.307551845571933,
      "cyclomatic_complexity": 36,
      "fanout_external": 8,
      "fanout_internal": 0,
      "halstead_bugprop": 4.337748464173729,
      "halstead_difficulty": 51.230769230769226,
      "halstead_effort": 666678.5716476239,
      "halstead_timerequired": 37037.698424867995,
      "halstead_volume": 13013.245392521188,
      "loc": 1,
      "operands_sum": 777,
      "operands_uniq": 182,
      "operators_sum": 916,
      "operators_uniq": 24
    },
    "mean": {
      "comment_ratio": 26.307551845571933,
      "cyclomatic_complexity": 36,
      "fanout_external": 8,
      "fanout_internal": 0,
      "halstead_bugprop": 4.337748464173729,
      "halstead_difficulty": 51.230769230769226,
      "halstead_effort": 666678.5716476239,
      "halstead_timerequired": 37037.698424867995,
      "halstead_volume": 13013.245392521188,
      "loc": 1,
      "operands_sum": 777,
      "operands_uniq": 182,
      "operators_sum": 916,
      "operators_uniq": 24
    },
    "median": {
      "comment_ratio": 26.307551845571933,
      "cyclomatic_complexity": 36,
      "fanout_external": 8,
      "fanout_internal": 0,
      "halstead_bugprop": 4.337748464173729,
      "halstead_difficulty": 51.230769230769226,
      "halstead_effort": 666678.5716476239,
      "halstead_timerequired": 37037.698424867995,
      "halstead_volume": 13013.245392521188,
      "loc": 1,
      "operands_sum": 777,
      "operands_uniq": 182,
      "operators_sum": 916,
      "operators_uniq": 24
    },
    "min": {
      "comment_ratio": 26.307551845571933,
      "cyclomatic_complexity": 36,
      "fanout_external": 8,
      "fanout_internal": 0,
      "halstead_bugprop": 4.337748464173729,
      "halstead_difficulty": 51.230769230769226,
      "halstead_effort": 666678.5716476239,
      "halstead_timerequired": 37037.698424867995,
      "halstead_volume": 13013.245392521188,
      "loc": 1,
      "operands_sum": 777,
      "operands_uniq": 182,
      "operators_sum": 916,
      "operators_uniq": 24
    }
  }
}
