{
  "files": {
    "/Users/lorraynereis/Documents/PUC /Engenharia de Sofware/7 Peri\u0301odo/TCC 1/plf-es-2022-2-tcci-5308100-pes-lorrayne-reis/Instrumentos/Codigos/Collect-repositories/Repositories/Cloned-repositories/SqueezeSeg/src/config/kitti_squeezeSeg_config.py": {
      "comment_ratio": 10.254854368932039,
      "cyclomatic_complexity": 1,
      "fanout_external": 3,
      "fanout_internal": 0,
      "halstead_bugprop": 0.6447685637217772,
      "halstead_difficulty": 10.046666666666667,
      "halstead_effort": 19433.324510574363,
      "halstead_timerequired": 1079.6291394763534,
      "halstead_volume": 1934.3056911653314,
      "lang": [
        "Python"
      ],
      "loc": 1,
      "operands_sum": 137,
      "operands_uniq": 75,
      "operators_sum": 164,
      "operators_uniq": 11
    }
  },
  "overall": {
    "comment_ratio": 10.254854368932039,
    "cyclomatic_complexity": 1,
    "fanout_external": 3,
    "fanout_internal": 0,
    "halstead_bugprop": 0.6447685637217772,
    "halstead_difficulty": 10.046666666666667,
    "halstead_effort": 19433.324510574363,
    "halstead_timerequired": 1079.6291394763534,
    "halstead_volume": 1934.3056911653314,
    "loc": 1,
    "maintainability_index": 100,
    "operands_sum": 137,
    "operands_uniq": 75,
    "operators_sum": 164,
    "operators_uniq": 11,
    "pylint": 100.0,
    "tiobe": 100.0,
    "tiobe_compiler": 100.0,
    "tiobe_complexity": 100.0,
    "tiobe_coverage": 100.0,
    "tiobe_duplication": 100.0,
    "tiobe_fanout": 100.0,
    "tiobe_functional": 100.0,
    "tiobe_security": 100.0,
    "tiobe_standard": 100.0
  },
  "stats": {
    "max": {
      "comment_ratio": 10.254854368932039,
      "cyclomatic_complexity": 1,
      "fanout_external": 3,
      "fanout_internal": 0,
      "halstead_bugprop": 0.6447685637217772,
      "halstead_difficulty": 10.046666666666667,
      "halstead_effort": 19433.324510574363,
      "halstead_timerequired": 1079.6291394763534,
      "halstead_volume": 1934.3056911653314,
      "loc": 1,
      "operands_sum": 137,
      "operands_uniq": 75,
      "operators_sum": 164,
      "operators_uniq": 11
    },
    "mean": {
      "comment_ratio": 10.254854368932039,
      "cyclomatic_complexity": 1,
      "fanout_external": 3,
      "fanout_internal": 0,
      "halstead_bugprop": 0.6447685637217772,
      "halstead_difficulty": 10.046666666666667,
      "halstead_effort": 19433.324510574363,
      "halstead_timerequired": 1079.6291394763534,
      "halstead_volume": 1934.3056911653314,
      "loc": 1,
      "operands_sum": 137,
      "operands_uniq": 75,
      "operators_sum": 164,
      "operators_uniq": 11
    },
    "median": {
      "comment_ratio": 10.254854368932039,
      "cyclomatic_complexity": 1,
      "fanout_external": 3,
      "fanout_internal": 0,
      "halstead_bugprop": 0.6447685637217772,
      "halstead_difficulty": 10.046666666666667,
      "halstead_effort": 19433.324510574363,
      "halstead_timerequired": 1079.6291394763534,
      "halstead_volume": 1934.3056911653314,
      "loc": 1,
      "operands_sum": 137,
      "operands_uniq": 75,
      "operators_sum": 164,
      "operators_uniq": 11
    },
    "min": {
      "comment_ratio": 10.254854368932039,
      "cyclomatic_complexity": 1,
      "fanout_external": 3,
      "fanout_internal": 0,
      "halstead_bugprop": 0.6447685637217772,
      "halstead_difficulty": 10.046666666666667,
      "halstead_effort": 19433.324510574363,
      "halstead_timerequired": 1079.6291394763534,
      "halstead_volume": 1934.3056911653314,
      "loc": 1,
      "operands_sum": 137,
      "operands_uniq": 75,
      "operators_sum": 164,
      "operators_uniq": 11
    }
  }
}
