{
  "files": {
    "/Users/lorraynereis/Documents/PUC /Engenharia de Sofware/7 Peri\u0301odo/TCC 1/plf-es-2022-2-tcci-5308100-pes-lorrayne-reis/Instrumentos/Codigos/Collect-repositories/Repositories/Cloned-repositories/RTM3D/src/data_process/kitti_dataset.py": {
      "comment_ratio": 10.907150480256137,
      "cyclomatic_complexity": 40,
      "fanout_external": 17,
      "fanout_internal": 1,
      "halstead_bugprop": 8.739851510444533,
      "halstead_difficulty": 108.07627118644068,
      "halstead_effort": 2833711.6859160797,
      "halstead_timerequired": 157428.42699533777,
      "halstead_volume": 26219.5545313336,
      "lang": [
        "Python"
      ],
      "loc": 1,
      "operands_sum": 1417,
      "operands_uniq": 236,
      "operators_sum": 1825,
      "operators_uniq": 36
    }
  },
  "overall": {
    "comment_ratio": 10.907150480256137,
    "cyclomatic_complexity": 40,
    "fanout_external": 17,
    "fanout_internal": 1,
    "halstead_bugprop": 8.739851510444533,
    "halstead_difficulty": 108.07627118644068,
    "halstead_effort": 2833711.6859160797,
    "halstead_timerequired": 157428.42699533777,
    "halstead_volume": 26219.5545313336,
    "loc": 1,
    "maintainability_index": 100,
    "operands_sum": 1417,
    "operands_uniq": 236,
    "operators_sum": 1825,
    "operators_uniq": 36,
    "pylint": 100.0,
    "tiobe": 83.91537845414499,
    "tiobe_compiler": 100.0,
    "tiobe_complexity": 0.10252302763315979,
    "tiobe_coverage": 100.0,
    "tiobe_duplication": 100.0,
    "tiobe_fanout": 78.0,
    "tiobe_functional": 100.0,
    "tiobe_security": 100.0,
    "tiobe_standard": 100.0
  },
  "stats": {
    "max": {
      "comment_ratio": 10.907150480256137,
      "cyclomatic_complexity": 40,
      "fanout_external": 17,
      "fanout_internal": 1,
      "halstead_bugprop": 8.739851510444533,
      "halstead_difficulty": 108.07627118644068,
      "halstead_effort": 2833711.6859160797,
      "halstead_timerequired": 157428.42699533777,
      "halstead_volume": 26219.5545313336,
      "loc": 1,
      "operands_sum": 1417,
      "operands_uniq": 236,
      "operators_sum": 1825,
      "operators_uniq": 36
    },
    "mean": {
      "comment_ratio": 10.907150480256137,
      "cyclomatic_complexity": 40,
      "fanout_external": 17,
      "fanout_internal": 1,
      "halstead_bugprop": 8.739851510444533,
      "halstead_difficulty": 108.07627118644068,
      "halstead_effort": 2833711.6859160797,
      "halstead_timerequired": 157428.42699533777,
      "halstead_volume": 26219.5545313336,
      "loc": 1,
      "operands_sum": 1417,
      "operands_uniq": 236,
      "operators_sum": 1825,
      "operators_uniq": 36
    },
    "median": {
      "comment_ratio": 10.907150480256137,
      "cyclomatic_complexity": 40,
      "fanout_external": 17,
      "fanout_internal": 1,
      "halstead_bugprop": 8.739851510444533,
      "halstead_difficulty": 108.07627118644068,
      "halstead_effort": 2833711.6859160797,
      "halstead_timerequired": 157428.42699533777,
      "halstead_volume": 26219.5545313336,
      "loc": 1,
      "operands_sum": 1417,
      "operands_uniq": 236,
      "operators_sum": 1825,
      "operators_uniq": 36
    },
    "min": {
      "comment_ratio": 10.907150480256137,
      "cyclomatic_complexity": 40,
      "fanout_external": 17,
      "fanout_internal": 1,
      "halstead_bugprop": 8.739851510444533,
      "halstead_difficulty": 108.07627118644068,
      "halstead_effort": 2833711.6859160797,
      "halstead_timerequired": 157428.42699533777,
      "halstead_volume": 26219.5545313336,
      "loc": 1,
      "operands_sum": 1417,
      "operands_uniq": 236,
      "operators_sum": 1825,
      "operators_uniq": 36
    }
  }
}
