{
  "files": {
    "/Users/lorraynereis/Documents/PUC /Engenharia de Sofware/7 Peri\u0301odo/TCC 1/plf-es-2022-2-tcci-5308100-pes-lorrayne-reis/Instrumentos/Codigos/Collect-repositories/Repositories/Cloned-repositories/RTM3D/src/config/kitti_config.py": {
      "comment_ratio": 19.384615384615383,
      "cyclomatic_complexity": 2,
      "fanout_external": 2,
      "fanout_internal": 0,
      "halstead_bugprop": 0.408743584748219,
      "halstead_difficulty": 13.042857142857143,
      "halstead_effort": 15993.552551791026,
      "halstead_timerequired": 888.5306973217237,
      "halstead_volume": 1226.230754244657,
      "lang": [
        "Python"
      ],
      "loc": 1,
      "operands_sum": 83,
      "operands_uniq": 35,
      "operators_sum": 139,
      "operators_uniq": 11
    }
  },
  "overall": {
    "comment_ratio": 19.384615384615383,
    "cyclomatic_complexity": 2,
    "fanout_external": 2,
    "fanout_internal": 0,
    "halstead_bugprop": 0.408743584748219,
    "halstead_difficulty": 13.042857142857143,
    "halstead_effort": 15993.552551791026,
    "halstead_timerequired": 888.5306973217237,
    "halstead_volume": 1226.230754244657,
    "loc": 1,
    "maintainability_index": 100,
    "operands_sum": 83,
    "operands_uniq": 35,
    "operators_sum": 139,
    "operators_uniq": 11,
    "pylint": 100.0,
    "tiobe": 99.32835820895522,
    "tiobe_compiler": 100.0,
    "tiobe_complexity": 95.5223880597015,
    "tiobe_coverage": 100.0,
    "tiobe_duplication": 100.0,
    "tiobe_fanout": 100.0,
    "tiobe_functional": 100.0,
    "tiobe_security": 100.0,
    "tiobe_standard": 100.0
  },
  "stats": {
    "max": {
      "comment_ratio": 19.384615384615383,
      "cyclomatic_complexity": 2,
      "fanout_external": 2,
      "fanout_internal": 0,
      "halstead_bugprop": 0.408743584748219,
      "halstead_difficulty": 13.042857142857143,
      "halstead_effort": 15993.552551791026,
      "halstead_timerequired": 888.5306973217237,
      "halstead_volume": 1226.230754244657,
      "loc": 1,
      "operands_sum": 83,
      "operands_uniq": 35,
      "operators_sum": 139,
      "operators_uniq": 11
    },
    "mean": {
      "comment_ratio": 19.384615384615383,
      "cyclomatic_complexity": 2,
      "fanout_external": 2,
      "fanout_internal": 0,
      "halstead_bugprop": 0.408743584748219,
      "halstead_difficulty": 13.042857142857143,
      "halstead_effort": 15993.552551791026,
      "halstead_timerequired": 888.5306973217237,
      "halstead_volume": 1226.230754244657,
      "loc": 1,
      "operands_sum": 83,
      "operands_uniq": 35,
      "operators_sum": 139,
      "operators_uniq": 11
    },
    "median": {
      "comment_ratio": 19.384615384615383,
      "cyclomatic_complexity": 2,
      "fanout_external": 2,
      "fanout_internal": 0,
      "halstead_bugprop": 0.408743584748219,
      "halstead_difficulty": 13.042857142857143,
      "halstead_effort": 15993.552551791026,
      "halstead_timerequired": 888.5306973217237,
      "halstead_volume": 1226.230754244657,
      "loc": 1,
      "operands_sum": 83,
      "operands_uniq": 35,
      "operators_sum": 139,
      "operators_uniq": 11
    },
    "min": {
      "comment_ratio": 19.384615384615383,
      "cyclomatic_complexity": 2,
      "fanout_external": 2,
      "fanout_internal": 0,
      "halstead_bugprop": 0.408743584748219,
      "halstead_difficulty": 13.042857142857143,
      "halstead_effort": 15993.552551791026,
      "halstead_timerequired": 888.5306973217237,
      "halstead_volume": 1226.230754244657,
      "loc": 1,
      "operands_sum": 83,
      "operands_uniq": 35,
      "operators_sum": 139,
      "operators_uniq": 11
    }
  }
}
