{
  "files": {
    "/Users/lorraynereis/Documents/PUC /Engenharia de Sofware/7 Peri\u0301odo/TCC 1/plf-es-2022-2-tcci-5308100-pes-lorrayne-reis/Instrumentos/Codigos/Collect-repositories/Repositories/Cloned-repositories/RTM3D/src/data_process/kitti_data_utils.py": {
      "comment_ratio": 22.31709227635908,
      "cyclomatic_complexity": 13,
      "fanout_external": 8,
      "fanout_internal": 1,
      "halstead_bugprop": 7.570162275115457,
      "halstead_difficulty": 119.08447488584476,
      "halstead_effort": 2704466.3979982683,
      "halstead_timerequired": 150248.13322212602,
      "halstead_volume": 22710.486825346372,
      "lang": [
        "Python"
      ],
      "loc": 5,
      "operands_sum": 1213,
      "operands_uniq": 219,
      "operators_sum": 1614,
      "operators_uniq": 43
    }
  },
  "overall": {
    "comment_ratio": 22.31709227635908,
    "cyclomatic_complexity": 13,
    "fanout_external": 8,
    "fanout_internal": 1,
    "halstead_bugprop": 7.570162275115457,
    "halstead_difficulty": 119.08447488584476,
    "halstead_effort": 2704466.3979982683,
    "halstead_timerequired": 150248.13322212602,
    "halstead_volume": 22710.486825346372,
    "loc": 5,
    "maintainability_index": 89.77807904688765,
    "operands_sum": 1213,
    "operands_uniq": 219,
    "operators_sum": 1614,
    "operators_uniq": 43,
    "pylint": 100.0,
    "tiobe": 85.26153846153845,
    "tiobe_compiler": 100.0,
    "tiobe_complexity": 3.076923076923077,
    "tiobe_coverage": 100.0,
    "tiobe_duplication": 100.0,
    "tiobe_fanout": 96.0,
    "tiobe_functional": 100.0,
    "tiobe_security": 100.0,
    "tiobe_standard": 100.0
  },
  "stats": {
    "max": {
      "comment_ratio": 22.31709227635908,
      "cyclomatic_complexity": 13,
      "fanout_external": 8,
      "fanout_internal": 1,
      "halstead_bugprop": 7.570162275115457,
      "halstead_difficulty": 119.08447488584476,
      "halstead_effort": 2704466.3979982683,
      "halstead_timerequired": 150248.13322212602,
      "halstead_volume": 22710.486825346372,
      "loc": 5,
      "operands_sum": 1213,
      "operands_uniq": 219,
      "operators_sum": 1614,
      "operators_uniq": 43
    },
    "mean": {
      "comment_ratio": 22.31709227635908,
      "cyclomatic_complexity": 13,
      "fanout_external": 8,
      "fanout_internal": 1,
      "halstead_bugprop": 7.570162275115457,
      "halstead_difficulty": 119.08447488584476,
      "halstead_effort": 2704466.3979982683,
      "halstead_timerequired": 150248.13322212602,
      "halstead_volume": 22710.486825346372,
      "loc": 5,
      "operands_sum": 1213,
      "operands_uniq": 219,
      "operators_sum": 1614,
      "operators_uniq": 43
    },
    "median": {
      "comment_ratio": 22.31709227635908,
      "cyclomatic_complexity": 13,
      "fanout_external": 8,
      "fanout_internal": 1,
      "halstead_bugprop": 7.570162275115457,
      "halstead_difficulty": 119.08447488584476,
      "halstead_effort": 2704466.3979982683,
      "halstead_timerequired": 150248.13322212602,
      "halstead_volume": 22710.486825346372,
      "loc": 5,
      "operands_sum": 1213,
      "operands_uniq": 219,
      "operators_sum": 1614,
      "operators_uniq": 43
    },
    "min": {
      "comment_ratio": 22.31709227635908,
      "cyclomatic_complexity": 13,
      "fanout_external": 8,
      "fanout_internal": 1,
      "halstead_bugprop": 7.570162275115457,
      "halstead_difficulty": 119.08447488584476,
      "halstead_effort": 2704466.3979982683,
      "halstead_timerequired": 150248.13322212602,
      "halstead_volume": 22710.486825346372,
      "loc": 5,
      "operands_sum": 1213,
      "operands_uniq": 219,
      "operators_sum": 1614,
      "operators_uniq": 43
    }
  }
}
