{
  "files": {
    "/Users/lorraynereis/Documents/PUC /Engenharia de Sofware/7 Peri\u0301odo/TCC 1/plf-es-2022-2-tcci-5308100-pes-lorrayne-reis/Instrumentos/Codigos/Collect-repositories/Repositories/Cloned-repositories/PythonRobotics/Mapping/kmeans_clustering/kmeans_clustering.py": {
      "comment_ratio": 6.56327887011908,
      "cyclomatic_complexity": 18,
      "fanout_external": 5,
      "fanout_internal": 1,
      "halstead_bugprop": 1.7411533713338334,
      "halstead_difficulty": 38.626126126126124,
      "halstead_effort": 201762.0291782111,
      "halstead_timerequired": 11209.001621011726,
      "halstead_volume": 5223.4601140015,
      "lang": [
        "Python"
      ],
      "loc": 1,
      "operands_sum": 343,
      "operands_uniq": 111,
      "operators_sum": 394,
      "operators_uniq": 25
    }
  },
  "overall": {
    "comment_ratio": 6.56327887011908,
    "cyclomatic_complexity": 18,
    "fanout_external": 5,
    "fanout_internal": 1,
    "halstead_bugprop": 1.7411533713338334,
    "halstead_difficulty": 38.626126126126124,
    "halstead_effort": 201762.0291782111,
    "halstead_timerequired": 11209.001621011726,
    "halstead_volume": 5223.4601140015,
    "loc": 1,
    "maintainability_index": 100,
    "operands_sum": 343,
    "operands_uniq": 111,
    "operators_sum": 394,
    "operators_uniq": 25,
    "pylint": 100.0,
    "tiobe": 85.17281728172817,
    "tiobe_compiler": 100.0,
    "tiobe_complexity": 1.1521152115211521,
    "tiobe_coverage": 100.0,
    "tiobe_duplication": 100.0,
    "tiobe_fanout": 100.0,
    "tiobe_functional": 100.0,
    "tiobe_security": 100.0,
    "tiobe_standard": 100.0
  },
  "stats": {
    "max": {
      "comment_ratio": 6.56327887011908,
      "cyclomatic_complexity": 18,
      "fanout_external": 5,
      "fanout_internal": 1,
      "halstead_bugprop": 1.7411533713338334,
      "halstead_difficulty": 38.626126126126124,
      "halstead_effort": 201762.0291782111,
      "halstead_timerequired": 11209.001621011726,
      "halstead_volume": 5223.4601140015,
      "loc": 1,
      "operands_sum": 343,
      "operands_uniq": 111,
      "operators_sum": 394,
      "operators_uniq": 25
    },
    "mean": {
      "comment_ratio": 6.56327887011908,
      "cyclomatic_complexity": 18,
      "fanout_external": 5,
      "fanout_internal": 1,
      "halstead_bugprop": 1.7411533713338334,
      "halstead_difficulty": 38.626126126126124,
      "halstead_effort": 201762.0291782111,
      "halstead_timerequired": 11209.001621011726,
      "halstead_volume": 5223.4601140015,
      "loc": 1,
      "operands_sum": 343,
      "operands_uniq": 111,
      "operators_sum": 394,
      "operators_uniq": 25
    },
    "median": {
      "comment_ratio": 6.56327887011908,
      "cyclomatic_complexity": 18,
      "fanout_external": 5,
      "fanout_internal": 1,
      "halstead_bugprop": 1.7411533713338334,
      "halstead_difficulty": 38.626126126126124,
      "halstead_effort": 201762.0291782111,
      "halstead_timerequired": 11209.001621011726,
      "halstead_volume": 5223.4601140015,
      "loc": 1,
      "operands_sum": 343,
      "operands_uniq": 111,
      "operators_sum": 394,
      "operators_uniq": 25
    },
    "min": {
      "comment_ratio": 6.56327887011908,
      "cyclomatic_complexity": 18,
      "fanout_external": 5,
      "fanout_internal": 1,
      "halstead_bugprop": 1.7411533713338334,
      "halstead_difficulty": 38.626126126126124,
      "halstead_effort": 201762.0291782111,
      "halstead_timerequired": 11209.001621011726,
      "halstead_volume": 5223.4601140015,
      "loc": 1,
      "operands_sum": 343,
      "operands_uniq": 111,
      "operators_sum": 394,
      "operators_uniq": 25
    }
  }
}
