{
  "files": {
    "/Users/lorraynereis/Documents/PUC /Engenharia de Sofware/7 Peri\u0301odo/TCC 1/plf-es-2022-2-tcci-5308100-pes-lorrayne-reis/Instrumentos/Codigos/Collect-repositories/Repositories/Cloned-repositories/l5kit/l5kit/l5kit/environment/envs/l5_env.py": {
      "comment_ratio": 34.60980412477977,
      "cyclomatic_complexity": 32,
      "fanout_external": 20,
      "fanout_internal": 1,
      "halstead_bugprop": 5.262673285346666,
      "halstead_difficulty": 78.9099099099099,
      "halstead_effort": 1245831.2244959848,
      "halstead_timerequired": 69212.84580533249,
      "halstead_volume": 15788.019856039999,
      "lang": [
        "Python"
      ],
      "loc": 1,
      "operands_sum": 922,
      "operands_uniq": 222,
      "operators_sum": 1046,
      "operators_uniq": 38
    }
  },
  "overall": {
    "comment_ratio": 34.60980412477977,
    "cyclomatic_complexity": 32,
    "fanout_external": 20,
    "fanout_internal": 1,
    "halstead_bugprop": 5.262673285346666,
    "halstead_difficulty": 78.9099099099099,
    "halstead_effort": 1245831.2244959848,
    "halstead_timerequired": 69212.84580533249,
    "halstead_volume": 15788.019856039999,
    "loc": 1,
    "maintainability_index": 100,
    "operands_sum": 922,
    "operands_uniq": 222,
    "operators_sum": 1046,
    "operators_uniq": 38,
    "pylint": 100.0,
    "tiobe": 83.63021052962834,
    "tiobe_compiler": 100.0,
    "tiobe_complexity": 0.20140353085565033,
    "tiobe_coverage": 100.0,
    "tiobe_duplication": 100.0,
    "tiobe_fanout": 72.0,
    "tiobe_functional": 100.0,
    "tiobe_security": 100.0,
    "tiobe_standard": 100.0
  },
  "stats": {
    "max": {
      "comment_ratio": 34.60980412477977,
      "cyclomatic_complexity": 32,
      "fanout_external": 20,
      "fanout_internal": 1,
      "halstead_bugprop": 5.262673285346666,
      "halstead_difficulty": 78.9099099099099,
      "halstead_effort": 1245831.2244959848,
      "halstead_timerequired": 69212.84580533249,
      "halstead_volume": 15788.019856039999,
      "loc": 1,
      "operands_sum": 922,
      "operands_uniq": 222,
      "operators_sum": 1046,
      "operators_uniq": 38
    },
    "mean": {
      "comment_ratio": 34.60980412477977,
      "cyclomatic_complexity": 32,
      "fanout_external": 20,
      "fanout_internal": 1,
      "halstead_bugprop": 5.262673285346666,
      "halstead_difficulty": 78.9099099099099,
      "halstead_effort": 1245831.2244959848,
      "halstead_timerequired": 69212.84580533249,
      "halstead_volume": 15788.019856039999,
      "loc": 1,
      "operands_sum": 922,
      "operands_uniq": 222,
      "operators_sum": 1046,
      "operators_uniq": 38
    },
    "median": {
      "comment_ratio": 34.60980412477977,
      "cyclomatic_complexity": 32,
      "fanout_external": 20,
      "fanout_internal": 1,
      "halstead_bugprop": 5.262673285346666,
      "halstead_difficulty": 78.9099099099099,
      "halstead_effort": 1245831.2244959848,
      "halstead_timerequired": 69212.84580533249,
      "halstead_volume": 15788.019856039999,
      "loc": 1,
      "operands_sum": 922,
      "operands_uniq": 222,
      "operators_sum": 1046,
      "operators_uniq": 38
    },
    "min": {
      "comment_ratio": 34.60980412477977,
      "cyclomatic_complexity": 32,
      "fanout_external": 20,
      "fanout_internal": 1,
      "halstead_bugprop": 5.262673285346666,
      "halstead_difficulty": 78.9099099099099,
      "halstead_effort": 1245831.2244959848,
      "halstead_timerequired": 69212.84580533249,
      "halstead_volume": 15788.019856039999,
      "loc": 1,
      "operands_sum": 922,
      "operands_uniq": 222,
      "operators_sum": 1046,
      "operators_uniq": 38
    }
  }
}
