{
  "files": {
    "/Users/lorraynereis/Documents/PUC /Engenharia de Sofware/7 Peri\u0301odo/TCC 1/plf-es-2022-2-tcci-5308100-pes-lorrayne-reis/Instrumentos/Codigos/Collect-repositories/Repositories/Cloned-repositories/VoxFormer/preprocess/label/label_preprocess.py": {
      "comment_ratio": 9.516100017988848,
      "cyclomatic_complexity": 18,
      "fanout_external": 10,
      "fanout_internal": 1,
      "halstead_bugprop": 2.5829263800557167,
      "halstead_difficulty": 42.48175182481752,
      "halstead_effort": 329181.7123779038,
      "halstead_timerequired": 18287.872909883547,
      "halstead_volume": 7748.77914016715,
      "lang": [
        "Python"
      ],
      "loc": 1,
      "operands_sum": 485,
      "operands_uniq": 137,
      "operators_sum": 572,
      "operators_uniq": 24
    }
  },
  "overall": {
    "comment_ratio": 9.516100017988848,
    "cyclomatic_complexity": 18,
    "fanout_external": 10,
    "fanout_internal": 1,
    "halstead_bugprop": 2.5829263800557167,
    "halstead_difficulty": 42.48175182481752,
    "halstead_effort": 329181.7123779038,
    "halstead_timerequired": 18287.872909883547,
    "halstead_volume": 7748.77914016715,
    "loc": 1,
    "maintainability_index": 100,
    "operands_sum": 485,
    "operands_uniq": 137,
    "operators_sum": 572,
    "operators_uniq": 24,
    "pylint": 100.0,
    "tiobe": 84.77281728172817,
    "tiobe_compiler": 100.0,
    "tiobe_complexity": 1.1521152115211521,
    "tiobe_coverage": 100.0,
    "tiobe_duplication": 100.0,
    "tiobe_fanout": 92.0,
    "tiobe_functional": 100.0,
    "tiobe_security": 100.0,
    "tiobe_standard": 100.0
  },
  "stats": {
    "max": {
      "comment_ratio": 9.516100017988848,
      "cyclomatic_complexity": 18,
      "fanout_external": 10,
      "fanout_internal": 1,
      "halstead_bugprop": 2.5829263800557167,
      "halstead_difficulty": 42.48175182481752,
      "halstead_effort": 329181.7123779038,
      "halstead_timerequired": 18287.872909883547,
      "halstead_volume": 7748.77914016715,
      "loc": 1,
      "operands_sum": 485,
      "operands_uniq": 137,
      "operators_sum": 572,
      "operators_uniq": 24
    },
    "mean": {
      "comment_ratio": 9.516100017988848,
      "cyclomatic_complexity": 18,
      "fanout_external": 10,
      "fanout_internal": 1,
      "halstead_bugprop": 2.5829263800557167,
      "halstead_difficulty": 42.48175182481752,
      "halstead_effort": 329181.7123779038,
      "halstead_timerequired": 18287.872909883547,
      "halstead_volume": 7748.77914016715,
      "loc": 1,
      "operands_sum": 485,
      "operands_uniq": 137,
      "operators_sum": 572,
      "operators_uniq": 24
    },
    "median": {
      "comment_ratio": 9.516100017988848,
      "cyclomatic_complexity": 18,
      "fanout_external": 10,
      "fanout_internal": 1,
      "halstead_bugprop": 2.5829263800557167,
      "halstead_difficulty": 42.48175182481752,
      "halstead_effort": 329181.7123779038,
      "halstead_timerequired": 18287.872909883547,
      "halstead_volume": 7748.77914016715,
      "loc": 1,
      "operands_sum": 485,
      "operands_uniq": 137,
      "operators_sum": 572,
      "operators_uniq": 24
    },
    "min": {
      "comment_ratio": 9.516100017988848,
      "cyclomatic_complexity": 18,
      "fanout_external": 10,
      "fanout_internal": 1,
      "halstead_bugprop": 2.5829263800557167,
      "halstead_difficulty": 42.48175182481752,
      "halstead_effort": 329181.7123779038,
      "halstead_timerequired": 18287.872909883547,
      "halstead_volume": 7748.77914016715,
      "loc": 1,
      "operands_sum": 485,
      "operands_uniq": 137,
      "operators_sum": 572,
      "operators_uniq": 24
    }
  }
}
