{
  "files": {
    "/Users/lorraynereis/Documents/PUC /Engenharia de Sofware/7 Peri\u0301odo/TCC 1/plf-es-2022-2-tcci-5308100-pes-lorrayne-reis/Instrumentos/Codigos/Collect-repositories/Repositories/Cloned-repositories/pylot/scripts/lanenet_data_process.py": {
      "comment_ratio": 0.8502024291497976,
      "cyclomatic_complexity": 14,
      "fanout_external": 4,
      "fanout_internal": 0,
      "halstead_bugprop": 1.0744187925666704,
      "halstead_difficulty": 24.027027027027028,
      "halstead_effort": 77445.2681020354,
      "halstead_timerequired": 4302.514894557523,
      "halstead_volume": 3223.2563777000114,
      "lang": [
        "Python"
      ],
      "loc": 1,
      "operands_sum": 254,
      "operands_uniq": 74,
      "operators_sum": 245,
      "operators_uniq": 14
    }
  },
  "overall": {
    "comment_ratio": 0.8502024291497976,
    "cyclomatic_complexity": 14,
    "fanout_external": 4,
    "fanout_internal": 0,
    "halstead_bugprop": 1.0744187925666704,
    "halstead_difficulty": 24.027027027027028,
    "halstead_effort": 77445.2681020354,
    "halstead_timerequired": 4302.514894557523,
    "halstead_volume": 3223.2563777000114,
    "loc": 1,
    "maintainability_index": 100,
    "operands_sum": 254,
    "operands_uniq": 74,
    "operators_sum": 245,
    "operators_uniq": 14,
    "pylint": 100.0,
    "tiobe": 85.36937283570603,
    "tiobe_compiler": 100.0,
    "tiobe_complexity": 2.4624855713736054,
    "tiobe_coverage": 100.0,
    "tiobe_duplication": 100.0,
    "tiobe_fanout": 100.0,
    "tiobe_functional": 100.0,
    "tiobe_security": 100.0,
    "tiobe_standard": 100.0
  },
  "stats": {
    "max": {
      "comment_ratio": 0.8502024291497976,
      "cyclomatic_complexity": 14,
      "fanout_external": 4,
      "fanout_internal": 0,
      "halstead_bugprop": 1.0744187925666704,
      "halstead_difficulty": 24.027027027027028,
      "halstead_effort": 77445.2681020354,
      "halstead_timerequired": 4302.514894557523,
      "halstead_volume": 3223.2563777000114,
      "loc": 1,
      "operands_sum": 254,
      "operands_uniq": 74,
      "operators_sum": 245,
      "operators_uniq": 14
    },
    "mean": {
      "comment_ratio": 0.8502024291497976,
      "cyclomatic_complexity": 14,
      "fanout_external": 4,
      "fanout_internal": 0,
      "halstead_bugprop": 1.0744187925666704,
      "halstead_difficulty": 24.027027027027028,
      "halstead_effort": 77445.2681020354,
      "halstead_timerequired": 4302.514894557523,
      "halstead_volume": 3223.2563777000114,
      "loc": 1,
      "operands_sum": 254,
      "operands_uniq": 74,
      "operators_sum": 245,
      "operators_uniq": 14
    },
    "median": {
      "comment_ratio": 0.8502024291497976,
      "cyclomatic_complexity": 14,
      "fanout_external": 4,
      "fanout_internal": 0,
      "halstead_bugprop": 1.0744187925666704,
      "halstead_difficulty": 24.027027027027028,
      "halstead_effort": 77445.2681020354,
      "halstead_timerequired": 4302.514894557523,
      "halstead_volume": 3223.2563777000114,
      "loc": 1,
      "operands_sum": 254,
      "operands_uniq": 74,
      "operators_sum": 245,
      "operators_uniq": 14
    },
    "min": {
      "comment_ratio": 0.8502024291497976,
      "cyclomatic_complexity": 14,
      "fanout_external": 4,
      "fanout_internal": 0,
      "halstead_bugprop": 1.0744187925666704,
      "halstead_difficulty": 24.027027027027028,
      "halstead_effort": 77445.2681020354,
      "halstead_timerequired": 4302.514894557523,
      "halstead_volume": 3223.2563777000114,
      "loc": 1,
      "operands_sum": 254,
      "operands_uniq": 74,
      "operators_sum": 245,
      "operators_uniq": 14
    }
  }
}
