{
  "files": {
    "/Users/lorraynereis/Documents/PUC /Engenharia de Sofware/7 Peri\u0301odo/TCC 1/plf-es-2022-2-tcci-5308100-pes-lorrayne-reis/Instrumentos/Codigos/Collect-repositories/Repositories/Cloned-repositories/pylot/pylot/perception/detection/lanenet_detection_operator.py": {
      "comment_ratio": 23.485458098632026,
      "cyclomatic_complexity": 12,
      "fanout_external": 15,
      "fanout_internal": 1,
      "halstead_bugprop": 2.4250687531105606,
      "halstead_difficulty": 37.42138364779874,
      "halstead_effort": 272248.28454731766,
      "halstead_timerequired": 15124.904697073203,
      "halstead_volume": 7275.206259331681,
      "lang": [
        "Python"
      ],
      "loc": 1,
      "operands_sum": 425,
      "operands_uniq": 159,
      "operators_sum": 539,
      "operators_uniq": 28
    }
  },
  "overall": {
    "comment_ratio": 23.485458098632026,
    "cyclomatic_complexity": 12,
    "fanout_external": 15,
    "fanout_internal": 1,
    "halstead_bugprop": 2.4250687531105606,
    "halstead_difficulty": 37.42138364779874,
    "halstead_effort": 272248.28454731766,
    "halstead_timerequired": 15124.904697073203,
    "halstead_volume": 7275.206259331681,
    "loc": 1,
    "maintainability_index": 100,
    "operands_sum": 425,
    "operands_uniq": 159,
    "operators_sum": 539,
    "operators_uniq": 28,
    "pylint": 100.0,
    "tiobe": 84.6864386072083,
    "tiobe_compiler": 100.0,
    "tiobe_complexity": 3.9095907147220523,
    "tiobe_coverage": 100.0,
    "tiobe_duplication": 100.0,
    "tiobe_fanout": 82.0,
    "tiobe_functional": 100.0,
    "tiobe_security": 100.0,
    "tiobe_standard": 100.0
  },
  "stats": {
    "max": {
      "comment_ratio": 23.485458098632026,
      "cyclomatic_complexity": 12,
      "fanout_external": 15,
      "fanout_internal": 1,
      "halstead_bugprop": 2.4250687531105606,
      "halstead_difficulty": 37.42138364779874,
      "halstead_effort": 272248.28454731766,
      "halstead_timerequired": 15124.904697073203,
      "halstead_volume": 7275.206259331681,
      "loc": 1,
      "operands_sum": 425,
      "operands_uniq": 159,
      "operators_sum": 539,
      "operators_uniq": 28
    },
    "mean": {
      "comment_ratio": 23.485458098632026,
      "cyclomatic_complexity": 12,
      "fanout_external": 15,
      "fanout_internal": 1,
      "halstead_bugprop": 2.4250687531105606,
      "halstead_difficulty": 37.42138364779874,
      "halstead_effort": 272248.28454731766,
      "halstead_timerequired": 15124.904697073203,
      "halstead_volume": 7275.206259331681,
      "loc": 1,
      "operands_sum": 425,
      "operands_uniq": 159,
      "operators_sum": 539,
      "operators_uniq": 28
    },
    "median": {
      "comment_ratio": 23.485458098632026,
      "cyclomatic_complexity": 12,
      "fanout_external": 15,
      "fanout_internal": 1,
      "halstead_bugprop": 2.4250687531105606,
      "halstead_difficulty": 37.42138364779874,
      "halstead_effort": 272248.28454731766,
      "halstead_timerequired": 15124.904697073203,
      "halstead_volume": 7275.206259331681,
      "loc": 1,
      "operands_sum": 425,
      "operands_uniq": 159,
      "operators_sum": 539,
      "operators_uniq": 28
    },
    "min": {
      "comment_ratio": 23.485458098632026,
      "cyclomatic_complexity": 12,
      "fanout_external": 15,
      "fanout_internal": 1,
      "halstead_bugprop": 2.4250687531105606,
      "halstead_difficulty": 37.42138364779874,
      "halstead_effort": 272248.28454731766,
      "halstead_timerequired": 15124.904697073203,
      "halstead_volume": 7275.206259331681,
      "loc": 1,
      "operands_sum": 425,
      "operands_uniq": 159,
      "operators_sum": 539,
      "operators_uniq": 28
    }
  }
}
