{
  "files": {
    "/Users/lorraynereis/Documents/PUC /Engenharia de Sofware/7 Peri\u0301odo/TCC 1/plf-es-2022-2-tcci-5308100-pes-lorrayne-reis/Instrumentos/Codigos/Collect-repositories/Repositories/Cloned-repositories/pylot/pylot/map/lane_map.py": {
      "comment_ratio": 31.035911602209946,
      "cyclomatic_complexity": 12,
      "fanout_external": 7,
      "fanout_internal": 1,
      "halstead_bugprop": 1.600145887675241,
      "halstead_difficulty": 83.54761904761904,
      "halstead_effort": 401065.1371323157,
      "halstead_timerequired": 22281.396507350873,
      "halstead_volume": 4800.437663025723,
      "lang": [
        "Python"
      ],
      "loc": 1,
      "operands_sum": 319,
      "operands_uniq": 63,
      "operators_sum": 410,
      "operators_uniq": 33
    }
  },
  "overall": {
    "comment_ratio": 31.035911602209946,
    "cyclomatic_complexity": 12,
    "fanout_external": 7,
    "fanout_internal": 1,
    "halstead_bugprop": 1.600145887675241,
    "halstead_difficulty": 83.54761904761904,
    "halstead_effort": 401065.1371323157,
    "halstead_timerequired": 22281.396507350873,
    "halstead_volume": 4800.437663025723,
    "loc": 1,
    "maintainability_index": 100,
    "operands_sum": 319,
    "operands_uniq": 63,
    "operators_sum": 410,
    "operators_uniq": 33,
    "pylint": 100.0,
    "tiobe": 85.48643860720831,
    "tiobe_compiler": 100.0,
    "tiobe_complexity": 3.9095907147220523,
    "tiobe_coverage": 100.0,
    "tiobe_duplication": 100.0,
    "tiobe_fanout": 98.0,
    "tiobe_functional": 100.0,
    "tiobe_security": 100.0,
    "tiobe_standard": 100.0
  },
  "stats": {
    "max": {
      "comment_ratio": 31.035911602209946,
      "cyclomatic_complexity": 12,
      "fanout_external": 7,
      "fanout_internal": 1,
      "halstead_bugprop": 1.600145887675241,
      "halstead_difficulty": 83.54761904761904,
      "halstead_effort": 401065.1371323157,
      "halstead_timerequired": 22281.396507350873,
      "halstead_volume": 4800.437663025723,
      "loc": 1,
      "operands_sum": 319,
      "operands_uniq": 63,
      "operators_sum": 410,
      "operators_uniq": 33
    },
    "mean": {
      "comment_ratio": 31.035911602209946,
      "cyclomatic_complexity": 12,
      "fanout_external": 7,
      "fanout_internal": 1,
      "halstead_bugprop": 1.600145887675241,
      "halstead_difficulty": 83.54761904761904,
      "halstead_effort": 401065.1371323157,
      "halstead_timerequired": 22281.396507350873,
      "halstead_volume": 4800.437663025723,
      "loc": 1,
      "operands_sum": 319,
      "operands_uniq": 63,
      "operators_sum": 410,
      "operators_uniq": 33
    },
    "median": {
      "comment_ratio": 31.035911602209946,
      "cyclomatic_complexity": 12,
      "fanout_external": 7,
      "fanout_internal": 1,
      "halstead_bugprop": 1.600145887675241,
      "halstead_difficulty": 83.54761904761904,
      "halstead_effort": 401065.1371323157,
      "halstead_timerequired": 22281.396507350873,
      "halstead_volume": 4800.437663025723,
      "loc": 1,
      "operands_sum": 319,
      "operands_uniq": 63,
      "operators_sum": 410,
      "operators_uniq": 33
    },
    "min": {
      "comment_ratio": 31.035911602209946,
      "cyclomatic_complexity": 12,
      "fanout_external": 7,
      "fanout_internal": 1,
      "halstead_bugprop": 1.600145887675241,
      "halstead_difficulty": 83.54761904761904,
      "halstead_effort": 401065.1371323157,
      "halstead_timerequired": 22281.396507350873,
      "halstead_volume": 4800.437663025723,
      "loc": 1,
      "operands_sum": 319,
      "operands_uniq": 63,
      "operators_sum": 410,
      "operators_uniq": 33
    }
  }
}
