{
  "files": {
    "/Users/lorraynereis/Documents/PUC /Engenharia de Sofware/7 Peri\u0301odo/TCC 1/plf-es-2022-2-tcci-5308100-pes-lorrayne-reis/Instrumentos/Codigos/Collect-repositories/Repositories/Cloned-repositories/MotionPlanning/LatticePlanner/lattice_planner.py": {
      "comment_ratio": 7.439198855507868,
      "cyclomatic_complexity": 38,
      "fanout_external": 13,
      "fanout_internal": 1,
      "halstead_bugprop": 7.648407042801213,
      "halstead_difficulty": 96.76906779661016,
      "halstead_effort": 2220387.6589827035,
      "halstead_timerequired": 123354.86994348353,
      "halstead_volume": 22945.22112840364,
      "lang": [
        "Python"
      ],
      "loc": 10,
      "operands_sum": 1305,
      "operands_uniq": 236,
      "operators_sum": 1534,
      "operators_uniq": 35
    }
  },
  "overall": {
    "comment_ratio": 7.439198855507868,
    "cyclomatic_complexity": 38,
    "fanout_external": 13,
    "fanout_internal": 1,
    "halstead_bugprop": 7.648407042801213,
    "halstead_difficulty": 96.76906779661016,
    "halstead_effort": 2220387.6589827035,
    "halstead_timerequired": 123354.86994348353,
    "halstead_volume": 22945.22112840364,
    "loc": 10,
    "maintainability_index": 72.74562368014168,
    "operands_sum": 1305,
    "operands_uniq": 236,
    "operators_sum": 1534,
    "operators_uniq": 35,
    "pylint": 100.0,
    "tiobe": 84.31795903096061,
    "tiobe_compiler": 100.0,
    "tiobe_complexity": 0.11972687307080722,
    "tiobe_coverage": 100.0,
    "tiobe_duplication": 100.0,
    "tiobe_fanout": 86.0,
    "tiobe_functional": 100.0,
    "tiobe_security": 100.0,
    "tiobe_standard": 100.0
  },
  "stats": {
    "max": {
      "comment_ratio": 7.439198855507868,
      "cyclomatic_complexity": 38,
      "fanout_external": 13,
      "fanout_internal": 1,
      "halstead_bugprop": 7.648407042801213,
      "halstead_difficulty": 96.76906779661016,
      "halstead_effort": 2220387.6589827035,
      "halstead_timerequired": 123354.86994348353,
      "halstead_volume": 22945.22112840364,
      "loc": 10,
      "operands_sum": 1305,
      "operands_uniq": 236,
      "operators_sum": 1534,
      "operators_uniq": 35
    },
    "mean": {
      "comment_ratio": 7.439198855507868,
      "cyclomatic_complexity": 38,
      "fanout_external": 13,
      "fanout_internal": 1,
      "halstead_bugprop": 7.648407042801213,
      "halstead_difficulty": 96.76906779661016,
      "halstead_effort": 2220387.6589827035,
      "halstead_timerequired": 123354.86994348353,
      "halstead_volume": 22945.22112840364,
      "loc": 10,
      "operands_sum": 1305,
      "operands_uniq": 236,
      "operators_sum": 1534,
      "operators_uniq": 35
    },
    "median": {
      "comment_ratio": 7.439198855507868,
      "cyclomatic_complexity": 38,
      "fanout_external": 13,
      "fanout_internal": 1,
      "halstead_bugprop": 7.648407042801213,
      "halstead_difficulty": 96.76906779661016,
      "halstead_effort": 2220387.6589827035,
      "halstead_timerequired": 123354.86994348353,
      "halstead_volume": 22945.22112840364,
      "loc": 10,
      "operands_sum": 1305,
      "operands_uniq": 236,
      "operators_sum": 1534,
      "operators_uniq": 35
    },
    "min": {
      "comment_ratio": 7.439198855507868,
      "cyclomatic_complexity": 38,
      "fanout_external": 13,
      "fanout_internal": 1,
      "halstead_bugprop": 7.648407042801213,
      "halstead_difficulty": 96.76906779661016,
      "halstead_effort": 2220387.6589827035,
      "halstead_timerequired": 123354.86994348353,
      "halstead_volume": 22945.22112840364,
      "loc": 10,
      "operands_sum": 1305,
      "operands_uniq": 236,
      "operators_sum": 1534,
      "operators_uniq": 35
    }
  }
}
