{
  "files": {
    "/Users/lorraynereis/Documents/PUC /Engenharia de Sofware/7 Peri\u0301odo/TCC 1/plf-es-2022-2-tcci-5308100-pes-lorrayne-reis/Instrumentos/Codigos/Collect-repositories/Repositories/Cloned-repositories/VoxFormer/preprocess/utils/lidar2voxel.py": {
      "comment_ratio": 26.78368767496406,
      "cyclomatic_complexity": 23,
      "fanout_external": 13,
      "fanout_internal": 1,
      "halstead_bugprop": 6.307517987542098,
      "halstead_difficulty": 86.4319526627219,
      "halstead_effort": 1635513.2883555165,
      "halstead_timerequired": 90861.84935308425,
      "halstead_volume": 18922.553962626294,
      "lang": [
        "Python"
      ],
      "loc": 1,
      "operands_sum": 1082,
      "operands_uniq": 169,
      "operators_sum": 1403,
      "operators_uniq": 27
    }
  },
  "overall": {
    "comment_ratio": 26.78368767496406,
    "cyclomatic_complexity": 23,
    "fanout_external": 13,
    "fanout_internal": 1,
    "halstead_bugprop": 6.307517987542098,
    "halstead_difficulty": 86.4319526627219,
    "halstead_effort": 1635513.2883555165,
    "halstead_timerequired": 90861.84935308425,
    "halstead_volume": 18922.553962626294,
    "loc": 1,
    "maintainability_index": 100,
    "operands_sum": 1082,
    "operands_uniq": 169,
    "operators_sum": 1403,
    "operators_uniq": 27,
    "pylint": 100.0,
    "tiobe": 84.38219178082191,
    "tiobe_compiler": 100.0,
    "tiobe_complexity": 0.547945205479452,
    "tiobe_coverage": 100.0,
    "tiobe_duplication": 100.0,
    "tiobe_fanout": 86.0,
    "tiobe_functional": 100.0,
    "tiobe_security": 100.0,
    "tiobe_standard": 100.0
  },
  "stats": {
    "max": {
      "comment_ratio": 26.78368767496406,
      "cyclomatic_complexity": 23,
      "fanout_external": 13,
      "fanout_internal": 1,
      "halstead_bugprop": 6.307517987542098,
      "halstead_difficulty": 86.4319526627219,
      "halstead_effort": 1635513.2883555165,
      "halstead_timerequired": 90861.84935308425,
      "halstead_volume": 18922.553962626294,
      "loc": 1,
      "operands_sum": 1082,
      "operands_uniq": 169,
      "operators_sum": 1403,
      "operators_uniq": 27
    },
    "mean": {
      "comment_ratio": 26.78368767496406,
      "cyclomatic_complexity": 23,
      "fanout_external": 13,
      "fanout_internal": 1,
      "halstead_bugprop": 6.307517987542098,
      "halstead_difficulty": 86.4319526627219,
      "halstead_effort": 1635513.2883555165,
      "halstead_timerequired": 90861.84935308425,
      "halstead_volume": 18922.553962626294,
      "loc": 1,
      "operands_sum": 1082,
      "operands_uniq": 169,
      "operators_sum": 1403,
      "operators_uniq": 27
    },
    "median": {
      "comment_ratio": 26.78368767496406,
      "cyclomatic_complexity": 23,
      "fanout_external": 13,
      "fanout_internal": 1,
      "halstead_bugprop": 6.307517987542098,
      "halstead_difficulty": 86.4319526627219,
      "halstead_effort": 1635513.2883555165,
      "halstead_timerequired": 90861.84935308425,
      "halstead_volume": 18922.553962626294,
      "loc": 1,
      "operands_sum": 1082,
      "operands_uniq": 169,
      "operators_sum": 1403,
      "operators_uniq": 27
    },
    "min": {
      "comment_ratio": 26.78368767496406,
      "cyclomatic_complexity": 23,
      "fanout_external": 13,
      "fanout_internal": 1,
      "halstead_bugprop": 6.307517987542098,
      "halstead_difficulty": 86.4319526627219,
      "halstead_effort": 1635513.2883555165,
      "halstead_timerequired": 90861.84935308425,
      "halstead_volume": 18922.553962626294,
      "loc": 1,
      "operands_sum": 1082,
      "operands_uniq": 169,
      "operators_sum": 1403,
      "operators_uniq": 27
    }
  }
}
