{
  "files": {
    "/Users/lorraynereis/Documents/PUC /Engenharia de Sofware/7 Peri\u0301odo/TCC 1/plf-es-2022-2-tcci-5308100-pes-lorrayne-reis/Instrumentos/Codigos/Collect-repositories/Repositories/Cloned-repositories/pylot/pylot/loggers/lidar_logger_operator.py": {
      "comment_ratio": 45.701168614357265,
      "cyclomatic_complexity": 0,
      "fanout_external": 2,
      "fanout_internal": 0,
      "halstead_bugprop": 0.39102856475187864,
      "halstead_difficulty": 20.26923076923077,
      "halstead_effort": 23777.544648950774,
      "halstead_timerequired": 1320.9747027194874,
      "halstead_volume": 1173.0856942556359,
      "lang": [
        "Python"
      ],
      "loc": 1,
      "operands_sum": 93,
      "operands_uniq": 39,
      "operators_sum": 109,
      "operators_uniq": 17
    }
  },
  "overall": {
    "comment_ratio": 45.701168614357265,
    "cyclomatic_complexity": 0,
    "fanout_external": 2,
    "fanout_internal": 0,
    "halstead_bugprop": 0.39102856475187864,
    "halstead_difficulty": 20.26923076923077,
    "halstead_effort": 23777.544648950774,
    "halstead_timerequired": 1320.9747027194874,
    "halstead_volume": 1173.0856942556359,
    "loc": 1,
    "maintainability_index": 100,
    "operands_sum": 93,
    "operands_uniq": 39,
    "operators_sum": 109,
    "operators_uniq": 17,
    "pylint": 100.0,
    "tiobe": 99.76923076923077,
    "tiobe_compiler": 100.0,
    "tiobe_complexity": 98.46153846153847,
    "tiobe_coverage": 100.0,
    "tiobe_duplication": 100.0,
    "tiobe_fanout": 100.0,
    "tiobe_functional": 100.0,
    "tiobe_security": 100.0,
    "tiobe_standard": 100.0
  },
  "stats": {
    "max": {
      "comment_ratio": 45.701168614357265,
      "cyclomatic_complexity": 0,
      "fanout_external": 2,
      "fanout_internal": 0,
      "halstead_bugprop": 0.39102856475187864,
      "halstead_difficulty": 20.26923076923077,
      "halstead_effort": 23777.544648950774,
      "halstead_timerequired": 1320.9747027194874,
      "halstead_volume": 1173.0856942556359,
      "loc": 1,
      "operands_sum": 93,
      "operands_uniq": 39,
      "operators_sum": 109,
      "operators_uniq": 17
    },
    "mean": {
      "comment_ratio": 45.701168614357265,
      "cyclomatic_complexity": 0,
      "fanout_external": 2,
      "fanout_internal": 0,
      "halstead_bugprop": 0.39102856475187864,
      "halstead_difficulty": 20.26923076923077,
      "halstead_effort": 23777.544648950774,
      "halstead_timerequired": 1320.9747027194874,
      "halstead_volume": 1173.0856942556359,
      "loc": 1,
      "operands_sum": 93,
      "operands_uniq": 39,
      "operators_sum": 109,
      "operators_uniq": 17
    },
    "median": {
      "comment_ratio": 45.701168614357265,
      "cyclomatic_complexity": 0,
      "fanout_external": 2,
      "fanout_internal": 0,
      "halstead_bugprop": 0.39102856475187864,
      "halstead_difficulty": 20.26923076923077,
      "halstead_effort": 23777.544648950774,
      "halstead_timerequired": 1320.9747027194874,
      "halstead_volume": 1173.0856942556359,
      "loc": 1,
      "operands_sum": 93,
      "operands_uniq": 39,
      "operators_sum": 109,
      "operators_uniq": 17
    },
    "min": {
      "comment_ratio": 45.701168614357265,
      "cyclomatic_complexity": 0,
      "fanout_external": 2,
      "fanout_internal": 0,
      "halstead_bugprop": 0.39102856475187864,
      "halstead_difficulty": 20.26923076923077,
      "halstead_effort": 23777.544648950774,
      "halstead_timerequired": 1320.9747027194874,
      "halstead_volume": 1173.0856942556359,
      "loc": 1,
      "operands_sum": 93,
      "operands_uniq": 39,
      "operators_sum": 109,
      "operators_uniq": 17
    }
  }
}
