{
  "files": {
    "/Users/lorraynereis/Documents/PUC /Engenharia de Sofware/7 Peri\u0301odo/TCC 1/plf-es-2022-2-tcci-5308100-pes-lorrayne-reis/Instrumentos/Codigos/Collect-repositories/Repositories/Cloned-repositories/pylot/lincoln.py": {
      "comment_ratio": 3.548837591390783,
      "cyclomatic_complexity": 27,
      "fanout_external": 22,
      "fanout_internal": 1,
      "halstead_bugprop": 3.0470425922030904,
      "halstead_difficulty": 40.05,
      "halstead_effort": 366102.1674532013,
      "halstead_timerequired": 20339.00930295563,
      "halstead_volume": 9141.127776609272,
      "lang": [
        "Python"
      ],
      "loc": 7,
      "operands_sum": 534,
      "operands_uniq": 160,
      "operators_sum": 681,
      "operators_uniq": 24
    }
  },
  "overall": {
    "comment_ratio": 3.548837591390783,
    "cyclomatic_complexity": 27,
    "fanout_external": 22,
    "fanout_internal": 1,
    "halstead_bugprop": 3.0470425922030904,
    "halstead_difficulty": 40.05,
    "halstead_effort": 366102.1674532013,
    "halstead_timerequired": 20339.00930295563,
    "halstead_volume": 9141.127776609272,
    "loc": 7,
    "maintainability_index": 85.83945254630089,
    "operands_sum": 534,
    "operands_uniq": 160,
    "operators_sum": 681,
    "operators_uniq": 24,
    "pylint": 100.0,
    "tiobe": 83.45054759898906,
    "tiobe_compiler": 100.0,
    "tiobe_complexity": 0.33698399326032014,
    "tiobe_coverage": 100.0,
    "tiobe_duplication": 100.0,
    "tiobe_fanout": 68.0,
    "tiobe_functional": 100.0,
    "tiobe_security": 100.0,
    "tiobe_standard": 100.0
  },
  "stats": {
    "max": {
      "comment_ratio": 3.548837591390783,
      "cyclomatic_complexity": 27,
      "fanout_external": 22,
      "fanout_internal": 1,
      "halstead_bugprop": 3.0470425922030904,
      "halstead_difficulty": 40.05,
      "halstead_effort": 366102.1674532013,
      "halstead_timerequired": 20339.00930295563,
      "halstead_volume": 9141.127776609272,
      "loc": 7,
      "operands_sum": 534,
      "operands_uniq": 160,
      "operators_sum": 681,
      "operators_uniq": 24
    },
    "mean": {
      "comment_ratio": 3.548837591390783,
      "cyclomatic_complexity": 27,
      "fanout_external": 22,
      "fanout_internal": 1,
      "halstead_bugprop": 3.0470425922030904,
      "halstead_difficulty": 40.05,
      "halstead_effort": 366102.1674532013,
      "halstead_timerequired": 20339.00930295563,
      "halstead_volume": 9141.127776609272,
      "loc": 7,
      "operands_sum": 534,
      "operands_uniq": 160,
      "operators_sum": 681,
      "operators_uniq": 24
    },
    "median": {
      "comment_ratio": 3.548837591390783,
      "cyclomatic_complexity": 27,
      "fanout_external": 22,
      "fanout_internal": 1,
      "halstead_bugprop": 3.0470425922030904,
      "halstead_difficulty": 40.05,
      "halstead_effort": 366102.1674532013,
      "halstead_timerequired": 20339.00930295563,
      "halstead_volume": 9141.127776609272,
      "loc": 7,
      "operands_sum": 534,
      "operands_uniq": 160,
      "operators_sum": 681,
      "operators_uniq": 24
    },
    "min": {
      "comment_ratio": 3.548837591390783,
      "cyclomatic_complexity": 27,
      "fanout_external": 22,
      "fanout_internal": 1,
      "halstead_bugprop": 3.0470425922030904,
      "halstead_difficulty": 40.05,
      "halstead_effort": 366102.1674532013,
      "halstead_timerequired": 20339.00930295563,
      "halstead_volume": 9141.127776609272,
      "loc": 7,
      "operands_sum": 534,
      "operands_uniq": 160,
      "operators_sum": 681,
      "operators_uniq": 24
    }
  }
}
