{
  "files": {
    "/Users/lorraynereis/Documents/PUC /Engenharia de Sofware/7 Peri\u0301odo/TCC 1/plf-es-2022-2-tcci-5308100-pes-lorrayne-reis/Instrumentos/Codigos/Collect-repositories/Repositories/Cloned-repositories/pylot/pylot/prediction/linear_predictor_operator.py": {
      "comment_ratio": 26.208213944603628,
      "cyclomatic_complexity": 6,
      "fanout_external": 8,
      "fanout_internal": 1,
      "halstead_bugprop": 1.1258484727543745,
      "halstead_difficulty": 29.819444444444443,
      "halstead_effort": 100716.52795848508,
      "halstead_timerequired": 5595.362664360282,
      "halstead_volume": 3377.5454182631233,
      "lang": [
        "Python"
      ],
      "loc": 1,
      "operands_sum": 226,
      "operands_uniq": 72,
      "operators_sum": 293,
      "operators_uniq": 19
    }
  },
  "overall": {
    "comment_ratio": 26.208213944603628,
    "cyclomatic_complexity": 6,
    "fanout_external": 8,
    "fanout_internal": 1,
    "halstead_bugprop": 1.1258484727543745,
    "halstead_difficulty": 29.819444444444443,
    "halstead_effort": 100716.52795848508,
    "halstead_timerequired": 5595.362664360282,
    "halstead_volume": 3377.5454182631233,
    "loc": 1,
    "maintainability_index": 100,
    "operands_sum": 226,
    "operands_uniq": 72,
    "operators_sum": 293,
    "operators_uniq": 19,
    "pylint": 100.0,
    "tiobe": 88.81673640167364,
    "tiobe_compiler": 100.0,
    "tiobe_complexity": 26.778242677824267,
    "tiobe_coverage": 100.0,
    "tiobe_duplication": 100.0,
    "tiobe_fanout": 96.0,
    "tiobe_functional": 100.0,
    "tiobe_security": 100.0,
    "tiobe_standard": 100.0
  },
  "stats": {
    "max": {
      "comment_ratio": 26.208213944603628,
      "cyclomatic_complexity": 6,
      "fanout_external": 8,
      "fanout_internal": 1,
      "halstead_bugprop": 1.1258484727543745,
      "halstead_difficulty": 29.819444444444443,
      "halstead_effort": 100716.52795848508,
      "halstead_timerequired": 5595.362664360282,
      "halstead_volume": 3377.5454182631233,
      "loc": 1,
      "operands_sum": 226,
      "operands_uniq": 72,
      "operators_sum": 293,
      "operators_uniq": 19
    },
    "mean": {
      "comment_ratio": 26.208213944603628,
      "cyclomatic_complexity": 6,
      "fanout_external": 8,
      "fanout_internal": 1,
      "halstead_bugprop": 1.1258484727543745,
      "halstead_difficulty": 29.819444444444443,
      "halstead_effort": 100716.52795848508,
      "halstead_timerequired": 5595.362664360282,
      "halstead_volume": 3377.5454182631233,
      "loc": 1,
      "operands_sum": 226,
      "operands_uniq": 72,
      "operators_sum": 293,
      "operators_uniq": 19
    },
    "median": {
      "comment_ratio": 26.208213944603628,
      "cyclomatic_complexity": 6,
      "fanout_external": 8,
      "fanout_internal": 1,
      "halstead_bugprop": 1.1258484727543745,
      "halstead_difficulty": 29.819444444444443,
      "halstead_effort": 100716.52795848508,
      "halstead_timerequired": 5595.362664360282,
      "halstead_volume": 3377.5454182631233,
      "loc": 1,
      "operands_sum": 226,
      "operands_uniq": 72,
      "operators_sum": 293,
      "operators_uniq": 19
    },
    "min": {
      "comment_ratio": 26.208213944603628,
      "cyclomatic_complexity": 6,
      "fanout_external": 8,
      "fanout_internal": 1,
      "halstead_bugprop": 1.1258484727543745,
      "halstead_difficulty": 29.819444444444443,
      "halstead_effort": 100716.52795848508,
      "halstead_timerequired": 5595.362664360282,
      "halstead_volume": 3377.5454182631233,
      "loc": 1,
      "operands_sum": 226,
      "operands_uniq": 72,
      "operators_sum": 293,
      "operators_uniq": 19
    }
  }
}
