{
  "files": {
    "/Users/lorraynereis/Documents/PUC /Engenharia de Sofware/7 Peri\u0301odo/TCC 1/plf-es-2022-2-tcci-5308100-pes-lorrayne-reis/Instrumentos/Codigos/Collect-repositories/Repositories/Cloned-repositories/VoxFormer/projects/mmdet3d_plugin/voxformer/detectors/lmscnet.py": {
      "comment_ratio": 23.015216145667537,
      "cyclomatic_complexity": 15,
      "fanout_external": 30,
      "fanout_internal": 1,
      "halstead_bugprop": 6.64896701469874,
      "halstead_difficulty": 76.61421319796955,
      "halstead_effort": 1528216.1292311891,
      "halstead_timerequired": 84900.8960683994,
      "halstead_volume": 19946.90104409622,
      "lang": [
        "Python"
      ],
      "loc": 1,
      "operands_sum": 1161,
      "operands_uniq": 197,
      "operators_sum": 1396,
      "operators_uniq": 26
    }
  },
  "overall": {
    "comment_ratio": 23.015216145667537,
    "cyclomatic_complexity": 15,
    "fanout_external": 30,
    "fanout_internal": 1,
    "halstead_bugprop": 6.64896701469874,
    "halstead_difficulty": 76.61421319796955,
    "halstead_effort": 1528216.1292311891,
    "halstead_timerequired": 84900.8960683994,
    "halstead_volume": 19946.90104409622,
    "loc": 1,
    "maintainability_index": 100,
    "operands_sum": 1161,
    "operands_uniq": 197,
    "operators_sum": 1396,
    "operators_uniq": 26,
    "pylint": 100.0,
    "tiobe": 82.89999999999999,
    "tiobe_compiler": 100.0,
    "tiobe_complexity": 2.0,
    "tiobe_coverage": 100.0,
    "tiobe_duplication": 100.0,
    "tiobe_fanout": 52.0,
    "tiobe_functional": 100.0,
    "tiobe_security": 100.0,
    "tiobe_standard": 100.0
  },
  "stats": {
    "max": {
      "comment_ratio": 23.015216145667537,
      "cyclomatic_complexity": 15,
      "fanout_external": 30,
      "fanout_internal": 1,
      "halstead_bugprop": 6.64896701469874,
      "halstead_difficulty": 76.61421319796955,
      "halstead_effort": 1528216.1292311891,
      "halstead_timerequired": 84900.8960683994,
      "halstead_volume": 19946.90104409622,
      "loc": 1,
      "operands_sum": 1161,
      "operands_uniq": 197,
      "operators_sum": 1396,
      "operators_uniq": 26
    },
    "mean": {
      "comment_ratio": 23.015216145667537,
      "cyclomatic_complexity": 15,
      "fanout_external": 30,
      "fanout_internal": 1,
      "halstead_bugprop": 6.64896701469874,
      "halstead_difficulty": 76.61421319796955,
      "halstead_effort": 1528216.1292311891,
      "halstead_timerequired": 84900.8960683994,
      "halstead_volume": 19946.90104409622,
      "loc": 1,
      "operands_sum": 1161,
      "operands_uniq": 197,
      "operators_sum": 1396,
      "operators_uniq": 26
    },
    "median": {
      "comment_ratio": 23.015216145667537,
      "cyclomatic_complexity": 15,
      "fanout_external": 30,
      "fanout_internal": 1,
      "halstead_bugprop": 6.64896701469874,
      "halstead_difficulty": 76.61421319796955,
      "halstead_effort": 1528216.1292311891,
      "halstead_timerequired": 84900.8960683994,
      "halstead_volume": 19946.90104409622,
      "loc": 1,
      "operands_sum": 1161,
      "operands_uniq": 197,
      "operators_sum": 1396,
      "operators_uniq": 26
    },
    "min": {
      "comment_ratio": 23.015216145667537,
      "cyclomatic_complexity": 15,
      "fanout_external": 30,
      "fanout_internal": 1,
      "halstead_bugprop": 6.64896701469874,
      "halstead_difficulty": 76.61421319796955,
      "halstead_effort": 1528216.1292311891,
      "halstead_timerequired": 84900.8960683994,
      "halstead_volume": 19946.90104409622,
      "loc": 1,
      "operands_sum": 1161,
      "operands_uniq": 197,
      "operators_sum": 1396,
      "operators_uniq": 26
    }
  }
}
