{
  "files": {
    "/Users/lorraynereis/Documents/PUC /Engenharia de Sofware/7 Peri\u0301odo/TCC 1/plf-es-2022-2-tcci-5308100-pes-lorrayne-reis/Instrumentos/Codigos/Collect-repositories/Repositories/Cloned-repositories/l5kit/l5kit/l5kit/data/local_data_manager.py": {
      "comment_ratio": 46.91749773345422,
      "cyclomatic_complexity": 6,
      "fanout_external": 4,
      "fanout_internal": 0,
      "halstead_bugprop": 0.23726196660226548,
      "halstead_difficulty": 27.27272727272727,
      "halstead_effort": 19412.342722003537,
      "halstead_timerequired": 1078.463484555752,
      "halstead_volume": 711.7858998067965,
      "lang": [
        "Python"
      ],
      "loc": 1,
      "operands_sum": 60,
      "operands_uniq": 22,
      "operators_sum": 72,
      "operators_uniq": 20
    }
  },
  "overall": {
    "comment_ratio": 46.91749773345422,
    "cyclomatic_complexity": 6,
    "fanout_external": 4,
    "fanout_internal": 0,
    "halstead_bugprop": 0.23726196660226548,
    "halstead_difficulty": 27.27272727272727,
    "halstead_effort": 19412.342722003537,
    "halstead_timerequired": 1078.463484555752,
    "halstead_volume": 711.7858998067965,
    "loc": 1,
    "maintainability_index": 100,
    "operands_sum": 60,
    "operands_uniq": 22,
    "operators_sum": 72,
    "operators_uniq": 20,
    "pylint": 100.0,
    "tiobe": 89.01673640167364,
    "tiobe_compiler": 100.0,
    "tiobe_complexity": 26.778242677824267,
    "tiobe_coverage": 100.0,
    "tiobe_duplication": 100.0,
    "tiobe_fanout": 100.0,
    "tiobe_functional": 100.0,
    "tiobe_security": 100.0,
    "tiobe_standard": 100.0
  },
  "stats": {
    "max": {
      "comment_ratio": 46.91749773345422,
      "cyclomatic_complexity": 6,
      "fanout_external": 4,
      "fanout_internal": 0,
      "halstead_bugprop": 0.23726196660226548,
      "halstead_difficulty": 27.27272727272727,
      "halstead_effort": 19412.342722003537,
      "halstead_timerequired": 1078.463484555752,
      "halstead_volume": 711.7858998067965,
      "loc": 1,
      "operands_sum": 60,
      "operands_uniq": 22,
      "operators_sum": 72,
      "operators_uniq": 20
    },
    "mean": {
      "comment_ratio": 46.91749773345422,
      "cyclomatic_complexity": 6,
      "fanout_external": 4,
      "fanout_internal": 0,
      "halstead_bugprop": 0.23726196660226548,
      "halstead_difficulty": 27.27272727272727,
      "halstead_effort": 19412.342722003537,
      "halstead_timerequired": 1078.463484555752,
      "halstead_volume": 711.7858998067965,
      "loc": 1,
      "operands_sum": 60,
      "operands_uniq": 22,
      "operators_sum": 72,
      "operators_uniq": 20
    },
    "median": {
      "comment_ratio": 46.91749773345422,
      "cyclomatic_complexity": 6,
      "fanout_external": 4,
      "fanout_internal": 0,
      "halstead_bugprop": 0.23726196660226548,
      "halstead_difficulty": 27.27272727272727,
      "halstead_effort": 19412.342722003537,
      "halstead_timerequired": 1078.463484555752,
      "halstead_volume": 711.7858998067965,
      "loc": 1,
      "operands_sum": 60,
      "operands_uniq": 22,
      "operators_sum": 72,
      "operators_uniq": 20
    },
    "min": {
      "comment_ratio": 46.91749773345422,
      "cyclomatic_complexity": 6,
      "fanout_external": 4,
      "fanout_internal": 0,
      "halstead_bugprop": 0.23726196660226548,
      "halstead_difficulty": 27.27272727272727,
      "halstead_effort": 19412.342722003537,
      "halstead_timerequired": 1078.463484555752,
      "halstead_volume": 711.7858998067965,
      "loc": 1,
      "operands_sum": 60,
      "operands_uniq": 22,
      "operators_sum": 72,
      "operators_uniq": 20
    }
  }
}
