{
  "files": {
    "/Users/lorraynereis/Documents/PUC /Engenharia de Sofware/7 Peri\u0301odo/TCC 1/plf-es-2022-2-tcci-5308100-pes-lorrayne-reis/Instrumentos/Codigos/Collect-repositories/Repositories/Cloned-repositories/pylot/pylot/localization/localization_operator.py": {
      "comment_ratio": 19.617725370863447,
      "cyclomatic_complexity": 7,
      "fanout_external": 7,
      "fanout_internal": 1,
      "halstead_bugprop": 3.342431317010082,
      "halstead_difficulty": 62.92999999999999,
      "halstead_effort": 631017.6083383333,
      "halstead_timerequired": 35056.53379657408,
      "halstead_volume": 10027.293951030246,
      "lang": [
        "Python"
      ],
      "loc": 4,
      "operands_sum": 609,
      "operands_uniq": 150,
      "operators_sum": 728,
      "operators_uniq": 31
    }
  },
  "overall": {
    "comment_ratio": 19.617725370863447,
    "cyclomatic_complexity": 7,
    "fanout_external": 7,
    "fanout_internal": 1,
    "halstead_bugprop": 3.342431317010082,
    "halstead_difficulty": 62.92999999999999,
    "halstead_effort": 631017.6083383333,
    "halstead_timerequired": 35056.53379657408,
    "halstead_volume": 10027.293951030246,
    "loc": 4,
    "maintainability_index": 99.02408789482803,
    "operands_sum": 609,
    "operands_uniq": 150,
    "operators_sum": 728,
    "operators_uniq": 31,
    "pylint": 100.0,
    "tiobe": 87.62727272727273,
    "tiobe_compiler": 100.0,
    "tiobe_complexity": 18.181818181818183,
    "tiobe_coverage": 100.0,
    "tiobe_duplication": 100.0,
    "tiobe_fanout": 98.0,
    "tiobe_functional": 100.0,
    "tiobe_security": 100.0,
    "tiobe_standard": 100.0
  },
  "stats": {
    "max": {
      "comment_ratio": 19.617725370863447,
      "cyclomatic_complexity": 7,
      "fanout_external": 7,
      "fanout_internal": 1,
      "halstead_bugprop": 3.342431317010082,
      "halstead_difficulty": 62.92999999999999,
      "halstead_effort": 631017.6083383333,
      "halstead_timerequired": 35056.53379657408,
      "halstead_volume": 10027.293951030246,
      "loc": 4,
      "operands_sum": 609,
      "operands_uniq": 150,
      "operators_sum": 728,
      "operators_uniq": 31
    },
    "mean": {
      "comment_ratio": 19.617725370863447,
      "cyclomatic_complexity": 7,
      "fanout_external": 7,
      "fanout_internal": 1,
      "halstead_bugprop": 3.342431317010082,
      "halstead_difficulty": 62.92999999999999,
      "halstead_effort": 631017.6083383333,
      "halstead_timerequired": 35056.53379657408,
      "halstead_volume": 10027.293951030246,
      "loc": 4,
      "operands_sum": 609,
      "operands_uniq": 150,
      "operators_sum": 728,
      "operators_uniq": 31
    },
    "median": {
      "comment_ratio": 19.617725370863447,
      "cyclomatic_complexity": 7,
      "fanout_external": 7,
      "fanout_internal": 1,
      "halstead_bugprop": 3.342431317010082,
      "halstead_difficulty": 62.92999999999999,
      "halstead_effort": 631017.6083383333,
      "halstead_timerequired": 35056.53379657408,
      "halstead_volume": 10027.293951030246,
      "loc": 4,
      "operands_sum": 609,
      "operands_uniq": 150,
      "operators_sum": 728,
      "operators_uniq": 31
    },
    "min": {
      "comment_ratio": 19.617725370863447,
      "cyclomatic_complexity": 7,
      "fanout_external": 7,
      "fanout_internal": 1,
      "halstead_bugprop": 3.342431317010082,
      "halstead_difficulty": 62.92999999999999,
      "halstead_effort": 631017.6083383333,
      "halstead_timerequired": 35056.53379657408,
      "halstead_volume": 10027.293951030246,
      "loc": 4,
      "operands_sum": 609,
      "operands_uniq": 150,
      "operators_sum": 728,
      "operators_uniq": 31
    }
  }
}
