{
  "files": {
    "/Users/lorraynereis/Documents/PUC /Engenharia de Sofware/7 Peri\u0301odo/TCC 1/plf-es-2022-2-tcci-5308100-pes-lorrayne-reis/Instrumentos/Codigos/Collect-repositories/Repositories/Cloned-repositories/RTM3D/src/utils/logger.py": {
      "comment_ratio": 40.94052558782849,
      "cyclomatic_complexity": 2,
      "fanout_external": 2,
      "fanout_internal": 0,
      "halstead_bugprop": 0.21197761838543078,
      "halstead_difficulty": 10.080000000000002,
      "halstead_effort": 6410.203179975429,
      "halstead_timerequired": 356.1223988875238,
      "halstead_volume": 635.9328551562924,
      "lang": [
        "Python"
      ],
      "loc": 1,
      "operands_sum": 56,
      "operands_uniq": 25,
      "operators_sum": 69,
      "operators_uniq": 9
    }
  },
  "overall": {
    "comment_ratio": 40.94052558782849,
    "cyclomatic_complexity": 2,
    "fanout_external": 2,
    "fanout_internal": 0,
    "halstead_bugprop": 0.21197761838543078,
    "halstead_difficulty": 10.080000000000002,
    "halstead_effort": 6410.203179975429,
    "halstead_timerequired": 356.1223988875238,
    "halstead_volume": 635.9328551562924,
    "loc": 1,
    "maintainability_index": 100,
    "operands_sum": 56,
    "operands_uniq": 25,
    "operators_sum": 69,
    "operators_uniq": 9,
    "pylint": 100.0,
    "tiobe": 99.32835820895522,
    "tiobe_compiler": 100.0,
    "tiobe_complexity": 95.5223880597015,
    "tiobe_coverage": 100.0,
    "tiobe_duplication": 100.0,
    "tiobe_fanout": 100.0,
    "tiobe_functional": 100.0,
    "tiobe_security": 100.0,
    "tiobe_standard": 100.0
  },
  "stats": {
    "max": {
      "comment_ratio": 40.94052558782849,
      "cyclomatic_complexity": 2,
      "fanout_external": 2,
      "fanout_internal": 0,
      "halstead_bugprop": 0.21197761838543078,
      "halstead_difficulty": 10.080000000000002,
      "halstead_effort": 6410.203179975429,
      "halstead_timerequired": 356.1223988875238,
      "halstead_volume": 635.9328551562924,
      "loc": 1,
      "operands_sum": 56,
      "operands_uniq": 25,
      "operators_sum": 69,
      "operators_uniq": 9
    },
    "mean": {
      "comment_ratio": 40.94052558782849,
      "cyclomatic_complexity": 2,
      "fanout_external": 2,
      "fanout_internal": 0,
      "halstead_bugprop": 0.21197761838543078,
      "halstead_difficulty": 10.080000000000002,
      "halstead_effort": 6410.203179975429,
      "halstead_timerequired": 356.1223988875238,
      "halstead_volume": 635.9328551562924,
      "loc": 1,
      "operands_sum": 56,
      "operands_uniq": 25,
      "operators_sum": 69,
      "operators_uniq": 9
    },
    "median": {
      "comment_ratio": 40.94052558782849,
      "cyclomatic_complexity": 2,
      "fanout_external": 2,
      "fanout_internal": 0,
      "halstead_bugprop": 0.21197761838543078,
      "halstead_difficulty": 10.080000000000002,
      "halstead_effort": 6410.203179975429,
      "halstead_timerequired": 356.1223988875238,
      "halstead_volume": 635.9328551562924,
      "loc": 1,
      "operands_sum": 56,
      "operands_uniq": 25,
      "operators_sum": 69,
      "operators_uniq": 9
    },
    "min": {
      "comment_ratio": 40.94052558782849,
      "cyclomatic_complexity": 2,
      "fanout_external": 2,
      "fanout_internal": 0,
      "halstead_bugprop": 0.21197761838543078,
      "halstead_difficulty": 10.080000000000002,
      "halstead_effort": 6410.203179975429,
      "halstead_timerequired": 356.1223988875238,
      "halstead_volume": 635.9328551562924,
      "loc": 1,
      "operands_sum": 56,
      "operands_uniq": 25,
      "operators_sum": 69,
      "operators_uniq": 9
    }
  }
}
