{
  "files": {
    "/Users/lorraynereis/Documents/PUC /Engenharia de Sofware/7 Peri\u0301odo/TCC 1/plf-es-2022-2-tcci-5308100-pes-lorrayne-reis/Instrumentos/Codigos/Collect-repositories/Repositories/Cloned-repositories/PythonRobotics/PathPlanning/ModelPredictiveTrajectoryGenerator/lookup_table_generator.py": {
      "comment_ratio": 4.844540853217643,
      "cyclomatic_complexity": 9,
      "fanout_external": 7,
      "fanout_internal": 0,
      "halstead_bugprop": 1.3812618252493583,
      "halstead_difficulty": 29.464285714285715,
      "halstead_effort": 122093.67919614863,
      "halstead_timerequired": 6782.982177563813,
      "halstead_volume": 4143.7854757480745,
      "lang": [
        "Python"
      ],
      "loc": 1,
      "operands_sum": 275,
      "operands_uniq": 98,
      "operators_sum": 326,
      "operators_uniq": 21
    }
  },
  "overall": {
    "comment_ratio": 4.844540853217643,
    "cyclomatic_complexity": 9,
    "fanout_external": 7,
    "fanout_internal": 0,
    "halstead_bugprop": 1.3812618252493583,
    "halstead_difficulty": 29.464285714285715,
    "halstead_effort": 122093.67919614863,
    "halstead_timerequired": 6782.982177563813,
    "halstead_volume": 4143.7854757480745,
    "loc": 1,
    "maintainability_index": 100,
    "operands_sum": 275,
    "operands_uniq": 98,
    "operators_sum": 326,
    "operators_uniq": 21,
    "pylint": 100.0,
    "tiobe": 86.36363636363637,
    "tiobe_compiler": 100.0,
    "tiobe_complexity": 9.090909090909092,
    "tiobe_coverage": 100.0,
    "tiobe_duplication": 100.0,
    "tiobe_fanout": 100.0,
    "tiobe_functional": 100.0,
    "tiobe_security": 100.0,
    "tiobe_standard": 100.0
  },
  "stats": {
    "max": {
      "comment_ratio": 4.844540853217643,
      "cyclomatic_complexity": 9,
      "fanout_external": 7,
      "fanout_internal": 0,
      "halstead_bugprop": 1.3812618252493583,
      "halstead_difficulty": 29.464285714285715,
      "halstead_effort": 122093.67919614863,
      "halstead_timerequired": 6782.982177563813,
      "halstead_volume": 4143.7854757480745,
      "loc": 1,
      "operands_sum": 275,
      "operands_uniq": 98,
      "operators_sum": 326,
      "operators_uniq": 21
    },
    "mean": {
      "comment_ratio": 4.844540853217643,
      "cyclomatic_complexity": 9,
      "fanout_external": 7,
      "fanout_internal": 0,
      "halstead_bugprop": 1.3812618252493583,
      "halstead_difficulty": 29.464285714285715,
      "halstead_effort": 122093.67919614863,
      "halstead_timerequired": 6782.982177563813,
      "halstead_volume": 4143.7854757480745,
      "loc": 1,
      "operands_sum": 275,
      "operands_uniq": 98,
      "operators_sum": 326,
      "operators_uniq": 21
    },
    "median": {
      "comment_ratio": 4.844540853217643,
      "cyclomatic_complexity": 9,
      "fanout_external": 7,
      "fanout_internal": 0,
      "halstead_bugprop": 1.3812618252493583,
      "halstead_difficulty": 29.464285714285715,
      "halstead_effort": 122093.67919614863,
      "halstead_timerequired": 6782.982177563813,
      "halstead_volume": 4143.7854757480745,
      "loc": 1,
      "operands_sum": 275,
      "operands_uniq": 98,
      "operators_sum": 326,
      "operators_uniq": 21
    },
    "min": {
      "comment_ratio": 4.844540853217643,
      "cyclomatic_complexity": 9,
      "fanout_external": 7,
      "fanout_internal": 0,
      "halstead_bugprop": 1.3812618252493583,
      "halstead_difficulty": 29.464285714285715,
      "halstead_effort": 122093.67919614863,
      "halstead_timerequired": 6782.982177563813,
      "halstead_volume": 4143.7854757480745,
      "loc": 1,
      "operands_sum": 275,
      "operands_uniq": 98,
      "operators_sum": 326,
      "operators_uniq": 21
    }
  }
}
