{
  "files": {
    "/Users/lorraynereis/Documents/PUC /Engenharia de Sofware/7 Peri\u0301odo/TCC 1/plf-es-2022-2-tcci-5308100-pes-lorrayne-reis/Instrumentos/Codigos/Collect-repositories/Repositories/Cloned-repositories/RTM3D/src/losses/losses.py": {
      "comment_ratio": 17.86449864498645,
      "cyclomatic_complexity": 0,
      "fanout_external": 7,
      "fanout_internal": 1,
      "halstead_bugprop": 4.115056698680177,
      "halstead_difficulty": 81.15555555555555,
      "halstead_effort": 1001879.1375720004,
      "halstead_timerequired": 55659.95208733335,
      "halstead_volume": 12345.17009604053,
      "lang": [
        "Python"
      ],
      "loc": 2,
      "operands_sum": 664,
      "operands_uniq": 135,
      "operators_sum": 1006,
      "operators_uniq": 33
    }
  },
  "overall": {
    "comment_ratio": 17.86449864498645,
    "cyclomatic_complexity": 0,
    "fanout_external": 7,
    "fanout_internal": 1,
    "halstead_bugprop": 4.115056698680177,
    "halstead_difficulty": 81.15555555555555,
    "halstead_effort": 1001879.1375720004,
    "halstead_timerequired": 55659.95208733335,
    "halstead_volume": 12345.17009604053,
    "loc": 2,
    "maintainability_index": 100,
    "operands_sum": 664,
    "operands_uniq": 135,
    "operators_sum": 1006,
    "operators_uniq": 33,
    "pylint": 100.0,
    "tiobe": 99.66923076923078,
    "tiobe_compiler": 100.0,
    "tiobe_complexity": 98.46153846153847,
    "tiobe_coverage": 100.0,
    "tiobe_duplication": 100.0,
    "tiobe_fanout": 98.0,
    "tiobe_functional": 100.0,
    "tiobe_security": 100.0,
    "tiobe_standard": 100.0
  },
  "stats": {
    "max": {
      "comment_ratio": 17.86449864498645,
      "cyclomatic_complexity": 0,
      "fanout_external": 7,
      "fanout_internal": 1,
      "halstead_bugprop": 4.115056698680177,
      "halstead_difficulty": 81.15555555555555,
      "halstead_effort": 1001879.1375720004,
      "halstead_timerequired": 55659.95208733335,
      "halstead_volume": 12345.17009604053,
      "loc": 2,
      "operands_sum": 664,
      "operands_uniq": 135,
      "operators_sum": 1006,
      "operators_uniq": 33
    },
    "mean": {
      "comment_ratio": 17.86449864498645,
      "cyclomatic_complexity": 0,
      "fanout_external": 7,
      "fanout_internal": 1,
      "halstead_bugprop": 4.115056698680177,
      "halstead_difficulty": 81.15555555555555,
      "halstead_effort": 1001879.1375720004,
      "halstead_timerequired": 55659.95208733335,
      "halstead_volume": 12345.17009604053,
      "loc": 2,
      "operands_sum": 664,
      "operands_uniq": 135,
      "operators_sum": 1006,
      "operators_uniq": 33
    },
    "median": {
      "comment_ratio": 17.86449864498645,
      "cyclomatic_complexity": 0,
      "fanout_external": 7,
      "fanout_internal": 1,
      "halstead_bugprop": 4.115056698680177,
      "halstead_difficulty": 81.15555555555555,
      "halstead_effort": 1001879.1375720004,
      "halstead_timerequired": 55659.95208733335,
      "halstead_volume": 12345.17009604053,
      "loc": 2,
      "operands_sum": 664,
      "operands_uniq": 135,
      "operators_sum": 1006,
      "operators_uniq": 33
    },
    "min": {
      "comment_ratio": 17.86449864498645,
      "cyclomatic_complexity": 0,
      "fanout_external": 7,
      "fanout_internal": 1,
      "halstead_bugprop": 4.115056698680177,
      "halstead_difficulty": 81.15555555555555,
      "halstead_effort": 1001879.1375720004,
      "halstead_timerequired": 55659.95208733335,
      "halstead_volume": 12345.17009604053,
      "loc": 2,
      "operands_sum": 664,
      "operands_uniq": 135,
      "operators_sum": 1006,
      "operators_uniq": 33
    }
  }
}
