{
  "files": {
    "/Users/lorraynereis/Documents/PUC /Engenharia de Sofware/7 Peri\u0301odo/TCC 1/plf-es-2022-2-tcci-5308100-pes-lorrayne-reis/Instrumentos/Codigos/Collect-repositories/Repositories/Cloned-repositories/MotionPlanning/Control/LQR_Dynamics_Model.py": {
      "comment_ratio": 24.92834928959083,
      "cyclomatic_complexity": 34,
      "fanout_external": 14,
      "fanout_internal": 1,
      "halstead_bugprop": 6.897378993742979,
      "halstead_difficulty": 91.13692946058092,
      "halstead_effort": 1885817.8284469394,
      "halstead_timerequired": 104767.65713594107,
      "halstead_volume": 20692.136981228938,
      "lang": [
        "Python"
      ],
      "loc": 15,
      "operands_sum": 1156,
      "operands_uniq": 241,
      "operators_sum": 1391,
      "operators_uniq": 38
    }
  },
  "overall": {
    "comment_ratio": 24.92834928959083,
    "cyclomatic_complexity": 34,
    "fanout_external": 14,
    "fanout_internal": 1,
    "halstead_bugprop": 6.897378993742979,
    "halstead_difficulty": 91.13692946058092,
    "halstead_effort": 1885817.8284469394,
    "halstead_timerequired": 104767.65713594107,
    "halstead_volume": 20692.136981228938,
    "loc": 15,
    "maintainability_index": 67.63453967636895,
    "operands_sum": 1156,
    "operands_uniq": 241,
    "operators_sum": 1391,
    "operators_uniq": 38,
    "pylint": 100.0,
    "tiobe": 84.22514471306216,
    "tiobe_compiler": 100.0,
    "tiobe_complexity": 0.1676314204143639,
    "tiobe_coverage": 100.0,
    "tiobe_duplication": 100.0,
    "tiobe_fanout": 84.0,
    "tiobe_functional": 100.0,
    "tiobe_security": 100.0,
    "tiobe_standard": 100.0
  },
  "stats": {
    "max": {
      "comment_ratio": 24.92834928959083,
      "cyclomatic_complexity": 34,
      "fanout_external": 14,
      "fanout_internal": 1,
      "halstead_bugprop": 6.897378993742979,
      "halstead_difficulty": 91.13692946058092,
      "halstead_effort": 1885817.8284469394,
      "halstead_timerequired": 104767.65713594107,
      "halstead_volume": 20692.136981228938,
      "loc": 15,
      "operands_sum": 1156,
      "operands_uniq": 241,
      "operators_sum": 1391,
      "operators_uniq": 38
    },
    "mean": {
      "comment_ratio": 24.92834928959083,
      "cyclomatic_complexity": 34,
      "fanout_external": 14,
      "fanout_internal": 1,
      "halstead_bugprop": 6.897378993742979,
      "halstead_difficulty": 91.13692946058092,
      "halstead_effort": 1885817.8284469394,
      "halstead_timerequired": 104767.65713594107,
      "halstead_volume": 20692.136981228938,
      "loc": 15,
      "operands_sum": 1156,
      "operands_uniq": 241,
      "operators_sum": 1391,
      "operators_uniq": 38
    },
    "median": {
      "comment_ratio": 24.92834928959083,
      "cyclomatic_complexity": 34,
      "fanout_external": 14,
      "fanout_internal": 1,
      "halstead_bugprop": 6.897378993742979,
      "halstead_difficulty": 91.13692946058092,
      "halstead_effort": 1885817.8284469394,
      "halstead_timerequired": 104767.65713594107,
      "halstead_volume": 20692.136981228938,
      "loc": 15,
      "operands_sum": 1156,
      "operands_uniq": 241,
      "operators_sum": 1391,
      "operators_uniq": 38
    },
    "min": {
      "comment_ratio": 24.92834928959083,
      "cyclomatic_complexity": 34,
      "fanout_external": 14,
      "fanout_internal": 1,
      "halstead_bugprop": 6.897378993742979,
      "halstead_difficulty": 91.13692946058092,
      "halstead_effort": 1885817.8284469394,
      "halstead_timerequired": 104767.65713594107,
      "halstead_volume": 20692.136981228938,
      "loc": 15,
      "operands_sum": 1156,
      "operands_uniq": 241,
      "operators_sum": 1391,
      "operators_uniq": 38
    }
  }
}
