{
  "files": {
    "/Users/lorraynereis/Documents/PUC /Engenharia de Sofware/7 Peri\u0301odo/TCC 1/plf-es-2022-2-tcci-5308100-pes-lorrayne-reis/Instrumentos/Codigos/Collect-repositories/Repositories/Cloned-repositories/PythonRobotics/PathPlanning/LQRRRTStar/lqr_rrt_star.py": {
      "comment_ratio": 9.873772791023843,
      "cyclomatic_complexity": 25,
      "fanout_external": 14,
      "fanout_internal": 1,
      "halstead_bugprop": 3.2691188378108182,
      "halstead_difficulty": 54.72222222222223,
      "halstead_effort": 536680.3425406094,
      "halstead_timerequired": 29815.574585589413,
      "halstead_volume": 9807.356513432454,
      "lang": [
        "Python"
      ],
      "loc": 1,
      "operands_sum": 591,
      "operands_uniq": 162,
      "operators_sum": 702,
      "operators_uniq": 30
    }
  },
  "overall": {
    "comment_ratio": 9.873772791023843,
    "cyclomatic_complexity": 25,
    "fanout_external": 14,
    "fanout_internal": 1,
    "halstead_bugprop": 3.2691188378108182,
    "halstead_difficulty": 54.72222222222223,
    "halstead_effort": 536680.3425406094,
    "halstead_timerequired": 29815.574585589413,
    "halstead_volume": 9807.356513432454,
    "loc": 1,
    "maintainability_index": 100,
    "operands_sum": 591,
    "operands_uniq": 162,
    "operators_sum": 702,
    "operators_uniq": 30,
    "pylint": 100.0,
    "tiobe": 84.26382978723404,
    "tiobe_compiler": 100.0,
    "tiobe_complexity": 0.425531914893617,
    "tiobe_coverage": 100.0,
    "tiobe_duplication": 100.0,
    "tiobe_fanout": 84.0,
    "tiobe_functional": 100.0,
    "tiobe_security": 100.0,
    "tiobe_standard": 100.0
  },
  "stats": {
    "max": {
      "comment_ratio": 9.873772791023843,
      "cyclomatic_complexity": 25,
      "fanout_external": 14,
      "fanout_internal": 1,
      "halstead_bugprop": 3.2691188378108182,
      "halstead_difficulty": 54.72222222222223,
      "halstead_effort": 536680.3425406094,
      "halstead_timerequired": 29815.574585589413,
      "halstead_volume": 9807.356513432454,
      "loc": 1,
      "operands_sum": 591,
      "operands_uniq": 162,
      "operators_sum": 702,
      "operators_uniq": 30
    },
    "mean": {
      "comment_ratio": 9.873772791023843,
      "cyclomatic_complexity": 25,
      "fanout_external": 14,
      "fanout_internal": 1,
      "halstead_bugprop": 3.2691188378108182,
      "halstead_difficulty": 54.72222222222223,
      "halstead_effort": 536680.3425406094,
      "halstead_timerequired": 29815.574585589413,
      "halstead_volume": 9807.356513432454,
      "loc": 1,
      "operands_sum": 591,
      "operands_uniq": 162,
      "operators_sum": 702,
      "operators_uniq": 30
    },
    "median": {
      "comment_ratio": 9.873772791023843,
      "cyclomatic_complexity": 25,
      "fanout_external": 14,
      "fanout_internal": 1,
      "halstead_bugprop": 3.2691188378108182,
      "halstead_difficulty": 54.72222222222223,
      "halstead_effort": 536680.3425406094,
      "halstead_timerequired": 29815.574585589413,
      "halstead_volume": 9807.356513432454,
      "loc": 1,
      "operands_sum": 591,
      "operands_uniq": 162,
      "operators_sum": 702,
      "operators_uniq": 30
    },
    "min": {
      "comment_ratio": 9.873772791023843,
      "cyclomatic_complexity": 25,
      "fanout_external": 14,
      "fanout_internal": 1,
      "halstead_bugprop": 3.2691188378108182,
      "halstead_difficulty": 54.72222222222223,
      "halstead_effort": 536680.3425406094,
      "halstead_timerequired": 29815.574585589413,
      "halstead_volume": 9807.356513432454,
      "loc": 1,
      "operands_sum": 591,
      "operands_uniq": 162,
      "operators_sum": 702,
      "operators_uniq": 30
    }
  }
}
