{
  "files": {
    "/Users/lorraynereis/Documents/PUC /Engenharia de Sofware/7 Peri\u0301odo/TCC 1/plf-es-2022-2-tcci-5308100-pes-lorrayne-reis/Instrumentos/Codigos/Collect-repositories/Repositories/Cloned-repositories/MotionPlanning/Control/LQR_Kinematic_Model.py": {
      "comment_ratio": 24.28599960055922,
      "cyclomatic_complexity": 30,
      "fanout_external": 16,
      "fanout_internal": 1,
      "halstead_bugprop": 6.320240550338728,
      "halstead_difficulty": 87.41630901287553,
      "halstead_effort": 1657476.3029523501,
      "halstead_timerequired": 92082.01683068612,
      "halstead_volume": 18960.72165101618,
      "lang": [
        "Python"
      ],
      "loc": 11,
      "operands_sum": 1072,
      "operands_uniq": 233,
      "operators_sum": 1274,
      "operators_uniq": 38
    }
  },
  "overall": {
    "comment_ratio": 24.28599960055922,
    "cyclomatic_complexity": 30,
    "fanout_external": 16,
    "fanout_internal": 1,
    "halstead_bugprop": 6.320240550338728,
    "halstead_difficulty": 87.41630901287553,
    "halstead_effort": 1657476.3029523501,
    "halstead_timerequired": 92082.01683068612,
    "halstead_volume": 18960.72165101618,
    "loc": 11,
    "maintainability_index": 74.03344742906125,
    "operands_sum": 1072,
    "operands_uniq": 233,
    "operators_sum": 1274,
    "operators_uniq": 38,
    "pylint": 100.0,
    "tiobe": 84.03673235125311,
    "tiobe_compiler": 100.0,
    "tiobe_complexity": 0.2448823416873924,
    "tiobe_coverage": 100.0,
    "tiobe_duplication": 100.0,
    "tiobe_fanout": 80.0,
    "tiobe_functional": 100.0,
    "tiobe_security": 100.0,
    "tiobe_standard": 100.0
  },
  "stats": {
    "max": {
      "comment_ratio": 24.28599960055922,
      "cyclomatic_complexity": 30,
      "fanout_external": 16,
      "fanout_internal": 1,
      "halstead_bugprop": 6.320240550338728,
      "halstead_difficulty": 87.41630901287553,
      "halstead_effort": 1657476.3029523501,
      "halstead_timerequired": 92082.01683068612,
      "halstead_volume": 18960.72165101618,
      "loc": 11,
      "operands_sum": 1072,
      "operands_uniq": 233,
      "operators_sum": 1274,
      "operators_uniq": 38
    },
    "mean": {
      "comment_ratio": 24.28599960055922,
      "cyclomatic_complexity": 30,
      "fanout_external": 16,
      "fanout_internal": 1,
      "halstead_bugprop": 6.320240550338728,
      "halstead_difficulty": 87.41630901287553,
      "halstead_effort": 1657476.3029523501,
      "halstead_timerequired": 92082.01683068612,
      "halstead_volume": 18960.72165101618,
      "loc": 11,
      "operands_sum": 1072,
      "operands_uniq": 233,
      "operators_sum": 1274,
      "operators_uniq": 38
    },
    "median": {
      "comment_ratio": 24.28599960055922,
      "cyclomatic_complexity": 30,
      "fanout_external": 16,
      "fanout_internal": 1,
      "halstead_bugprop": 6.320240550338728,
      "halstead_difficulty": 87.41630901287553,
      "halstead_effort": 1657476.3029523501,
      "halstead_timerequired": 92082.01683068612,
      "halstead_volume": 18960.72165101618,
      "loc": 11,
      "operands_sum": 1072,
      "operands_uniq": 233,
      "operators_sum": 1274,
      "operators_uniq": 38
    },
    "min": {
      "comment_ratio": 24.28599960055922,
      "cyclomatic_complexity": 30,
      "fanout_external": 16,
      "fanout_internal": 1,
      "halstead_bugprop": 6.320240550338728,
      "halstead_difficulty": 87.41630901287553,
      "halstead_effort": 1657476.3029523501,
      "halstead_timerequired": 92082.01683068612,
      "halstead_volume": 18960.72165101618,
      "loc": 11,
      "operands_sum": 1072,
      "operands_uniq": 233,
      "operators_sum": 1274,
      "operators_uniq": 38
    }
  }
}
