{
  "files": {
    "/Users/lorraynereis/Documents/PUC /Engenharia de Sofware/7 Peri\u0301odo/TCC 1/plf-es-2022-2-tcci-5308100-pes-lorrayne-reis/Instrumentos/Codigos/Collect-repositories/Repositories/Cloned-repositories/PythonRobotics/PathTracking/lqr_steer_control/lqr_steer_control.py": {
      "comment_ratio": 10.673481659651232,
      "cyclomatic_complexity": 13,
      "fanout_external": 13,
      "fanout_internal": 1,
      "halstead_bugprop": 4.211342990617302,
      "halstead_difficulty": 67.50802139037434,
      "halstead_effort": 852898.2980783876,
      "halstead_timerequired": 47383.23878213265,
      "halstead_volume": 12634.028971851907,
      "lang": [
        "Python"
      ],
      "loc": 1,
      "operands_sum": 789,
      "operands_uniq": 187,
      "operators_sum": 836,
      "operators_uniq": 32
    }
  },
  "overall": {
    "comment_ratio": 10.673481659651232,
    "cyclomatic_complexity": 13,
    "fanout_external": 13,
    "fanout_internal": 1,
    "halstead_bugprop": 4.211342990617302,
    "halstead_difficulty": 67.50802139037434,
    "halstead_effort": 852898.2980783876,
    "halstead_timerequired": 47383.23878213265,
    "halstead_volume": 12634.028971851907,
    "loc": 1,
    "maintainability_index": 100,
    "operands_sum": 789,
    "operands_uniq": 187,
    "operators_sum": 836,
    "operators_uniq": 32,
    "pylint": 100.0,
    "tiobe": 84.76153846153845,
    "tiobe_compiler": 100.0,
    "tiobe_complexity": 3.076923076923077,
    "tiobe_coverage": 100.0,
    "tiobe_duplication": 100.0,
    "tiobe_fanout": 86.0,
    "tiobe_functional": 100.0,
    "tiobe_security": 100.0,
    "tiobe_standard": 100.0
  },
  "stats": {
    "max": {
      "comment_ratio": 10.673481659651232,
      "cyclomatic_complexity": 13,
      "fanout_external": 13,
      "fanout_internal": 1,
      "halstead_bugprop": 4.211342990617302,
      "halstead_difficulty": 67.50802139037434,
      "halstead_effort": 852898.2980783876,
      "halstead_timerequired": 47383.23878213265,
      "halstead_volume": 12634.028971851907,
      "loc": 1,
      "operands_sum": 789,
      "operands_uniq": 187,
      "operators_sum": 836,
      "operators_uniq": 32
    },
    "mean": {
      "comment_ratio": 10.673481659651232,
      "cyclomatic_complexity": 13,
      "fanout_external": 13,
      "fanout_internal": 1,
      "halstead_bugprop": 4.211342990617302,
      "halstead_difficulty": 67.50802139037434,
      "halstead_effort": 852898.2980783876,
      "halstead_timerequired": 47383.23878213265,
      "halstead_volume": 12634.028971851907,
      "loc": 1,
      "operands_sum": 789,
      "operands_uniq": 187,
      "operators_sum": 836,
      "operators_uniq": 32
    },
    "median": {
      "comment_ratio": 10.673481659651232,
      "cyclomatic_complexity": 13,
      "fanout_external": 13,
      "fanout_internal": 1,
      "halstead_bugprop": 4.211342990617302,
      "halstead_difficulty": 67.50802139037434,
      "halstead_effort": 852898.2980783876,
      "halstead_timerequired": 47383.23878213265,
      "halstead_volume": 12634.028971851907,
      "loc": 1,
      "operands_sum": 789,
      "operands_uniq": 187,
      "operators_sum": 836,
      "operators_uniq": 32
    },
    "min": {
      "comment_ratio": 10.673481659651232,
      "cyclomatic_complexity": 13,
      "fanout_external": 13,
      "fanout_internal": 1,
      "halstead_bugprop": 4.211342990617302,
      "halstead_difficulty": 67.50802139037434,
      "halstead_effort": 852898.2980783876,
      "halstead_timerequired": 47383.23878213265,
      "halstead_volume": 12634.028971851907,
      "loc": 1,
      "operands_sum": 789,
      "operands_uniq": 187,
      "operators_sum": 836,
      "operators_uniq": 32
    }
  }
}
