{
  "files": {
    "/Users/lorraynereis/Documents/PUC /Engenharia de Sofware/7 Peri\u0301odo/TCC 1/plf-es-2022-2-tcci-5308100-pes-lorrayne-reis/Instrumentos/Codigos/Collect-repositories/Repositories/Cloned-repositories/PythonRobotics/PathTracking/lqr_speed_steer_control/lqr_speed_steer_control.py": {
      "comment_ratio": 17.111376609584497,
      "cyclomatic_complexity": 16,
      "fanout_external": 13,
      "fanout_internal": 1,
      "halstead_bugprop": 4.361708949789515,
      "halstead_difficulty": 65.45336787564767,
      "halstead_effort": 856465.6213712338,
      "halstead_timerequired": 47581.423409512994,
      "halstead_volume": 13085.126849368544,
      "lang": [
        "Python"
      ],
      "loc": 1,
      "operands_sum": 815,
      "operands_uniq": 193,
      "operators_sum": 861,
      "operators_uniq": 31
    }
  },
  "overall": {
    "comment_ratio": 17.111376609584497,
    "cyclomatic_complexity": 16,
    "fanout_external": 13,
    "fanout_internal": 1,
    "halstead_bugprop": 4.361708949789515,
    "halstead_difficulty": 65.45336787564767,
    "halstead_effort": 856465.6213712338,
    "halstead_timerequired": 47581.423409512994,
    "halstead_volume": 13085.126849368544,
    "loc": 1,
    "maintainability_index": 100,
    "operands_sum": 815,
    "operands_uniq": 193,
    "operators_sum": 861,
    "operators_uniq": 31,
    "pylint": 100.0,
    "tiobe": 84.54685008999742,
    "tiobe_compiler": 100.0,
    "tiobe_complexity": 1.6456672666495242,
    "tiobe_coverage": 100.0,
    "tiobe_duplication": 100.0,
    "tiobe_fanout": 86.0,
    "tiobe_functional": 100.0,
    "tiobe_security": 100.0,
    "tiobe_standard": 100.0
  },
  "stats": {
    "max": {
      "comment_ratio": 17.111376609584497,
      "cyclomatic_complexity": 16,
      "fanout_external": 13,
      "fanout_internal": 1,
      "halstead_bugprop": 4.361708949789515,
      "halstead_difficulty": 65.45336787564767,
      "halstead_effort": 856465.6213712338,
      "halstead_timerequired": 47581.423409512994,
      "halstead_volume": 13085.126849368544,
      "loc": 1,
      "operands_sum": 815,
      "operands_uniq": 193,
      "operators_sum": 861,
      "operators_uniq": 31
    },
    "mean": {
      "comment_ratio": 17.111376609584497,
      "cyclomatic_complexity": 16,
      "fanout_external": 13,
      "fanout_internal": 1,
      "halstead_bugprop": 4.361708949789515,
      "halstead_difficulty": 65.45336787564767,
      "halstead_effort": 856465.6213712338,
      "halstead_timerequired": 47581.423409512994,
      "halstead_volume": 13085.126849368544,
      "loc": 1,
      "operands_sum": 815,
      "operands_uniq": 193,
      "operators_sum": 861,
      "operators_uniq": 31
    },
    "median": {
      "comment_ratio": 17.111376609584497,
      "cyclomatic_complexity": 16,
      "fanout_external": 13,
      "fanout_internal": 1,
      "halstead_bugprop": 4.361708949789515,
      "halstead_difficulty": 65.45336787564767,
      "halstead_effort": 856465.6213712338,
      "halstead_timerequired": 47581.423409512994,
      "halstead_volume": 13085.126849368544,
      "loc": 1,
      "operands_sum": 815,
      "operands_uniq": 193,
      "operators_sum": 861,
      "operators_uniq": 31
    },
    "min": {
      "comment_ratio": 17.111376609584497,
      "cyclomatic_complexity": 16,
      "fanout_external": 13,
      "fanout_internal": 1,
      "halstead_bugprop": 4.361708949789515,
      "halstead_difficulty": 65.45336787564767,
      "halstead_effort": 856465.6213712338,
      "halstead_timerequired": 47581.423409512994,
      "halstead_volume": 13085.126849368544,
      "loc": 1,
      "operands_sum": 815,
      "operands_uniq": 193,
      "operators_sum": 861,
      "operators_uniq": 31
    }
  }
}
