{
  "files": {
    "/Users/lorraynereis/Documents/PUC /Engenharia de Sofware/7 Peri\u0301odo/TCC 1/plf-es-2022-2-tcci-5308100-pes-lorrayne-reis/Instrumentos/Codigos/Collect-repositories/Repositories/Cloned-repositories/pylot/scripts/map_scenario_runner.py": {
      "comment_ratio": 28.39256260308892,
      "cyclomatic_complexity": 25,
      "fanout_external": 24,
      "fanout_internal": 1,
      "halstead_bugprop": 3.2818070562176467,
      "halstead_difficulty": 38.806763285024154,
      "halstead_effort": 382068.9287332805,
      "halstead_timerequired": 21226.05159629336,
      "halstead_volume": 9845.42116865294,
      "lang": [
        "Python"
      ],
      "loc": 1,
      "operands_sum": 554,
      "operands_uniq": 207,
      "operators_sum": 695,
      "operators_uniq": 29
    }
  },
  "overall": {
    "comment_ratio": 28.39256260308892,
    "cyclomatic_complexity": 25,
    "fanout_external": 24,
    "fanout_internal": 1,
    "halstead_bugprop": 3.2818070562176467,
    "halstead_difficulty": 38.806763285024154,
    "halstead_effort": 382068.9287332805,
    "halstead_timerequired": 21226.05159629336,
    "halstead_volume": 9845.42116865294,
    "loc": 1,
    "maintainability_index": 100,
    "operands_sum": 554,
    "operands_uniq": 207,
    "operators_sum": 695,
    "operators_uniq": 29,
    "pylint": 100.0,
    "tiobe": 83.26382978723404,
    "tiobe_compiler": 100.0,
    "tiobe_complexity": 0.425531914893617,
    "tiobe_coverage": 100.0,
    "tiobe_duplication": 100.0,
    "tiobe_fanout": 64.0,
    "tiobe_functional": 100.0,
    "tiobe_security": 100.0,
    "tiobe_standard": 100.0
  },
  "stats": {
    "max": {
      "comment_ratio": 28.39256260308892,
      "cyclomatic_complexity": 25,
      "fanout_external": 24,
      "fanout_internal": 1,
      "halstead_bugprop": 3.2818070562176467,
      "halstead_difficulty": 38.806763285024154,
      "halstead_effort": 382068.9287332805,
      "halstead_timerequired": 21226.05159629336,
      "halstead_volume": 9845.42116865294,
      "loc": 1,
      "operands_sum": 554,
      "operands_uniq": 207,
      "operators_sum": 695,
      "operators_uniq": 29
    },
    "mean": {
      "comment_ratio": 28.39256260308892,
      "cyclomatic_complexity": 25,
      "fanout_external": 24,
      "fanout_internal": 1,
      "halstead_bugprop": 3.2818070562176467,
      "halstead_difficulty": 38.806763285024154,
      "halstead_effort": 382068.9287332805,
      "halstead_timerequired": 21226.05159629336,
      "halstead_volume": 9845.42116865294,
      "loc": 1,
      "operands_sum": 554,
      "operands_uniq": 207,
      "operators_sum": 695,
      "operators_uniq": 29
    },
    "median": {
      "comment_ratio": 28.39256260308892,
      "cyclomatic_complexity": 25,
      "fanout_external": 24,
      "fanout_internal": 1,
      "halstead_bugprop": 3.2818070562176467,
      "halstead_difficulty": 38.806763285024154,
      "halstead_effort": 382068.9287332805,
      "halstead_timerequired": 21226.05159629336,
      "halstead_volume": 9845.42116865294,
      "loc": 1,
      "operands_sum": 554,
      "operands_uniq": 207,
      "operators_sum": 695,
      "operators_uniq": 29
    },
    "min": {
      "comment_ratio": 28.39256260308892,
      "cyclomatic_complexity": 25,
      "fanout_external": 24,
      "fanout_internal": 1,
      "halstead_bugprop": 3.2818070562176467,
      "halstead_difficulty": 38.806763285024154,
      "halstead_effort": 382068.9287332805,
      "halstead_timerequired": 21226.05159629336,
      "halstead_volume": 9845.42116865294,
      "loc": 1,
      "operands_sum": 554,
      "operands_uniq": 207,
      "operators_sum": 695,
      "operators_uniq": 29
    }
  }
}
