{
  "files": {
    "/Users/lorraynereis/Documents/PUC /Engenharia de Sofware/7 Peri\u0301odo/TCC 1/plf-es-2022-2-tcci-5308100-pes-lorrayne-reis/Instrumentos/Codigos/Collect-repositories/Repositories/Cloned-repositories/l5kit/l5kit/l5kit/data/map_api.py": {
      "comment_ratio": 36.07046375506528,
      "cyclomatic_complexity": 2,
      "fanout_external": 14,
      "fanout_internal": 1,
      "halstead_bugprop": 5.3698936779110396,
      "halstead_difficulty": 121.33333333333334,
      "halstead_effort": 1954641.2987596185,
      "halstead_timerequired": 108591.18326442325,
      "halstead_volume": 16109.681033733119,
      "lang": [
        "Python"
      ],
      "loc": 1,
      "operands_sum": 938,
      "operands_uniq": 201,
      "operators_sum": 1080,
      "operators_uniq": 52
    }
  },
  "overall": {
    "comment_ratio": 36.07046375506528,
    "cyclomatic_complexity": 2,
    "fanout_external": 14,
    "fanout_internal": 1,
    "halstead_bugprop": 5.3698936779110396,
    "halstead_difficulty": 121.33333333333334,
    "halstead_effort": 1954641.2987596185,
    "halstead_timerequired": 108591.18326442325,
    "halstead_volume": 16109.681033733119,
    "loc": 1,
    "maintainability_index": 100,
    "operands_sum": 938,
    "operands_uniq": 201,
    "operators_sum": 1080,
    "operators_uniq": 52,
    "pylint": 100.0,
    "tiobe": 98.52835820895523,
    "tiobe_compiler": 100.0,
    "tiobe_complexity": 95.5223880597015,
    "tiobe_coverage": 100.0,
    "tiobe_duplication": 100.0,
    "tiobe_fanout": 84.0,
    "tiobe_functional": 100.0,
    "tiobe_security": 100.0,
    "tiobe_standard": 100.0
  },
  "stats": {
    "max": {
      "comment_ratio": 36.07046375506528,
      "cyclomatic_complexity": 2,
      "fanout_external": 14,
      "fanout_internal": 1,
      "halstead_bugprop": 5.3698936779110396,
      "halstead_difficulty": 121.33333333333334,
      "halstead_effort": 1954641.2987596185,
      "halstead_timerequired": 108591.18326442325,
      "halstead_volume": 16109.681033733119,
      "loc": 1,
      "operands_sum": 938,
      "operands_uniq": 201,
      "operators_sum": 1080,
      "operators_uniq": 52
    },
    "mean": {
      "comment_ratio": 36.07046375506528,
      "cyclomatic_complexity": 2,
      "fanout_external": 14,
      "fanout_internal": 1,
      "halstead_bugprop": 5.3698936779110396,
      "halstead_difficulty": 121.33333333333334,
      "halstead_effort": 1954641.2987596185,
      "halstead_timerequired": 108591.18326442325,
      "halstead_volume": 16109.681033733119,
      "loc": 1,
      "operands_sum": 938,
      "operands_uniq": 201,
      "operators_sum": 1080,
      "operators_uniq": 52
    },
    "median": {
      "comment_ratio": 36.07046375506528,
      "cyclomatic_complexity": 2,
      "fanout_external": 14,
      "fanout_internal": 1,
      "halstead_bugprop": 5.3698936779110396,
      "halstead_difficulty": 121.33333333333334,
      "halstead_effort": 1954641.2987596185,
      "halstead_timerequired": 108591.18326442325,
      "halstead_volume": 16109.681033733119,
      "loc": 1,
      "operands_sum": 938,
      "operands_uniq": 201,
      "operators_sum": 1080,
      "operators_uniq": 52
    },
    "min": {
      "comment_ratio": 36.07046375506528,
      "cyclomatic_complexity": 2,
      "fanout_external": 14,
      "fanout_internal": 1,
      "halstead_bugprop": 5.3698936779110396,
      "halstead_difficulty": 121.33333333333334,
      "halstead_effort": 1954641.2987596185,
      "halstead_timerequired": 108591.18326442325,
      "halstead_volume": 16109.681033733119,
      "loc": 1,
      "operands_sum": 938,
      "operands_uniq": 201,
      "operators_sum": 1080,
      "operators_uniq": 52
    }
  }
}
