{
  "files": {
    "/Users/lorraynereis/Documents/PUC /Engenharia de Sofware/7 Peri\u0301odo/TCC 1/plf-es-2022-2-tcci-5308100-pes-lorrayne-reis/Instrumentos/Codigos/Collect-repositories/Repositories/Cloned-repositories/CVPR2023-3D-Occupancy-Prediction/projects/configs/_base_/models/mask_rcnn_r50_fpn.py": {
      "comment_ratio": 1.2990196078431373,
      "cyclomatic_complexity": 2,
      "fanout_external": 0,
      "fanout_internal": 0,
      "halstead_bugprop": 1.4843566843123706,
      "halstead_difficulty": 8.608108108108109,
      "halstead_effort": 38332.50842866136,
      "halstead_timerequired": 2129.5838015922977,
      "halstead_volume": 4453.0700529371115,
      "lang": [
        "Python"
      ],
      "loc": 1,
      "operands_sum": 273,
      "operands_uniq": 111,
      "operators_sum": 374,
      "operators_uniq": 7
    }
  },
  "overall": {
    "comment_ratio": 1.2990196078431373,
    "cyclomatic_complexity": 2,
    "fanout_external": 0,
    "fanout_internal": 0,
    "halstead_bugprop": 1.4843566843123706,
    "halstead_difficulty": 8.608108108108109,
    "halstead_effort": 38332.50842866136,
    "halstead_timerequired": 2129.5838015922977,
    "halstead_volume": 4453.0700529371115,
    "loc": 1,
    "maintainability_index": 100,
    "operands_sum": 273,
    "operands_uniq": 111,
    "operators_sum": 374,
    "operators_uniq": 7,
    "pylint": 100.0,
    "tiobe": 99.32835820895522,
    "tiobe_compiler": 100.0,
    "tiobe_complexity": 95.5223880597015,
    "tiobe_coverage": 100.0,
    "tiobe_duplication": 100.0,
    "tiobe_fanout": 100.0,
    "tiobe_functional": 100.0,
    "tiobe_security": 100.0,
    "tiobe_standard": 100.0
  },
  "stats": {
    "max": {
      "comment_ratio": 1.2990196078431373,
      "cyclomatic_complexity": 2,
      "fanout_external": 0,
      "fanout_internal": 0,
      "halstead_bugprop": 1.4843566843123706,
      "halstead_difficulty": 8.608108108108109,
      "halstead_effort": 38332.50842866136,
      "halstead_timerequired": 2129.5838015922977,
      "halstead_volume": 4453.0700529371115,
      "loc": 1,
      "operands_sum": 273,
      "operands_uniq": 111,
      "operators_sum": 374,
      "operators_uniq": 7
    },
    "mean": {
      "comment_ratio": 1.2990196078431373,
      "cyclomatic_complexity": 2,
      "fanout_external": 0,
      "fanout_internal": 0,
      "halstead_bugprop": 1.4843566843123706,
      "halstead_difficulty": 8.608108108108109,
      "halstead_effort": 38332.50842866136,
      "halstead_timerequired": 2129.5838015922977,
      "halstead_volume": 4453.0700529371115,
      "loc": 1,
      "operands_sum": 273,
      "operands_uniq": 111,
      "operators_sum": 374,
      "operators_uniq": 7
    },
    "median": {
      "comment_ratio": 1.2990196078431373,
      "cyclomatic_complexity": 2,
      "fanout_external": 0,
      "fanout_internal": 0,
      "halstead_bugprop": 1.4843566843123706,
      "halstead_difficulty": 8.608108108108109,
      "halstead_effort": 38332.50842866136,
      "halstead_timerequired": 2129.5838015922977,
      "halstead_volume": 4453.0700529371115,
      "loc": 1,
      "operands_sum": 273,
      "operands_uniq": 111,
      "operators_sum": 374,
      "operators_uniq": 7
    },
    "min": {
      "comment_ratio": 1.2990196078431373,
      "cyclomatic_complexity": 2,
      "fanout_external": 0,
      "fanout_internal": 0,
      "halstead_bugprop": 1.4843566843123706,
      "halstead_difficulty": 8.608108108108109,
      "halstead_effort": 38332.50842866136,
      "halstead_timerequired": 2129.5838015922977,
      "halstead_volume": 4453.0700529371115,
      "loc": 1,
      "operands_sum": 273,
      "operands_uniq": 111,
      "operators_sum": 374,
      "operators_uniq": 7
    }
  }
}
