{
  "files": {
    "/Users/lorraynereis/Documents/PUC /Engenharia de Sofware/7 Peri\u0301odo/TCC 1/plf-es-2022-2-tcci-5308100-pes-lorrayne-reis/Instrumentos/Codigos/Collect-repositories/Repositories/Cloned-repositories/l5kit/l5kit/l5kit/tests/evaluation/metrics_test.py": {
      "comment_ratio": 9.889702474742794,
      "cyclomatic_complexity": 0,
      "fanout_external": 9,
      "fanout_internal": 1,
      "halstead_bugprop": 5.640953331175449,
      "halstead_difficulty": 103.06153846153846,
      "halstead_effort": 1744095.9861020462,
      "halstead_timerequired": 96894.22145011368,
      "halstead_volume": 16922.85999352635,
      "lang": [
        "Python"
      ],
      "loc": 1,
      "operands_sum": 957,
      "operands_uniq": 130,
      "operators_sum": 1360,
      "operators_uniq": 28
    }
  },
  "overall": {
    "comment_ratio": 9.889702474742794,
    "cyclomatic_complexity": 0,
    "fanout_external": 9,
    "fanout_internal": 1,
    "halstead_bugprop": 5.640953331175449,
    "halstead_difficulty": 103.06153846153846,
    "halstead_effort": 1744095.9861020462,
    "halstead_timerequired": 96894.22145011368,
    "halstead_volume": 16922.85999352635,
    "loc": 1,
    "maintainability_index": 100,
    "operands_sum": 957,
    "operands_uniq": 130,
    "operators_sum": 1360,
    "operators_uniq": 28,
    "pylint": 100.0,
    "tiobe": 99.46923076923078,
    "tiobe_compiler": 100.0,
    "tiobe_complexity": 98.46153846153847,
    "tiobe_coverage": 100.0,
    "tiobe_duplication": 100.0,
    "tiobe_fanout": 94.0,
    "tiobe_functional": 100.0,
    "tiobe_security": 100.0,
    "tiobe_standard": 100.0
  },
  "stats": {
    "max": {
      "comment_ratio": 9.889702474742794,
      "cyclomatic_complexity": 0,
      "fanout_external": 9,
      "fanout_internal": 1,
      "halstead_bugprop": 5.640953331175449,
      "halstead_difficulty": 103.06153846153846,
      "halstead_effort": 1744095.9861020462,
      "halstead_timerequired": 96894.22145011368,
      "halstead_volume": 16922.85999352635,
      "loc": 1,
      "operands_sum": 957,
      "operands_uniq": 130,
      "operators_sum": 1360,
      "operators_uniq": 28
    },
    "mean": {
      "comment_ratio": 9.889702474742794,
      "cyclomatic_complexity": 0,
      "fanout_external": 9,
      "fanout_internal": 1,
      "halstead_bugprop": 5.640953331175449,
      "halstead_difficulty": 103.06153846153846,
      "halstead_effort": 1744095.9861020462,
      "halstead_timerequired": 96894.22145011368,
      "halstead_volume": 16922.85999352635,
      "loc": 1,
      "operands_sum": 957,
      "operands_uniq": 130,
      "operators_sum": 1360,
      "operators_uniq": 28
    },
    "median": {
      "comment_ratio": 9.889702474742794,
      "cyclomatic_complexity": 0,
      "fanout_external": 9,
      "fanout_internal": 1,
      "halstead_bugprop": 5.640953331175449,
      "halstead_difficulty": 103.06153846153846,
      "halstead_effort": 1744095.9861020462,
      "halstead_timerequired": 96894.22145011368,
      "halstead_volume": 16922.85999352635,
      "loc": 1,
      "operands_sum": 957,
      "operands_uniq": 130,
      "operators_sum": 1360,
      "operators_uniq": 28
    },
    "min": {
      "comment_ratio": 9.889702474742794,
      "cyclomatic_complexity": 0,
      "fanout_external": 9,
      "fanout_internal": 1,
      "halstead_bugprop": 5.640953331175449,
      "halstead_difficulty": 103.06153846153846,
      "halstead_effort": 1744095.9861020462,
      "halstead_timerequired": 96894.22145011368,
      "halstead_volume": 16922.85999352635,
      "loc": 1,
      "operands_sum": 957,
      "operands_uniq": 130,
      "operators_sum": 1360,
      "operators_uniq": 28
    }
  }
}
