{
  "files": {
    "/Users/lorraynereis/Documents/PUC /Engenharia de Sofware/7 Peri\u0301odo/TCC 1/plf-es-2022-2-tcci-5308100-pes-lorrayne-reis/Instrumentos/Codigos/Collect-repositories/Repositories/Cloned-repositories/l5kit/l5kit/l5kit/cle/metrics.py": {
      "comment_ratio": 34.591905946190366,
      "cyclomatic_complexity": 2,
      "fanout_external": 11,
      "fanout_internal": 1,
      "halstead_bugprop": 2.6479473318476607,
      "halstead_difficulty": 72.14999999999999,
      "halstead_effort": 573148.1999784261,
      "halstead_timerequired": 31841.566665468115,
      "halstead_volume": 7943.841995542982,
      "lang": [
        "Python"
      ],
      "loc": 1,
      "operands_sum": 468,
      "operands_uniq": 120,
      "operators_sum": 621,
      "operators_uniq": 37
    }
  },
  "overall": {
    "comment_ratio": 34.591905946190366,
    "cyclomatic_complexity": 2,
    "fanout_external": 11,
    "fanout_internal": 1,
    "halstead_bugprop": 2.6479473318476607,
    "halstead_difficulty": 72.14999999999999,
    "halstead_effort": 573148.1999784261,
    "halstead_timerequired": 31841.566665468115,
    "halstead_volume": 7943.841995542982,
    "loc": 1,
    "maintainability_index": 100,
    "operands_sum": 468,
    "operands_uniq": 120,
    "operators_sum": 621,
    "operators_uniq": 37,
    "pylint": 100.0,
    "tiobe": 98.82835820895522,
    "tiobe_compiler": 100.0,
    "tiobe_complexity": 95.5223880597015,
    "tiobe_coverage": 100.0,
    "tiobe_duplication": 100.0,
    "tiobe_fanout": 90.0,
    "tiobe_functional": 100.0,
    "tiobe_security": 100.0,
    "tiobe_standard": 100.0
  },
  "stats": {
    "max": {
      "comment_ratio": 34.591905946190366,
      "cyclomatic_complexity": 2,
      "fanout_external": 11,
      "fanout_internal": 1,
      "halstead_bugprop": 2.6479473318476607,
      "halstead_difficulty": 72.14999999999999,
      "halstead_effort": 573148.1999784261,
      "halstead_timerequired": 31841.566665468115,
      "halstead_volume": 7943.841995542982,
      "loc": 1,
      "operands_sum": 468,
      "operands_uniq": 120,
      "operators_sum": 621,
      "operators_uniq": 37
    },
    "mean": {
      "comment_ratio": 34.591905946190366,
      "cyclomatic_complexity": 2,
      "fanout_external": 11,
      "fanout_internal": 1,
      "halstead_bugprop": 2.6479473318476607,
      "halstead_difficulty": 72.14999999999999,
      "halstead_effort": 573148.1999784261,
      "halstead_timerequired": 31841.566665468115,
      "halstead_volume": 7943.841995542982,
      "loc": 1,
      "operands_sum": 468,
      "operands_uniq": 120,
      "operators_sum": 621,
      "operators_uniq": 37
    },
    "median": {
      "comment_ratio": 34.591905946190366,
      "cyclomatic_complexity": 2,
      "fanout_external": 11,
      "fanout_internal": 1,
      "halstead_bugprop": 2.6479473318476607,
      "halstead_difficulty": 72.14999999999999,
      "halstead_effort": 573148.1999784261,
      "halstead_timerequired": 31841.566665468115,
      "halstead_volume": 7943.841995542982,
      "loc": 1,
      "operands_sum": 468,
      "operands_uniq": 120,
      "operators_sum": 621,
      "operators_uniq": 37
    },
    "min": {
      "comment_ratio": 34.591905946190366,
      "cyclomatic_complexity": 2,
      "fanout_external": 11,
      "fanout_internal": 1,
      "halstead_bugprop": 2.6479473318476607,
      "halstead_difficulty": 72.14999999999999,
      "halstead_effort": 573148.1999784261,
      "halstead_timerequired": 31841.566665468115,
      "halstead_volume": 7943.841995542982,
      "loc": 1,
      "operands_sum": 468,
      "operands_uniq": 120,
      "operators_sum": 621,
      "operators_uniq": 37
    }
  }
}
