{
  "files": {
    "/Users/lorraynereis/Documents/PUC /Engenharia de Sofware/7 Peri\u0301odo/TCC 1/plf-es-2022-2-tcci-5308100-pes-lorrayne-reis/Instrumentos/Codigos/Collect-repositories/Repositories/Cloned-repositories/pylot/scripts/miou_scenario_runner.py": {
      "comment_ratio": 31.247600767754317,
      "cyclomatic_complexity": 18,
      "fanout_external": 17,
      "fanout_internal": 1,
      "halstead_bugprop": 2.251490180533145,
      "halstead_difficulty": 33.834375,
      "halstead_effort": 228533.28923092838,
      "halstead_timerequired": 12696.293846162687,
      "halstead_volume": 6754.470541599435,
      "lang": [
        "Python"
      ],
      "loc": 1,
      "operands_sum": 401,
      "operands_uniq": 160,
      "operators_sum": 494,
      "operators_uniq": 27
    }
  },
  "overall": {
    "comment_ratio": 31.247600767754317,
    "cyclomatic_complexity": 18,
    "fanout_external": 17,
    "fanout_internal": 1,
    "halstead_bugprop": 2.251490180533145,
    "halstead_difficulty": 33.834375,
    "halstead_effort": 228533.28923092838,
    "halstead_timerequired": 12696.293846162687,
    "halstead_volume": 6754.470541599435,
    "loc": 1,
    "maintainability_index": 100,
    "operands_sum": 401,
    "operands_uniq": 160,
    "operators_sum": 494,
    "operators_uniq": 27,
    "pylint": 100.0,
    "tiobe": 84.07281728172818,
    "tiobe_compiler": 100.0,
    "tiobe_complexity": 1.1521152115211521,
    "tiobe_coverage": 100.0,
    "tiobe_duplication": 100.0,
    "tiobe_fanout": 78.0,
    "tiobe_functional": 100.0,
    "tiobe_security": 100.0,
    "tiobe_standard": 100.0
  },
  "stats": {
    "max": {
      "comment_ratio": 31.247600767754317,
      "cyclomatic_complexity": 18,
      "fanout_external": 17,
      "fanout_internal": 1,
      "halstead_bugprop": 2.251490180533145,
      "halstead_difficulty": 33.834375,
      "halstead_effort": 228533.28923092838,
      "halstead_timerequired": 12696.293846162687,
      "halstead_volume": 6754.470541599435,
      "loc": 1,
      "operands_sum": 401,
      "operands_uniq": 160,
      "operators_sum": 494,
      "operators_uniq": 27
    },
    "mean": {
      "comment_ratio": 31.247600767754317,
      "cyclomatic_complexity": 18,
      "fanout_external": 17,
      "fanout_internal": 1,
      "halstead_bugprop": 2.251490180533145,
      "halstead_difficulty": 33.834375,
      "halstead_effort": 228533.28923092838,
      "halstead_timerequired": 12696.293846162687,
      "halstead_volume": 6754.470541599435,
      "loc": 1,
      "operands_sum": 401,
      "operands_uniq": 160,
      "operators_sum": 494,
      "operators_uniq": 27
    },
    "median": {
      "comment_ratio": 31.247600767754317,
      "cyclomatic_complexity": 18,
      "fanout_external": 17,
      "fanout_internal": 1,
      "halstead_bugprop": 2.251490180533145,
      "halstead_difficulty": 33.834375,
      "halstead_effort": 228533.28923092838,
      "halstead_timerequired": 12696.293846162687,
      "halstead_volume": 6754.470541599435,
      "loc": 1,
      "operands_sum": 401,
      "operands_uniq": 160,
      "operators_sum": 494,
      "operators_uniq": 27
    },
    "min": {
      "comment_ratio": 31.247600767754317,
      "cyclomatic_complexity": 18,
      "fanout_external": 17,
      "fanout_internal": 1,
      "halstead_bugprop": 2.251490180533145,
      "halstead_difficulty": 33.834375,
      "halstead_effort": 228533.28923092838,
      "halstead_timerequired": 12696.293846162687,
      "halstead_volume": 6754.470541599435,
      "loc": 1,
      "operands_sum": 401,
      "operands_uniq": 160,
      "operators_sum": 494,
      "operators_uniq": 27
    }
  }
}
