{
  "files": {
    "/Users/lorraynereis/Documents/PUC /Engenharia de Sofware/7 Peri\u0301odo/TCC 1/plf-es-2022-2-tcci-5308100-pes-lorrayne-reis/Instrumentos/Codigos/Collect-repositories/Repositories/Cloned-repositories/RTM3D/src/utils/misc.py": {
      "comment_ratio": 20.880752102919345,
      "cyclomatic_complexity": 3,
      "fanout_external": 3,
      "fanout_internal": 0,
      "halstead_bugprop": 0.6594932182261575,
      "halstead_difficulty": 42.46153846153846,
      "halstead_effort": 84009.28995250129,
      "halstead_timerequired": 4667.182775138961,
      "halstead_volume": 1978.4796546784723,
      "lang": [
        "Python"
      ],
      "loc": 1,
      "operands_sum": 138,
      "operands_uniq": 39,
      "operators_sum": 193,
      "operators_uniq": 24
    }
  },
  "overall": {
    "comment_ratio": 20.880752102919345,
    "cyclomatic_complexity": 3,
    "fanout_external": 3,
    "fanout_internal": 0,
    "halstead_bugprop": 0.6594932182261575,
    "halstead_difficulty": 42.46153846153846,
    "halstead_effort": 84009.28995250129,
    "halstead_timerequired": 4667.182775138961,
    "halstead_volume": 1978.4796546784723,
    "loc": 1,
    "maintainability_index": 100,
    "operands_sum": 138,
    "operands_uniq": 39,
    "operators_sum": 193,
    "operators_uniq": 24,
    "pylint": 100.0,
    "tiobe": 97.0,
    "tiobe_compiler": 100.0,
    "tiobe_complexity": 80.0,
    "tiobe_coverage": 100.0,
    "tiobe_duplication": 100.0,
    "tiobe_fanout": 100.0,
    "tiobe_functional": 100.0,
    "tiobe_security": 100.0,
    "tiobe_standard": 100.0
  },
  "stats": {
    "max": {
      "comment_ratio": 20.880752102919345,
      "cyclomatic_complexity": 3,
      "fanout_external": 3,
      "fanout_internal": 0,
      "halstead_bugprop": 0.6594932182261575,
      "halstead_difficulty": 42.46153846153846,
      "halstead_effort": 84009.28995250129,
      "halstead_timerequired": 4667.182775138961,
      "halstead_volume": 1978.4796546784723,
      "loc": 1,
      "operands_sum": 138,
      "operands_uniq": 39,
      "operators_sum": 193,
      "operators_uniq": 24
    },
    "mean": {
      "comment_ratio": 20.880752102919345,
      "cyclomatic_complexity": 3,
      "fanout_external": 3,
      "fanout_internal": 0,
      "halstead_bugprop": 0.6594932182261575,
      "halstead_difficulty": 42.46153846153846,
      "halstead_effort": 84009.28995250129,
      "halstead_timerequired": 4667.182775138961,
      "halstead_volume": 1978.4796546784723,
      "loc": 1,
      "operands_sum": 138,
      "operands_uniq": 39,
      "operators_sum": 193,
      "operators_uniq": 24
    },
    "median": {
      "comment_ratio": 20.880752102919345,
      "cyclomatic_complexity": 3,
      "fanout_external": 3,
      "fanout_internal": 0,
      "halstead_bugprop": 0.6594932182261575,
      "halstead_difficulty": 42.46153846153846,
      "halstead_effort": 84009.28995250129,
      "halstead_timerequired": 4667.182775138961,
      "halstead_volume": 1978.4796546784723,
      "loc": 1,
      "operands_sum": 138,
      "operands_uniq": 39,
      "operators_sum": 193,
      "operators_uniq": 24
    },
    "min": {
      "comment_ratio": 20.880752102919345,
      "cyclomatic_complexity": 3,
      "fanout_external": 3,
      "fanout_internal": 0,
      "halstead_bugprop": 0.6594932182261575,
      "halstead_difficulty": 42.46153846153846,
      "halstead_effort": 84009.28995250129,
      "halstead_timerequired": 4667.182775138961,
      "halstead_volume": 1978.4796546784723,
      "loc": 1,
      "operands_sum": 138,
      "operands_uniq": 39,
      "operators_sum": 193,
      "operators_uniq": 24
    }
  }
}
