{
  "files": {
    "/Users/lorraynereis/Documents/PUC /Engenharia de Sofware/7 Peri\u0301odo/TCC 1/plf-es-2022-2-tcci-5308100-pes-lorrayne-reis/Instrumentos/Codigos/Collect-repositories/Repositories/Cloned-repositories/CVPR2023-3D-Occupancy-Prediction/projects/mmdet3d_plugin/bevformer/apis/mmdet_train.py": {
      "comment_ratio": 12.388705164080386,
      "cyclomatic_complexity": 27,
      "fanout_external": 23,
      "fanout_internal": 1,
      "halstead_bugprop": 1.8493688750194017,
      "halstead_difficulty": 37.083333333333336,
      "halstead_effort": 205742.28734590847,
      "halstead_timerequired": 11430.127074772692,
      "halstead_volume": 5548.106625058205,
      "lang": [
        "Python"
      ],
      "loc": 3,
      "operands_sum": 356,
      "operands_uniq": 96,
      "operators_sum": 453,
      "operators_uniq": 20
    }
  },
  "overall": {
    "comment_ratio": 12.388705164080386,
    "cyclomatic_complexity": 27,
    "fanout_external": 23,
    "fanout_internal": 1,
    "halstead_bugprop": 1.8493688750194017,
    "halstead_difficulty": 37.083333333333336,
    "halstead_effort": 205742.28734590847,
    "halstead_timerequired": 11430.127074772692,
    "halstead_volume": 5548.106625058205,
    "loc": 3,
    "maintainability_index": 100,
    "operands_sum": 356,
    "operands_uniq": 96,
    "operators_sum": 453,
    "operators_uniq": 20,
    "pylint": 100.0,
    "tiobe": 83.35054759898905,
    "tiobe_compiler": 100.0,
    "tiobe_complexity": 0.33698399326032014,
    "tiobe_coverage": 100.0,
    "tiobe_duplication": 100.0,
    "tiobe_fanout": 66.0,
    "tiobe_functional": 100.0,
    "tiobe_security": 100.0,
    "tiobe_standard": 100.0
  },
  "stats": {
    "max": {
      "comment_ratio": 12.388705164080386,
      "cyclomatic_complexity": 27,
      "fanout_external": 23,
      "fanout_internal": 1,
      "halstead_bugprop": 1.8493688750194017,
      "halstead_difficulty": 37.083333333333336,
      "halstead_effort": 205742.28734590847,
      "halstead_timerequired": 11430.127074772692,
      "halstead_volume": 5548.106625058205,
      "loc": 3,
      "operands_sum": 356,
      "operands_uniq": 96,
      "operators_sum": 453,
      "operators_uniq": 20
    },
    "mean": {
      "comment_ratio": 12.388705164080386,
      "cyclomatic_complexity": 27,
      "fanout_external": 23,
      "fanout_internal": 1,
      "halstead_bugprop": 1.8493688750194017,
      "halstead_difficulty": 37.083333333333336,
      "halstead_effort": 205742.28734590847,
      "halstead_timerequired": 11430.127074772692,
      "halstead_volume": 5548.106625058205,
      "loc": 3,
      "operands_sum": 356,
      "operands_uniq": 96,
      "operators_sum": 453,
      "operators_uniq": 20
    },
    "median": {
      "comment_ratio": 12.388705164080386,
      "cyclomatic_complexity": 27,
      "fanout_external": 23,
      "fanout_internal": 1,
      "halstead_bugprop": 1.8493688750194017,
      "halstead_difficulty": 37.083333333333336,
      "halstead_effort": 205742.28734590847,
      "halstead_timerequired": 11430.127074772692,
      "halstead_volume": 5548.106625058205,
      "loc": 3,
      "operands_sum": 356,
      "operands_uniq": 96,
      "operators_sum": 453,
      "operators_uniq": 20
    },
    "min": {
      "comment_ratio": 12.388705164080386,
      "cyclomatic_complexity": 27,
      "fanout_external": 23,
      "fanout_internal": 1,
      "halstead_bugprop": 1.8493688750194017,
      "halstead_difficulty": 37.083333333333336,
      "halstead_effort": 205742.28734590847,
      "halstead_timerequired": 11430.127074772692,
      "halstead_volume": 5548.106625058205,
      "loc": 3,
      "operands_sum": 356,
      "operands_uniq": 96,
      "operators_sum": 453,
      "operators_uniq": 20
    }
  }
}
