{
  "files": {
    "/Users/lorraynereis/Documents/PUC /Engenharia de Sofware/7 Peri\u0301odo/TCC 1/plf-es-2022-2-tcci-5308100-pes-lorrayne-reis/Instrumentos/Codigos/Collect-repositories/Repositories/Cloned-repositories/l5kit/l5kit/l5kit/planning/rasterized/model.py": {
      "comment_ratio": 17.13814886020324,
      "cyclomatic_complexity": 11,
      "fanout_external": 9,
      "fanout_internal": 1,
      "halstead_bugprop": 1.082794914613003,
      "halstead_difficulty": 33.42857142857143,
      "halstead_effort": 108588.861436904,
      "halstead_timerequired": 6032.714524272445,
      "halstead_volume": 3248.3847438390085,
      "lang": [
        "Python"
      ],
      "loc": 1,
      "operands_sum": 234,
      "operands_uniq": 77,
      "operators_sum": 256,
      "operators_uniq": 22
    }
  },
  "overall": {
    "comment_ratio": 17.13814886020324,
    "cyclomatic_complexity": 11,
    "fanout_external": 9,
    "fanout_internal": 1,
    "halstead_bugprop": 1.082794914613003,
    "halstead_difficulty": 33.42857142857143,
    "halstead_effort": 108588.861436904,
    "halstead_timerequired": 6032.714524272445,
    "halstead_volume": 3248.3847438390085,
    "loc": 1,
    "maintainability_index": 100,
    "operands_sum": 234,
    "operands_uniq": 77,
    "operators_sum": 256,
    "operators_uniq": 22,
    "pylint": 100.0,
    "tiobe": 85.45949367088608,
    "tiobe_compiler": 100.0,
    "tiobe_complexity": 5.063291139240507,
    "tiobe_coverage": 100.0,
    "tiobe_duplication": 100.0,
    "tiobe_fanout": 94.0,
    "tiobe_functional": 100.0,
    "tiobe_security": 100.0,
    "tiobe_standard": 100.0
  },
  "stats": {
    "max": {
      "comment_ratio": 17.13814886020324,
      "cyclomatic_complexity": 11,
      "fanout_external": 9,
      "fanout_internal": 1,
      "halstead_bugprop": 1.082794914613003,
      "halstead_difficulty": 33.42857142857143,
      "halstead_effort": 108588.861436904,
      "halstead_timerequired": 6032.714524272445,
      "halstead_volume": 3248.3847438390085,
      "loc": 1,
      "operands_sum": 234,
      "operands_uniq": 77,
      "operators_sum": 256,
      "operators_uniq": 22
    },
    "mean": {
      "comment_ratio": 17.13814886020324,
      "cyclomatic_complexity": 11,
      "fanout_external": 9,
      "fanout_internal": 1,
      "halstead_bugprop": 1.082794914613003,
      "halstead_difficulty": 33.42857142857143,
      "halstead_effort": 108588.861436904,
      "halstead_timerequired": 6032.714524272445,
      "halstead_volume": 3248.3847438390085,
      "loc": 1,
      "operands_sum": 234,
      "operands_uniq": 77,
      "operators_sum": 256,
      "operators_uniq": 22
    },
    "median": {
      "comment_ratio": 17.13814886020324,
      "cyclomatic_complexity": 11,
      "fanout_external": 9,
      "fanout_internal": 1,
      "halstead_bugprop": 1.082794914613003,
      "halstead_difficulty": 33.42857142857143,
      "halstead_effort": 108588.861436904,
      "halstead_timerequired": 6032.714524272445,
      "halstead_volume": 3248.3847438390085,
      "loc": 1,
      "operands_sum": 234,
      "operands_uniq": 77,
      "operators_sum": 256,
      "operators_uniq": 22
    },
    "min": {
      "comment_ratio": 17.13814886020324,
      "cyclomatic_complexity": 11,
      "fanout_external": 9,
      "fanout_internal": 1,
      "halstead_bugprop": 1.082794914613003,
      "halstead_difficulty": 33.42857142857143,
      "halstead_effort": 108588.861436904,
      "halstead_timerequired": 6032.714524272445,
      "halstead_volume": 3248.3847438390085,
      "loc": 1,
      "operands_sum": 234,
      "operands_uniq": 77,
      "operators_sum": 256,
      "operators_uniq": 22
    }
  }
}
