{
  "files": {
    "/Users/lorraynereis/Documents/PUC /Engenharia de Sofware/7 Peri\u0301odo/TCC 1/plf-es-2022-2-tcci-5308100-pes-lorrayne-reis/Instrumentos/Codigos/Collect-repositories/Repositories/Cloned-repositories/PythonRobotics/Control/move_to_pose/move_to_pose_robot.py": {
      "comment_ratio": 20.24373730534868,
      "cyclomatic_complexity": 14,
      "fanout_external": 7,
      "fanout_internal": 1,
      "halstead_bugprop": 2.626340441898053,
      "halstead_difficulty": 59.869565217391305,
      "halstead_effort": 471713.5811078634,
      "halstead_timerequired": 26206.310061547967,
      "halstead_volume": 7879.02132569416,
      "lang": [
        "Python"
      ],
      "loc": 3,
      "operands_sum": 510,
      "operands_uniq": 115,
      "operators_sum": 592,
      "operators_uniq": 27
    }
  },
  "overall": {
    "comment_ratio": 20.24373730534868,
    "cyclomatic_complexity": 14,
    "fanout_external": 7,
    "fanout_internal": 1,
    "halstead_bugprop": 2.626340441898053,
    "halstead_difficulty": 59.869565217391305,
    "halstead_effort": 471713.5811078634,
    "halstead_timerequired": 26206.310061547967,
    "halstead_volume": 7879.02132569416,
    "loc": 3,
    "maintainability_index": 100,
    "operands_sum": 510,
    "operands_uniq": 115,
    "operators_sum": 592,
    "operators_uniq": 27,
    "pylint": 100.0,
    "tiobe": 85.26937283570604,
    "tiobe_compiler": 100.0,
    "tiobe_complexity": 2.4624855713736054,
    "tiobe_coverage": 100.0,
    "tiobe_duplication": 100.0,
    "tiobe_fanout": 98.0,
    "tiobe_functional": 100.0,
    "tiobe_security": 100.0,
    "tiobe_standard": 100.0
  },
  "stats": {
    "max": {
      "comment_ratio": 20.24373730534868,
      "cyclomatic_complexity": 14,
      "fanout_external": 7,
      "fanout_internal": 1,
      "halstead_bugprop": 2.626340441898053,
      "halstead_difficulty": 59.869565217391305,
      "halstead_effort": 471713.5811078634,
      "halstead_timerequired": 26206.310061547967,
      "halstead_volume": 7879.02132569416,
      "loc": 3,
      "operands_sum": 510,
      "operands_uniq": 115,
      "operators_sum": 592,
      "operators_uniq": 27
    },
    "mean": {
      "comment_ratio": 20.24373730534868,
      "cyclomatic_complexity": 14,
      "fanout_external": 7,
      "fanout_internal": 1,
      "halstead_bugprop": 2.626340441898053,
      "halstead_difficulty": 59.869565217391305,
      "halstead_effort": 471713.5811078634,
      "halstead_timerequired": 26206.310061547967,
      "halstead_volume": 7879.02132569416,
      "loc": 3,
      "operands_sum": 510,
      "operands_uniq": 115,
      "operators_sum": 592,
      "operators_uniq": 27
    },
    "median": {
      "comment_ratio": 20.24373730534868,
      "cyclomatic_complexity": 14,
      "fanout_external": 7,
      "fanout_internal": 1,
      "halstead_bugprop": 2.626340441898053,
      "halstead_difficulty": 59.869565217391305,
      "halstead_effort": 471713.5811078634,
      "halstead_timerequired": 26206.310061547967,
      "halstead_volume": 7879.02132569416,
      "loc": 3,
      "operands_sum": 510,
      "operands_uniq": 115,
      "operators_sum": 592,
      "operators_uniq": 27
    },
    "min": {
      "comment_ratio": 20.24373730534868,
      "cyclomatic_complexity": 14,
      "fanout_external": 7,
      "fanout_internal": 1,
      "halstead_bugprop": 2.626340441898053,
      "halstead_difficulty": 59.869565217391305,
      "halstead_effort": 471713.5811078634,
      "halstead_timerequired": 26206.310061547967,
      "halstead_volume": 7879.02132569416,
      "loc": 3,
      "operands_sum": 510,
      "operands_uniq": 115,
      "operators_sum": 592,
      "operators_uniq": 27
    }
  }
}
