{
  "files": {
    "/Users/lorraynereis/Documents/PUC /Engenharia de Sofware/7 Peri\u0301odo/TCC 1/plf-es-2022-2-tcci-5308100-pes-lorrayne-reis/Instrumentos/Codigos/Collect-repositories/Repositories/Cloned-repositories/PythonRobotics/Control/move_to_pose/move_to_pose.py": {
      "comment_ratio": 37.99344940527495,
      "cyclomatic_complexity": 9,
      "fanout_external": 6,
      "fanout_internal": 1,
      "halstead_bugprop": 1.9535316996039174,
      "halstead_difficulty": 51.196808510638306,
      "halstead_effort": 300043.76503225067,
      "halstead_timerequired": 16669.09805734726,
      "halstead_volume": 5860.595098811752,
      "lang": [
        "Python"
      ],
      "loc": 1,
      "operands_sum": 385,
      "operands_uniq": 94,
      "operators_sum": 465,
      "operators_uniq": 25
    }
  },
  "overall": {
    "comment_ratio": 37.99344940527495,
    "cyclomatic_complexity": 9,
    "fanout_external": 6,
    "fanout_internal": 1,
    "halstead_bugprop": 1.9535316996039174,
    "halstead_difficulty": 51.196808510638306,
    "halstead_effort": 300043.76503225067,
    "halstead_timerequired": 16669.09805734726,
    "halstead_volume": 5860.595098811752,
    "loc": 1,
    "maintainability_index": 100,
    "operands_sum": 385,
    "operands_uniq": 94,
    "operators_sum": 465,
    "operators_uniq": 25,
    "pylint": 100.0,
    "tiobe": 86.36363636363637,
    "tiobe_compiler": 100.0,
    "tiobe_complexity": 9.090909090909092,
    "tiobe_coverage": 100.0,
    "tiobe_duplication": 100.0,
    "tiobe_fanout": 100.0,
    "tiobe_functional": 100.0,
    "tiobe_security": 100.0,
    "tiobe_standard": 100.0
  },
  "stats": {
    "max": {
      "comment_ratio": 37.99344940527495,
      "cyclomatic_complexity": 9,
      "fanout_external": 6,
      "fanout_internal": 1,
      "halstead_bugprop": 1.9535316996039174,
      "halstead_difficulty": 51.196808510638306,
      "halstead_effort": 300043.76503225067,
      "halstead_timerequired": 16669.09805734726,
      "halstead_volume": 5860.595098811752,
      "loc": 1,
      "operands_sum": 385,
      "operands_uniq": 94,
      "operators_sum": 465,
      "operators_uniq": 25
    },
    "mean": {
      "comment_ratio": 37.99344940527495,
      "cyclomatic_complexity": 9,
      "fanout_external": 6,
      "fanout_internal": 1,
      "halstead_bugprop": 1.9535316996039174,
      "halstead_difficulty": 51.196808510638306,
      "halstead_effort": 300043.76503225067,
      "halstead_timerequired": 16669.09805734726,
      "halstead_volume": 5860.595098811752,
      "loc": 1,
      "operands_sum": 385,
      "operands_uniq": 94,
      "operators_sum": 465,
      "operators_uniq": 25
    },
    "median": {
      "comment_ratio": 37.99344940527495,
      "cyclomatic_complexity": 9,
      "fanout_external": 6,
      "fanout_internal": 1,
      "halstead_bugprop": 1.9535316996039174,
      "halstead_difficulty": 51.196808510638306,
      "halstead_effort": 300043.76503225067,
      "halstead_timerequired": 16669.09805734726,
      "halstead_volume": 5860.595098811752,
      "loc": 1,
      "operands_sum": 385,
      "operands_uniq": 94,
      "operators_sum": 465,
      "operators_uniq": 25
    },
    "min": {
      "comment_ratio": 37.99344940527495,
      "cyclomatic_complexity": 9,
      "fanout_external": 6,
      "fanout_internal": 1,
      "halstead_bugprop": 1.9535316996039174,
      "halstead_difficulty": 51.196808510638306,
      "halstead_effort": 300043.76503225067,
      "halstead_timerequired": 16669.09805734726,
      "halstead_volume": 5860.595098811752,
      "loc": 1,
      "operands_sum": 385,
      "operands_uniq": 94,
      "operators_sum": 465,
      "operators_uniq": 25
    }
  }
}
