{
  "files": {
    "/Users/lorraynereis/Documents/PUC /Engenharia de Sofware/7 Peri\u0301odo/TCC 1/plf-es-2022-2-tcci-5308100-pes-lorrayne-reis/Instrumentos/Codigos/Collect-repositories/Repositories/Cloned-repositories/pylot/pylot/control/mpc/mpc.py": {
      "comment_ratio": 20.440942495643608,
      "cyclomatic_complexity": 11,
      "fanout_external": 8,
      "fanout_internal": 1,
      "halstead_bugprop": 5.2628733629809465,
      "halstead_difficulty": 130.69026548672565,
      "halstead_effort": 2063418.9510929896,
      "halstead_timerequired": 114634.38617183275,
      "halstead_volume": 15788.62008894284,
      "lang": [
        "Python"
      ],
      "loc": 20,
      "operands_sum": 923,
      "operands_uniq": 113,
      "operators_sum": 1276,
      "operators_uniq": 32
    }
  },
  "overall": {
    "comment_ratio": 20.440942495643608,
    "cyclomatic_complexity": 11,
    "fanout_external": 8,
    "fanout_internal": 1,
    "halstead_bugprop": 5.2628733629809465,
    "halstead_difficulty": 130.69026548672565,
    "halstead_effort": 2063418.9510929896,
    "halstead_timerequired": 114634.38617183275,
    "halstead_volume": 15788.62008894284,
    "loc": 20,
    "maintainability_index": 69.67050466614532,
    "operands_sum": 923,
    "operands_uniq": 113,
    "operators_sum": 1276,
    "operators_uniq": 32,
    "pylint": 100.0,
    "tiobe": 85.55949367088607,
    "tiobe_compiler": 100.0,
    "tiobe_complexity": 5.063291139240507,
    "tiobe_coverage": 100.0,
    "tiobe_duplication": 100.0,
    "tiobe_fanout": 96.0,
    "tiobe_functional": 100.0,
    "tiobe_security": 100.0,
    "tiobe_standard": 100.0
  },
  "stats": {
    "max": {
      "comment_ratio": 20.440942495643608,
      "cyclomatic_complexity": 11,
      "fanout_external": 8,
      "fanout_internal": 1,
      "halstead_bugprop": 5.2628733629809465,
      "halstead_difficulty": 130.69026548672565,
      "halstead_effort": 2063418.9510929896,
      "halstead_timerequired": 114634.38617183275,
      "halstead_volume": 15788.62008894284,
      "loc": 20,
      "operands_sum": 923,
      "operands_uniq": 113,
      "operators_sum": 1276,
      "operators_uniq": 32
    },
    "mean": {
      "comment_ratio": 20.440942495643608,
      "cyclomatic_complexity": 11,
      "fanout_external": 8,
      "fanout_internal": 1,
      "halstead_bugprop": 5.2628733629809465,
      "halstead_difficulty": 130.69026548672565,
      "halstead_effort": 2063418.9510929896,
      "halstead_timerequired": 114634.38617183275,
      "halstead_volume": 15788.62008894284,
      "loc": 20,
      "operands_sum": 923,
      "operands_uniq": 113,
      "operators_sum": 1276,
      "operators_uniq": 32
    },
    "median": {
      "comment_ratio": 20.440942495643608,
      "cyclomatic_complexity": 11,
      "fanout_external": 8,
      "fanout_internal": 1,
      "halstead_bugprop": 5.2628733629809465,
      "halstead_difficulty": 130.69026548672565,
      "halstead_effort": 2063418.9510929896,
      "halstead_timerequired": 114634.38617183275,
      "halstead_volume": 15788.62008894284,
      "loc": 20,
      "operands_sum": 923,
      "operands_uniq": 113,
      "operators_sum": 1276,
      "operators_uniq": 32
    },
    "min": {
      "comment_ratio": 20.440942495643608,
      "cyclomatic_complexity": 11,
      "fanout_external": 8,
      "fanout_internal": 1,
      "halstead_bugprop": 5.2628733629809465,
      "halstead_difficulty": 130.69026548672565,
      "halstead_effort": 2063418.9510929896,
      "halstead_timerequired": 114634.38617183275,
      "halstead_volume": 15788.62008894284,
      "loc": 20,
      "operands_sum": 923,
      "operands_uniq": 113,
      "operators_sum": 1276,
      "operators_uniq": 32
    }
  }
}
