{
  "files": {
    "/Users/lorraynereis/Documents/PUC /Engenharia de Sofware/7 Peri\u0301odo/TCC 1/plf-es-2022-2-tcci-5308100-pes-lorrayne-reis/Instrumentos/Codigos/Collect-repositories/Repositories/Cloned-repositories/MotionPlanning/Control/MPC_Frenet_Frame.py": {
      "comment_ratio": 11.989669216251118,
      "cyclomatic_complexity": 18,
      "fanout_external": 16,
      "fanout_internal": 1,
      "halstead_bugprop": 5.902497620880791,
      "halstead_difficulty": 89.73611111111111,
      "halstead_effort": 1589001.5470212828,
      "halstead_timerequired": 88277.8637234046,
      "halstead_volume": 17707.49286264237,
      "lang": [
        "Python"
      ],
      "loc": 5,
      "operands_sum": 994,
      "operands_uniq": 216,
      "operators_sum": 1221,
      "operators_uniq": 39
    }
  },
  "overall": {
    "comment_ratio": 11.989669216251118,
    "cyclomatic_complexity": 18,
    "fanout_external": 16,
    "fanout_internal": 1,
    "halstead_bugprop": 5.902497620880791,
    "halstead_difficulty": 89.73611111111111,
    "halstead_effort": 1589001.5470212828,
    "halstead_timerequired": 88277.8637234046,
    "halstead_volume": 17707.49286264237,
    "loc": 5,
    "maintainability_index": 89.92204141486627,
    "operands_sum": 994,
    "operands_uniq": 216,
    "operators_sum": 1221,
    "operators_uniq": 39,
    "pylint": 100.0,
    "tiobe": 84.17281728172817,
    "tiobe_compiler": 100.0,
    "tiobe_complexity": 1.1521152115211521,
    "tiobe_coverage": 100.0,
    "tiobe_duplication": 100.0,
    "tiobe_fanout": 80.0,
    "tiobe_functional": 100.0,
    "tiobe_security": 100.0,
    "tiobe_standard": 100.0
  },
  "stats": {
    "max": {
      "comment_ratio": 11.989669216251118,
      "cyclomatic_complexity": 18,
      "fanout_external": 16,
      "fanout_internal": 1,
      "halstead_bugprop": 5.902497620880791,
      "halstead_difficulty": 89.73611111111111,
      "halstead_effort": 1589001.5470212828,
      "halstead_timerequired": 88277.8637234046,
      "halstead_volume": 17707.49286264237,
      "loc": 5,
      "operands_sum": 994,
      "operands_uniq": 216,
      "operators_sum": 1221,
      "operators_uniq": 39
    },
    "mean": {
      "comment_ratio": 11.989669216251118,
      "cyclomatic_complexity": 18,
      "fanout_external": 16,
      "fanout_internal": 1,
      "halstead_bugprop": 5.902497620880791,
      "halstead_difficulty": 89.73611111111111,
      "halstead_effort": 1589001.5470212828,
      "halstead_timerequired": 88277.8637234046,
      "halstead_volume": 17707.49286264237,
      "loc": 5,
      "operands_sum": 994,
      "operands_uniq": 216,
      "operators_sum": 1221,
      "operators_uniq": 39
    },
    "median": {
      "comment_ratio": 11.989669216251118,
      "cyclomatic_complexity": 18,
      "fanout_external": 16,
      "fanout_internal": 1,
      "halstead_bugprop": 5.902497620880791,
      "halstead_difficulty": 89.73611111111111,
      "halstead_effort": 1589001.5470212828,
      "halstead_timerequired": 88277.8637234046,
      "halstead_volume": 17707.49286264237,
      "loc": 5,
      "operands_sum": 994,
      "operands_uniq": 216,
      "operators_sum": 1221,
      "operators_uniq": 39
    },
    "min": {
      "comment_ratio": 11.989669216251118,
      "cyclomatic_complexity": 18,
      "fanout_external": 16,
      "fanout_internal": 1,
      "halstead_bugprop": 5.902497620880791,
      "halstead_difficulty": 89.73611111111111,
      "halstead_effort": 1589001.5470212828,
      "halstead_timerequired": 88277.8637234046,
      "halstead_volume": 17707.49286264237,
      "loc": 5,
      "operands_sum": 994,
      "operands_uniq": 216,
      "operators_sum": 1221,
      "operators_uniq": 39
    }
  }
}
