{
  "files": {
    "/Users/lorraynereis/Documents/PUC /Engenharia de Sofware/7 Peri\u0301odo/TCC 1/plf-es-2022-2-tcci-5308100-pes-lorrayne-reis/Instrumentos/Codigos/Collect-repositories/Repositories/Cloned-repositories/MotionPlanning/Control/MPC_XY_Frame.py": {
      "comment_ratio": 22.47029742444781,
      "cyclomatic_complexity": 20,
      "fanout_external": 16,
      "fanout_internal": 1,
      "halstead_bugprop": 6.932913082821356,
      "halstead_difficulty": 99.21806167400881,
      "halstead_effort": 2063610.5934957357,
      "halstead_timerequired": 114645.03297198532,
      "halstead_volume": 20798.73924846407,
      "lang": [
        "Python"
      ],
      "loc": 4,
      "operands_sum": 1155,
      "operands_uniq": 227,
      "operators_sum": 1427,
      "operators_uniq": 39
    }
  },
  "overall": {
    "comment_ratio": 22.47029742444781,
    "cyclomatic_complexity": 20,
    "fanout_external": 16,
    "fanout_internal": 1,
    "halstead_bugprop": 6.932913082821356,
    "halstead_difficulty": 99.21806167400881,
    "halstead_effort": 2063610.5934957357,
    "halstead_timerequired": 114645.03297198532,
    "halstead_volume": 20798.73924846407,
    "loc": 4,
    "maintainability_index": 92.24026356570945,
    "operands_sum": 1155,
    "operands_uniq": 227,
    "operators_sum": 1427,
    "operators_uniq": 39,
    "pylint": 100.0,
    "tiobe": 84.12557226945717,
    "tiobe_compiler": 100.0,
    "tiobe_complexity": 0.8371484630477436,
    "tiobe_coverage": 100.0,
    "tiobe_duplication": 100.0,
    "tiobe_fanout": 80.0,
    "tiobe_functional": 100.0,
    "tiobe_security": 100.0,
    "tiobe_standard": 100.0
  },
  "stats": {
    "max": {
      "comment_ratio": 22.47029742444781,
      "cyclomatic_complexity": 20,
      "fanout_external": 16,
      "fanout_internal": 1,
      "halstead_bugprop": 6.932913082821356,
      "halstead_difficulty": 99.21806167400881,
      "halstead_effort": 2063610.5934957357,
      "halstead_timerequired": 114645.03297198532,
      "halstead_volume": 20798.73924846407,
      "loc": 4,
      "operands_sum": 1155,
      "operands_uniq": 227,
      "operators_sum": 1427,
      "operators_uniq": 39
    },
    "mean": {
      "comment_ratio": 22.47029742444781,
      "cyclomatic_complexity": 20,
      "fanout_external": 16,
      "fanout_internal": 1,
      "halstead_bugprop": 6.932913082821356,
      "halstead_difficulty": 99.21806167400881,
      "halstead_effort": 2063610.5934957357,
      "halstead_timerequired": 114645.03297198532,
      "halstead_volume": 20798.73924846407,
      "loc": 4,
      "operands_sum": 1155,
      "operands_uniq": 227,
      "operators_sum": 1427,
      "operators_uniq": 39
    },
    "median": {
      "comment_ratio": 22.47029742444781,
      "cyclomatic_complexity": 20,
      "fanout_external": 16,
      "fanout_internal": 1,
      "halstead_bugprop": 6.932913082821356,
      "halstead_difficulty": 99.21806167400881,
      "halstead_effort": 2063610.5934957357,
      "halstead_timerequired": 114645.03297198532,
      "halstead_volume": 20798.73924846407,
      "loc": 4,
      "operands_sum": 1155,
      "operands_uniq": 227,
      "operators_sum": 1427,
      "operators_uniq": 39
    },
    "min": {
      "comment_ratio": 22.47029742444781,
      "cyclomatic_complexity": 20,
      "fanout_external": 16,
      "fanout_internal": 1,
      "halstead_bugprop": 6.932913082821356,
      "halstead_difficulty": 99.21806167400881,
      "halstead_effort": 2063610.5934957357,
      "halstead_timerequired": 114645.03297198532,
      "halstead_volume": 20798.73924846407,
      "loc": 4,
      "operands_sum": 1155,
      "operands_uniq": 227,
      "operators_sum": 1427,
      "operators_uniq": 39
    }
  }
}
