{
  "files": {
    "/Users/lorraynereis/Documents/PUC /Engenharia de Sofware/7 Peri\u0301odo/TCC 1/plf-es-2022-2-tcci-5308100-pes-lorrayne-reis/Instrumentos/Codigos/Collect-repositories/Repositories/Cloned-repositories/VoxFormer/preprocess/mobilestereonet/models/MSNet3D.py": {
      "comment_ratio": 0.6131386861313869,
      "cyclomatic_complexity": 7,
      "fanout_external": 10,
      "fanout_internal": 1,
      "halstead_bugprop": 3.198663933372723,
      "halstead_difficulty": 53.11340206185567,
      "halstead_effort": 509675.77066194644,
      "halstead_timerequired": 28315.320592330358,
      "halstead_volume": 9595.991800118169,
      "lang": [
        "Python"
      ],
      "loc": 1,
      "operands_sum": 644,
      "operands_uniq": 97,
      "operators_sum": 763,
      "operators_uniq": 16
    }
  },
  "overall": {
    "comment_ratio": 0.6131386861313869,
    "cyclomatic_complexity": 7,
    "fanout_external": 10,
    "fanout_internal": 1,
    "halstead_bugprop": 3.198663933372723,
    "halstead_difficulty": 53.11340206185567,
    "halstead_effort": 509675.77066194644,
    "halstead_timerequired": 28315.320592330358,
    "halstead_volume": 9595.991800118169,
    "loc": 1,
    "maintainability_index": 100,
    "operands_sum": 644,
    "operands_uniq": 97,
    "operators_sum": 763,
    "operators_uniq": 16,
    "pylint": 100.0,
    "tiobe": 87.32727272727271,
    "tiobe_compiler": 100.0,
    "tiobe_complexity": 18.181818181818183,
    "tiobe_coverage": 100.0,
    "tiobe_duplication": 100.0,
    "tiobe_fanout": 92.0,
    "tiobe_functional": 100.0,
    "tiobe_security": 100.0,
    "tiobe_standard": 100.0
  },
  "stats": {
    "max": {
      "comment_ratio": 0.6131386861313869,
      "cyclomatic_complexity": 7,
      "fanout_external": 10,
      "fanout_internal": 1,
      "halstead_bugprop": 3.198663933372723,
      "halstead_difficulty": 53.11340206185567,
      "halstead_effort": 509675.77066194644,
      "halstead_timerequired": 28315.320592330358,
      "halstead_volume": 9595.991800118169,
      "loc": 1,
      "operands_sum": 644,
      "operands_uniq": 97,
      "operators_sum": 763,
      "operators_uniq": 16
    },
    "mean": {
      "comment_ratio": 0.6131386861313869,
      "cyclomatic_complexity": 7,
      "fanout_external": 10,
      "fanout_internal": 1,
      "halstead_bugprop": 3.198663933372723,
      "halstead_difficulty": 53.11340206185567,
      "halstead_effort": 509675.77066194644,
      "halstead_timerequired": 28315.320592330358,
      "halstead_volume": 9595.991800118169,
      "loc": 1,
      "operands_sum": 644,
      "operands_uniq": 97,
      "operators_sum": 763,
      "operators_uniq": 16
    },
    "median": {
      "comment_ratio": 0.6131386861313869,
      "cyclomatic_complexity": 7,
      "fanout_external": 10,
      "fanout_internal": 1,
      "halstead_bugprop": 3.198663933372723,
      "halstead_difficulty": 53.11340206185567,
      "halstead_effort": 509675.77066194644,
      "halstead_timerequired": 28315.320592330358,
      "halstead_volume": 9595.991800118169,
      "loc": 1,
      "operands_sum": 644,
      "operands_uniq": 97,
      "operators_sum": 763,
      "operators_uniq": 16
    },
    "min": {
      "comment_ratio": 0.6131386861313869,
      "cyclomatic_complexity": 7,
      "fanout_external": 10,
      "fanout_internal": 1,
      "halstead_bugprop": 3.198663933372723,
      "halstead_difficulty": 53.11340206185567,
      "halstead_effort": 509675.77066194644,
      "halstead_timerequired": 28315.320592330358,
      "halstead_volume": 9595.991800118169,
      "loc": 1,
      "operands_sum": 644,
      "operands_uniq": 97,
      "operators_sum": 763,
      "operators_uniq": 16
    }
  }
}
