{
  "files": {
    "/Users/lorraynereis/Documents/PUC /Engenharia de Sofware/7 Peri\u0301odo/TCC 1/plf-es-2022-2-tcci-5308100-pes-lorrayne-reis/Instrumentos/Codigos/Collect-repositories/Repositories/Cloned-repositories/pylot/pylot/perception/tracking/multi_object_tracker.py": {
      "comment_ratio": 56.58536585365854,
      "cyclomatic_complexity": 2,
      "fanout_external": 0,
      "fanout_internal": 0,
      "halstead_bugprop": 0.06626956412160623,
      "halstead_difficulty": 13.928571428571429,
      "halstead_effort": 2769.1210722242604,
      "halstead_timerequired": 153.84005956801445,
      "halstead_volume": 198.80869236481868,
      "lang": [
        "Python"
      ],
      "loc": 1,
      "operands_sum": 15,
      "operands_uniq": 7,
      "operators_sum": 31,
      "operators_uniq": 13
    }
  },
  "overall": {
    "comment_ratio": 56.58536585365854,
    "cyclomatic_complexity": 2,
    "fanout_external": 0,
    "fanout_internal": 0,
    "halstead_bugprop": 0.06626956412160623,
    "halstead_difficulty": 13.928571428571429,
    "halstead_effort": 2769.1210722242604,
    "halstead_timerequired": 153.84005956801445,
    "halstead_volume": 198.80869236481868,
    "loc": 1,
    "maintainability_index": 100,
    "operands_sum": 15,
    "operands_uniq": 7,
    "operators_sum": 31,
    "operators_uniq": 13,
    "pylint": 100.0,
    "tiobe": 99.32835820895522,
    "tiobe_compiler": 100.0,
    "tiobe_complexity": 95.5223880597015,
    "tiobe_coverage": 100.0,
    "tiobe_duplication": 100.0,
    "tiobe_fanout": 100.0,
    "tiobe_functional": 100.0,
    "tiobe_security": 100.0,
    "tiobe_standard": 100.0
  },
  "stats": {
    "max": {
      "comment_ratio": 56.58536585365854,
      "cyclomatic_complexity": 2,
      "fanout_external": 0,
      "fanout_internal": 0,
      "halstead_bugprop": 0.06626956412160623,
      "halstead_difficulty": 13.928571428571429,
      "halstead_effort": 2769.1210722242604,
      "halstead_timerequired": 153.84005956801445,
      "halstead_volume": 198.80869236481868,
      "loc": 1,
      "operands_sum": 15,
      "operands_uniq": 7,
      "operators_sum": 31,
      "operators_uniq": 13
    },
    "mean": {
      "comment_ratio": 56.58536585365854,
      "cyclomatic_complexity": 2,
      "fanout_external": 0,
      "fanout_internal": 0,
      "halstead_bugprop": 0.06626956412160623,
      "halstead_difficulty": 13.928571428571429,
      "halstead_effort": 2769.1210722242604,
      "halstead_timerequired": 153.84005956801445,
      "halstead_volume": 198.80869236481868,
      "loc": 1,
      "operands_sum": 15,
      "operands_uniq": 7,
      "operators_sum": 31,
      "operators_uniq": 13
    },
    "median": {
      "comment_ratio": 56.58536585365854,
      "cyclomatic_complexity": 2,
      "fanout_external": 0,
      "fanout_internal": 0,
      "halstead_bugprop": 0.06626956412160623,
      "halstead_difficulty": 13.928571428571429,
      "halstead_effort": 2769.1210722242604,
      "halstead_timerequired": 153.84005956801445,
      "halstead_volume": 198.80869236481868,
      "loc": 1,
      "operands_sum": 15,
      "operands_uniq": 7,
      "operators_sum": 31,
      "operators_uniq": 13
    },
    "min": {
      "comment_ratio": 56.58536585365854,
      "cyclomatic_complexity": 2,
      "fanout_external": 0,
      "fanout_internal": 0,
      "halstead_bugprop": 0.06626956412160623,
      "halstead_difficulty": 13.928571428571429,
      "halstead_effort": 2769.1210722242604,
      "halstead_timerequired": 153.84005956801445,
      "halstead_volume": 198.80869236481868,
      "loc": 1,
      "operands_sum": 15,
      "operands_uniq": 7,
      "operators_sum": 31,
      "operators_uniq": 13
    }
  }
}
