{
  "files": {
    "/Users/lorraynereis/Documents/PUC /Engenharia de Sofware/7 Peri\u0301odo/TCC 1/plf-es-2022-2-tcci-5308100-pes-lorrayne-reis/Instrumentos/Codigos/Collect-repositories/Repositories/Cloned-repositories/Ultra-Fast-Lane-Detection/data/mytransforms.py": {
      "comment_ratio": 10.24582104228122,
      "cyclomatic_complexity": 11,
      "fanout_external": 8,
      "fanout_internal": 0,
      "halstead_bugprop": 2.3430837846569874,
      "halstead_difficulty": 129.74545454545455,
      "halstead_effort": 912013.4120352144,
      "halstead_timerequired": 50667.41177973413,
      "halstead_volume": 7029.251353970963,
      "lang": [
        "Python"
      ],
      "loc": 1,
      "operands_sum": 446,
      "operands_uniq": 55,
      "operators_sum": 645,
      "operators_uniq": 32
    }
  },
  "overall": {
    "comment_ratio": 10.24582104228122,
    "cyclomatic_complexity": 11,
    "fanout_external": 8,
    "fanout_internal": 0,
    "halstead_bugprop": 2.3430837846569874,
    "halstead_difficulty": 129.74545454545455,
    "halstead_effort": 912013.4120352144,
    "halstead_timerequired": 50667.41177973413,
    "halstead_volume": 7029.251353970963,
    "loc": 1,
    "maintainability_index": 100,
    "operands_sum": 446,
    "operands_uniq": 55,
    "operators_sum": 645,
    "operators_uniq": 32,
    "pylint": 100.0,
    "tiobe": 85.75949367088607,
    "tiobe_compiler": 100.0,
    "tiobe_complexity": 5.063291139240507,
    "tiobe_coverage": 100.0,
    "tiobe_duplication": 100.0,
    "tiobe_fanout": 100.0,
    "tiobe_functional": 100.0,
    "tiobe_security": 100.0,
    "tiobe_standard": 100.0
  },
  "stats": {
    "max": {
      "comment_ratio": 10.24582104228122,
      "cyclomatic_complexity": 11,
      "fanout_external": 8,
      "fanout_internal": 0,
      "halstead_bugprop": 2.3430837846569874,
      "halstead_difficulty": 129.74545454545455,
      "halstead_effort": 912013.4120352144,
      "halstead_timerequired": 50667.41177973413,
      "halstead_volume": 7029.251353970963,
      "loc": 1,
      "operands_sum": 446,
      "operands_uniq": 55,
      "operators_sum": 645,
      "operators_uniq": 32
    },
    "mean": {
      "comment_ratio": 10.24582104228122,
      "cyclomatic_complexity": 11,
      "fanout_external": 8,
      "fanout_internal": 0,
      "halstead_bugprop": 2.3430837846569874,
      "halstead_difficulty": 129.74545454545455,
      "halstead_effort": 912013.4120352144,
      "halstead_timerequired": 50667.41177973413,
      "halstead_volume": 7029.251353970963,
      "loc": 1,
      "operands_sum": 446,
      "operands_uniq": 55,
      "operators_sum": 645,
      "operators_uniq": 32
    },
    "median": {
      "comment_ratio": 10.24582104228122,
      "cyclomatic_complexity": 11,
      "fanout_external": 8,
      "fanout_internal": 0,
      "halstead_bugprop": 2.3430837846569874,
      "halstead_difficulty": 129.74545454545455,
      "halstead_effort": 912013.4120352144,
      "halstead_timerequired": 50667.41177973413,
      "halstead_volume": 7029.251353970963,
      "loc": 1,
      "operands_sum": 446,
      "operands_uniq": 55,
      "operators_sum": 645,
      "operators_uniq": 32
    },
    "min": {
      "comment_ratio": 10.24582104228122,
      "cyclomatic_complexity": 11,
      "fanout_external": 8,
      "fanout_internal": 0,
      "halstead_bugprop": 2.3430837846569874,
      "halstead_difficulty": 129.74545454545455,
      "halstead_effort": 912013.4120352144,
      "halstead_timerequired": 50667.41177973413,
      "halstead_volume": 7029.251353970963,
      "loc": 1,
      "operands_sum": 446,
      "operands_uniq": 55,
      "operators_sum": 645,
      "operators_uniq": 32
    }
  }
}
