{
  "files": {
    "/Users/lorraynereis/Documents/PUC /Engenharia de Sofware/7 Peri\u0301odo/TCC 1/plf-es-2022-2-tcci-5308100-pes-lorrayne-reis/Instrumentos/Codigos/Collect-repositories/Repositories/Cloned-repositories/PythonRobotics/ArmNavigation/n_joint_arm_to_point_control/NLinkArm.py": {
      "comment_ratio": 8.205953338696702,
      "cyclomatic_complexity": 10,
      "fanout_external": 5,
      "fanout_internal": 1,
      "halstead_bugprop": 1.1343586786156035,
      "halstead_difficulty": 60.63636363636363,
      "halstead_effort": 206350.15599180202,
      "halstead_timerequired": 11463.897555100113,
      "halstead_volume": 3403.07603584681,
      "lang": [
        "Python"
      ],
      "loc": 4,
      "operands_sum": 232,
      "operands_uniq": 44,
      "operators_sum": 329,
      "operators_uniq": 23
    }
  },
  "overall": {
    "comment_ratio": 8.205953338696702,
    "cyclomatic_complexity": 10,
    "fanout_external": 5,
    "fanout_internal": 1,
    "halstead_bugprop": 1.1343586786156035,
    "halstead_difficulty": 60.63636363636363,
    "halstead_effort": 206350.15599180202,
    "halstead_timerequired": 11463.897555100113,
    "halstead_volume": 3403.07603584681,
    "loc": 4,
    "maintainability_index": 100,
    "operands_sum": 232,
    "operands_uniq": 44,
    "operators_sum": 329,
    "operators_uniq": 23,
    "pylint": 100.0,
    "tiobe": 86.00523560209425,
    "tiobe_compiler": 100.0,
    "tiobe_complexity": 6.701570680628272,
    "tiobe_coverage": 100.0,
    "tiobe_duplication": 100.0,
    "tiobe_fanout": 100.0,
    "tiobe_functional": 100.0,
    "tiobe_security": 100.0,
    "tiobe_standard": 100.0
  },
  "stats": {
    "max": {
      "comment_ratio": 8.205953338696702,
      "cyclomatic_complexity": 10,
      "fanout_external": 5,
      "fanout_internal": 1,
      "halstead_bugprop": 1.1343586786156035,
      "halstead_difficulty": 60.63636363636363,
      "halstead_effort": 206350.15599180202,
      "halstead_timerequired": 11463.897555100113,
      "halstead_volume": 3403.07603584681,
      "loc": 4,
      "operands_sum": 232,
      "operands_uniq": 44,
      "operators_sum": 329,
      "operators_uniq": 23
    },
    "mean": {
      "comment_ratio": 8.205953338696702,
      "cyclomatic_complexity": 10,
      "fanout_external": 5,
      "fanout_internal": 1,
      "halstead_bugprop": 1.1343586786156035,
      "halstead_difficulty": 60.63636363636363,
      "halstead_effort": 206350.15599180202,
      "halstead_timerequired": 11463.897555100113,
      "halstead_volume": 3403.07603584681,
      "loc": 4,
      "operands_sum": 232,
      "operands_uniq": 44,
      "operators_sum": 329,
      "operators_uniq": 23
    },
    "median": {
      "comment_ratio": 8.205953338696702,
      "cyclomatic_complexity": 10,
      "fanout_external": 5,
      "fanout_internal": 1,
      "halstead_bugprop": 1.1343586786156035,
      "halstead_difficulty": 60.63636363636363,
      "halstead_effort": 206350.15599180202,
      "halstead_timerequired": 11463.897555100113,
      "halstead_volume": 3403.07603584681,
      "loc": 4,
      "operands_sum": 232,
      "operands_uniq": 44,
      "operators_sum": 329,
      "operators_uniq": 23
    },
    "min": {
      "comment_ratio": 8.205953338696702,
      "cyclomatic_complexity": 10,
      "fanout_external": 5,
      "fanout_internal": 1,
      "halstead_bugprop": 1.1343586786156035,
      "halstead_difficulty": 60.63636363636363,
      "halstead_effort": 206350.15599180202,
      "halstead_timerequired": 11463.897555100113,
      "halstead_volume": 3403.07603584681,
      "loc": 4,
      "operands_sum": 232,
      "operands_uniq": 44,
      "operators_sum": 329,
      "operators_uniq": 23
    }
  }
}
