{
  "files": {
    "/Users/lorraynereis/Documents/PUC /Engenharia de Sofware/7 Peri\u0301odo/TCC 1/plf-es-2022-2-tcci-5308100-pes-lorrayne-reis/Instrumentos/Codigos/Collect-repositories/Repositories/Cloned-repositories/PythonRobotics/ArmNavigation/n_joint_arm_3d/NLinkArm3d.py": {
      "comment_ratio": 1.0602759622367466,
      "cyclomatic_complexity": 9,
      "fanout_external": 8,
      "fanout_internal": 1,
      "halstead_bugprop": 3.950637110333697,
      "halstead_difficulty": 110.22527472527472,
      "halstead_effort": 1306380.1824791916,
      "halstead_timerequired": 72576.67680439953,
      "halstead_volume": 11851.91133100109,
      "lang": [
        "Python"
      ],
      "loc": 1,
      "operands_sum": 743,
      "operands_uniq": 91,
      "operators_sum": 979,
      "operators_uniq": 27
    }
  },
  "overall": {
    "comment_ratio": 1.0602759622367466,
    "cyclomatic_complexity": 9,
    "fanout_external": 8,
    "fanout_internal": 1,
    "halstead_bugprop": 3.950637110333697,
    "halstead_difficulty": 110.22527472527472,
    "halstead_effort": 1306380.1824791916,
    "halstead_timerequired": 72576.67680439953,
    "halstead_volume": 11851.91133100109,
    "loc": 1,
    "maintainability_index": 100,
    "operands_sum": 743,
    "operands_uniq": 91,
    "operators_sum": 979,
    "operators_uniq": 27,
    "pylint": 100.0,
    "tiobe": 86.16363636363637,
    "tiobe_compiler": 100.0,
    "tiobe_complexity": 9.090909090909092,
    "tiobe_coverage": 100.0,
    "tiobe_duplication": 100.0,
    "tiobe_fanout": 96.0,
    "tiobe_functional": 100.0,
    "tiobe_security": 100.0,
    "tiobe_standard": 100.0
  },
  "stats": {
    "max": {
      "comment_ratio": 1.0602759622367466,
      "cyclomatic_complexity": 9,
      "fanout_external": 8,
      "fanout_internal": 1,
      "halstead_bugprop": 3.950637110333697,
      "halstead_difficulty": 110.22527472527472,
      "halstead_effort": 1306380.1824791916,
      "halstead_timerequired": 72576.67680439953,
      "halstead_volume": 11851.91133100109,
      "loc": 1,
      "operands_sum": 743,
      "operands_uniq": 91,
      "operators_sum": 979,
      "operators_uniq": 27
    },
    "mean": {
      "comment_ratio": 1.0602759622367466,
      "cyclomatic_complexity": 9,
      "fanout_external": 8,
      "fanout_internal": 1,
      "halstead_bugprop": 3.950637110333697,
      "halstead_difficulty": 110.22527472527472,
      "halstead_effort": 1306380.1824791916,
      "halstead_timerequired": 72576.67680439953,
      "halstead_volume": 11851.91133100109,
      "loc": 1,
      "operands_sum": 743,
      "operands_uniq": 91,
      "operators_sum": 979,
      "operators_uniq": 27
    },
    "median": {
      "comment_ratio": 1.0602759622367466,
      "cyclomatic_complexity": 9,
      "fanout_external": 8,
      "fanout_internal": 1,
      "halstead_bugprop": 3.950637110333697,
      "halstead_difficulty": 110.22527472527472,
      "halstead_effort": 1306380.1824791916,
      "halstead_timerequired": 72576.67680439953,
      "halstead_volume": 11851.91133100109,
      "loc": 1,
      "operands_sum": 743,
      "operands_uniq": 91,
      "operators_sum": 979,
      "operators_uniq": 27
    },
    "min": {
      "comment_ratio": 1.0602759622367466,
      "cyclomatic_complexity": 9,
      "fanout_external": 8,
      "fanout_internal": 1,
      "halstead_bugprop": 3.950637110333697,
      "halstead_difficulty": 110.22527472527472,
      "halstead_effort": 1306380.1824791916,
      "halstead_timerequired": 72576.67680439953,
      "halstead_volume": 11851.91133100109,
      "loc": 1,
      "operands_sum": 743,
      "operands_uniq": 91,
      "operators_sum": 979,
      "operators_uniq": 27
    }
  }
}
