{
  "files": {
    "/Users/lorraynereis/Documents/PUC /Engenharia de Sofware/7 Peri\u0301odo/TCC 1/plf-es-2022-2-tcci-5308100-pes-lorrayne-reis/Instrumentos/Codigos/Collect-repositories/Repositories/Cloned-repositories/CVPR2023-3D-Occupancy-Prediction/projects/mmdet3d_plugin/core/bbox/coders/nms_free_coder.py": {
      "comment_ratio": 33.184357541899445,
      "cyclomatic_complexity": 6,
      "fanout_external": 10,
      "fanout_internal": 1,
      "halstead_bugprop": 0.7961509477225515,
      "halstead_difficulty": 45.080000000000005,
      "halstead_effort": 107671.45416999787,
      "halstead_timerequired": 5981.747453888771,
      "halstead_volume": 2388.4528431676545,
      "lang": [
        "Python"
      ],
      "loc": 1,
      "operands_sum": 161,
      "operands_uniq": 50,
      "operators_sum": 219,
      "operators_uniq": 28
    }
  },
  "overall": {
    "comment_ratio": 33.184357541899445,
    "cyclomatic_complexity": 6,
    "fanout_external": 10,
    "fanout_internal": 1,
    "halstead_bugprop": 0.7961509477225515,
    "halstead_difficulty": 45.080000000000005,
    "halstead_effort": 107671.45416999787,
    "halstead_timerequired": 5981.747453888771,
    "halstead_volume": 2388.4528431676545,
    "loc": 1,
    "maintainability_index": 100,
    "operands_sum": 161,
    "operands_uniq": 50,
    "operators_sum": 219,
    "operators_uniq": 28,
    "pylint": 100.0,
    "tiobe": 88.61673640167363,
    "tiobe_compiler": 100.0,
    "tiobe_complexity": 26.778242677824267,
    "tiobe_coverage": 100.0,
    "tiobe_duplication": 100.0,
    "tiobe_fanout": 92.0,
    "tiobe_functional": 100.0,
    "tiobe_security": 100.0,
    "tiobe_standard": 100.0
  },
  "stats": {
    "max": {
      "comment_ratio": 33.184357541899445,
      "cyclomatic_complexity": 6,
      "fanout_external": 10,
      "fanout_internal": 1,
      "halstead_bugprop": 0.7961509477225515,
      "halstead_difficulty": 45.080000000000005,
      "halstead_effort": 107671.45416999787,
      "halstead_timerequired": 5981.747453888771,
      "halstead_volume": 2388.4528431676545,
      "loc": 1,
      "operands_sum": 161,
      "operands_uniq": 50,
      "operators_sum": 219,
      "operators_uniq": 28
    },
    "mean": {
      "comment_ratio": 33.184357541899445,
      "cyclomatic_complexity": 6,
      "fanout_external": 10,
      "fanout_internal": 1,
      "halstead_bugprop": 0.7961509477225515,
      "halstead_difficulty": 45.080000000000005,
      "halstead_effort": 107671.45416999787,
      "halstead_timerequired": 5981.747453888771,
      "halstead_volume": 2388.4528431676545,
      "loc": 1,
      "operands_sum": 161,
      "operands_uniq": 50,
      "operators_sum": 219,
      "operators_uniq": 28
    },
    "median": {
      "comment_ratio": 33.184357541899445,
      "cyclomatic_complexity": 6,
      "fanout_external": 10,
      "fanout_internal": 1,
      "halstead_bugprop": 0.7961509477225515,
      "halstead_difficulty": 45.080000000000005,
      "halstead_effort": 107671.45416999787,
      "halstead_timerequired": 5981.747453888771,
      "halstead_volume": 2388.4528431676545,
      "loc": 1,
      "operands_sum": 161,
      "operands_uniq": 50,
      "operators_sum": 219,
      "operators_uniq": 28
    },
    "min": {
      "comment_ratio": 33.184357541899445,
      "cyclomatic_complexity": 6,
      "fanout_external": 10,
      "fanout_internal": 1,
      "halstead_bugprop": 0.7961509477225515,
      "halstead_difficulty": 45.080000000000005,
      "halstead_effort": 107671.45416999787,
      "halstead_timerequired": 5981.747453888771,
      "halstead_volume": 2388.4528431676545,
      "loc": 1,
      "operands_sum": 161,
      "operands_uniq": 50,
      "operators_sum": 219,
      "operators_uniq": 28
    }
  }
}
