{
  "files": {
    "/Users/lorraynereis/Documents/PUC /Engenharia de Sofware/7 Peri\u0301odo/TCC 1/plf-es-2022-2-tcci-5308100-pes-lorrayne-reis/Instrumentos/Codigos/Collect-repositories/Repositories/Cloned-repositories/SqueezeSeg/src/nn_skeleton.py": {
      "comment_ratio": 23.858547083115223,
      "cyclomatic_complexity": 40,
      "fanout_external": 8,
      "fanout_internal": 0,
      "halstead_bugprop": 13.102250650529847,
      "halstead_difficulty": 146.49819494584838,
      "halstead_effort": 5758368.2100920705,
      "halstead_timerequired": 319909.345005115,
      "halstead_volume": 39306.75195158954,
      "lang": [
        "Python"
      ],
      "loc": 22,
      "operands_sum": 2029,
      "operands_uniq": 277,
      "operators_sum": 2702,
      "operators_uniq": 40
    }
  },
  "overall": {
    "comment_ratio": 23.858547083115223,
    "cyclomatic_complexity": 40,
    "fanout_external": 8,
    "fanout_internal": 0,
    "halstead_bugprop": 13.102250650529847,
    "halstead_difficulty": 146.49819494584838,
    "halstead_effort": 5758368.2100920705,
    "halstead_timerequired": 319909.345005115,
    "halstead_volume": 39306.75195158954,
    "loc": 22,
    "maintainability_index": 56.71352399547611,
    "operands_sum": 2029,
    "operands_uniq": 277,
    "operators_sum": 2702,
    "operators_uniq": 40,
    "pylint": 100.0,
    "tiobe": 85.01537845414498,
    "tiobe_compiler": 100.0,
    "tiobe_complexity": 0.10252302763315979,
    "tiobe_coverage": 100.0,
    "tiobe_duplication": 100.0,
    "tiobe_fanout": 100.0,
    "tiobe_functional": 100.0,
    "tiobe_security": 100.0,
    "tiobe_standard": 100.0
  },
  "stats": {
    "max": {
      "comment_ratio": 23.858547083115223,
      "cyclomatic_complexity": 40,
      "fanout_external": 8,
      "fanout_internal": 0,
      "halstead_bugprop": 13.102250650529847,
      "halstead_difficulty": 146.49819494584838,
      "halstead_effort": 5758368.2100920705,
      "halstead_timerequired": 319909.345005115,
      "halstead_volume": 39306.75195158954,
      "loc": 22,
      "operands_sum": 2029,
      "operands_uniq": 277,
      "operators_sum": 2702,
      "operators_uniq": 40
    },
    "mean": {
      "comment_ratio": 23.858547083115223,
      "cyclomatic_complexity": 40,
      "fanout_external": 8,
      "fanout_internal": 0,
      "halstead_bugprop": 13.102250650529847,
      "halstead_difficulty": 146.49819494584838,
      "halstead_effort": 5758368.2100920705,
      "halstead_timerequired": 319909.345005115,
      "halstead_volume": 39306.75195158954,
      "loc": 22,
      "operands_sum": 2029,
      "operands_uniq": 277,
      "operators_sum": 2702,
      "operators_uniq": 40
    },
    "median": {
      "comment_ratio": 23.858547083115223,
      "cyclomatic_complexity": 40,
      "fanout_external": 8,
      "fanout_internal": 0,
      "halstead_bugprop": 13.102250650529847,
      "halstead_difficulty": 146.49819494584838,
      "halstead_effort": 5758368.2100920705,
      "halstead_timerequired": 319909.345005115,
      "halstead_volume": 39306.75195158954,
      "loc": 22,
      "operands_sum": 2029,
      "operands_uniq": 277,
      "operators_sum": 2702,
      "operators_uniq": 40
    },
    "min": {
      "comment_ratio": 23.858547083115223,
      "cyclomatic_complexity": 40,
      "fanout_external": 8,
      "fanout_internal": 0,
      "halstead_bugprop": 13.102250650529847,
      "halstead_difficulty": 146.49819494584838,
      "halstead_effort": 5758368.2100920705,
      "halstead_timerequired": 319909.345005115,
      "halstead_volume": 39306.75195158954,
      "loc": 22,
      "operands_sum": 2029,
      "operands_uniq": 277,
      "operators_sum": 2702,
      "operators_uniq": 40
    }
  }
}
