{
  "files": {
    "/Users/lorraynereis/Documents/PUC /Engenharia de Sofware/7 Peri\u0301odo/TCC 1/plf-es-2022-2-tcci-5308100-pes-lorrayne-reis/Instrumentos/Codigos/Collect-repositories/Repositories/Cloned-repositories/CVPR2023-3D-Occupancy-Prediction/projects/configs/_base_/datasets/nus-3d.py": {
      "comment_ratio": 23.051881993896234,
      "cyclomatic_complexity": 2,
      "fanout_external": 0,
      "fanout_internal": 0,
      "halstead_bugprop": 1.1073571317280573,
      "halstead_difficulty": 13.67741935483871,
      "halstead_effort": 45437.36359864803,
      "halstead_timerequired": 2524.2979777026685,
      "halstead_volume": 3322.0713951841717,
      "lang": [
        "Python"
      ],
      "loc": 1,
      "operands_sum": 212,
      "operands_uniq": 62,
      "operators_sum": 330,
      "operators_uniq": 8
    }
  },
  "overall": {
    "comment_ratio": 23.051881993896234,
    "cyclomatic_complexity": 2,
    "fanout_external": 0,
    "fanout_internal": 0,
    "halstead_bugprop": 1.1073571317280573,
    "halstead_difficulty": 13.67741935483871,
    "halstead_effort": 45437.36359864803,
    "halstead_timerequired": 2524.2979777026685,
    "halstead_volume": 3322.0713951841717,
    "loc": 1,
    "maintainability_index": 100,
    "operands_sum": 212,
    "operands_uniq": 62,
    "operators_sum": 330,
    "operators_uniq": 8,
    "pylint": 100.0,
    "tiobe": 99.32835820895522,
    "tiobe_compiler": 100.0,
    "tiobe_complexity": 95.5223880597015,
    "tiobe_coverage": 100.0,
    "tiobe_duplication": 100.0,
    "tiobe_fanout": 100.0,
    "tiobe_functional": 100.0,
    "tiobe_security": 100.0,
    "tiobe_standard": 100.0
  },
  "stats": {
    "max": {
      "comment_ratio": 23.051881993896234,
      "cyclomatic_complexity": 2,
      "fanout_external": 0,
      "fanout_internal": 0,
      "halstead_bugprop": 1.1073571317280573,
      "halstead_difficulty": 13.67741935483871,
      "halstead_effort": 45437.36359864803,
      "halstead_timerequired": 2524.2979777026685,
      "halstead_volume": 3322.0713951841717,
      "loc": 1,
      "operands_sum": 212,
      "operands_uniq": 62,
      "operators_sum": 330,
      "operators_uniq": 8
    },
    "mean": {
      "comment_ratio": 23.051881993896234,
      "cyclomatic_complexity": 2,
      "fanout_external": 0,
      "fanout_internal": 0,
      "halstead_bugprop": 1.1073571317280573,
      "halstead_difficulty": 13.67741935483871,
      "halstead_effort": 45437.36359864803,
      "halstead_timerequired": 2524.2979777026685,
      "halstead_volume": 3322.0713951841717,
      "loc": 1,
      "operands_sum": 212,
      "operands_uniq": 62,
      "operators_sum": 330,
      "operators_uniq": 8
    },
    "median": {
      "comment_ratio": 23.051881993896234,
      "cyclomatic_complexity": 2,
      "fanout_external": 0,
      "fanout_internal": 0,
      "halstead_bugprop": 1.1073571317280573,
      "halstead_difficulty": 13.67741935483871,
      "halstead_effort": 45437.36359864803,
      "halstead_timerequired": 2524.2979777026685,
      "halstead_volume": 3322.0713951841717,
      "loc": 1,
      "operands_sum": 212,
      "operands_uniq": 62,
      "operators_sum": 330,
      "operators_uniq": 8
    },
    "min": {
      "comment_ratio": 23.051881993896234,
      "cyclomatic_complexity": 2,
      "fanout_external": 0,
      "fanout_internal": 0,
      "halstead_bugprop": 1.1073571317280573,
      "halstead_difficulty": 13.67741935483871,
      "halstead_effort": 45437.36359864803,
      "halstead_timerequired": 2524.2979777026685,
      "halstead_volume": 3322.0713951841717,
      "loc": 1,
      "operands_sum": 212,
      "operands_uniq": 62,
      "operators_sum": 330,
      "operators_uniq": 8
    }
  }
}
