{
  "files": {
    "/Users/lorraynereis/Documents/PUC /Engenharia de Sofware/7 Peri\u0301odo/TCC 1/plf-es-2022-2-tcci-5308100-pes-lorrayne-reis/Instrumentos/Codigos/Collect-repositories/Repositories/Cloned-repositories/CVPR2023-3D-Occupancy-Prediction/projects/mmdet3d_plugin/datasets/nuscenes_dataset.py": {
      "comment_ratio": 21.879705908406414,
      "cyclomatic_complexity": 18,
      "fanout_external": 22,
      "fanout_internal": 1,
      "halstead_bugprop": 3.452591403887173,
      "halstead_difficulty": 52.877192982456144,
      "halstead_effort": 547690.0258587337,
      "halstead_timerequired": 30427.223658818537,
      "halstead_volume": 10357.774211661519,
      "lang": [
        "Python"
      ],
      "loc": 1,
      "operands_sum": 548,
      "operands_uniq": 171,
      "operators_sum": 802,
      "operators_uniq": 33
    }
  },
  "overall": {
    "comment_ratio": 21.879705908406414,
    "cyclomatic_complexity": 18,
    "fanout_external": 22,
    "fanout_internal": 1,
    "halstead_bugprop": 3.452591403887173,
    "halstead_difficulty": 52.877192982456144,
    "halstead_effort": 547690.0258587337,
    "halstead_timerequired": 30427.223658818537,
    "halstead_volume": 10357.774211661519,
    "loc": 1,
    "maintainability_index": 100,
    "operands_sum": 548,
    "operands_uniq": 171,
    "operators_sum": 802,
    "operators_uniq": 33,
    "pylint": 100.0,
    "tiobe": 83.57281728172818,
    "tiobe_compiler": 100.0,
    "tiobe_complexity": 1.1521152115211521,
    "tiobe_coverage": 100.0,
    "tiobe_duplication": 100.0,
    "tiobe_fanout": 68.0,
    "tiobe_functional": 100.0,
    "tiobe_security": 100.0,
    "tiobe_standard": 100.0
  },
  "stats": {
    "max": {
      "comment_ratio": 21.879705908406414,
      "cyclomatic_complexity": 18,
      "fanout_external": 22,
      "fanout_internal": 1,
      "halstead_bugprop": 3.452591403887173,
      "halstead_difficulty": 52.877192982456144,
      "halstead_effort": 547690.0258587337,
      "halstead_timerequired": 30427.223658818537,
      "halstead_volume": 10357.774211661519,
      "loc": 1,
      "operands_sum": 548,
      "operands_uniq": 171,
      "operators_sum": 802,
      "operators_uniq": 33
    },
    "mean": {
      "comment_ratio": 21.879705908406414,
      "cyclomatic_complexity": 18,
      "fanout_external": 22,
      "fanout_internal": 1,
      "halstead_bugprop": 3.452591403887173,
      "halstead_difficulty": 52.877192982456144,
      "halstead_effort": 547690.0258587337,
      "halstead_timerequired": 30427.223658818537,
      "halstead_volume": 10357.774211661519,
      "loc": 1,
      "operands_sum": 548,
      "operands_uniq": 171,
      "operators_sum": 802,
      "operators_uniq": 33
    },
    "median": {
      "comment_ratio": 21.879705908406414,
      "cyclomatic_complexity": 18,
      "fanout_external": 22,
      "fanout_internal": 1,
      "halstead_bugprop": 3.452591403887173,
      "halstead_difficulty": 52.877192982456144,
      "halstead_effort": 547690.0258587337,
      "halstead_timerequired": 30427.223658818537,
      "halstead_volume": 10357.774211661519,
      "loc": 1,
      "operands_sum": 548,
      "operands_uniq": 171,
      "operators_sum": 802,
      "operators_uniq": 33
    },
    "min": {
      "comment_ratio": 21.879705908406414,
      "cyclomatic_complexity": 18,
      "fanout_external": 22,
      "fanout_internal": 1,
      "halstead_bugprop": 3.452591403887173,
      "halstead_difficulty": 52.877192982456144,
      "halstead_effort": 547690.0258587337,
      "halstead_timerequired": 30427.223658818537,
      "halstead_volume": 10357.774211661519,
      "loc": 1,
      "operands_sum": 548,
      "operands_uniq": 171,
      "operators_sum": 802,
      "operators_uniq": 33
    }
  }
}
