{
  "files": {
    "/Users/lorraynereis/Documents/PUC /Engenharia de Sofware/7 Peri\u0301odo/TCC 1/plf-es-2022-2-tcci-5308100-pes-lorrayne-reis/Instrumentos/Codigos/Collect-repositories/Repositories/Cloned-repositories/CVPR2023-3D-Occupancy-Prediction/projects/mmdet3d_plugin/datasets/nuscnes_eval.py": {
      "comment_ratio": 18.056475784824105,
      "cyclomatic_complexity": 89,
      "fanout_external": 40,
      "fanout_internal": 1,
      "halstead_bugprop": 9.681295678928226,
      "halstead_difficulty": 106.66451612903226,
      "halstead_effort": 3097952.1572849103,
      "halstead_timerequired": 172108.45318249502,
      "halstead_volume": 29043.88703678468,
      "lang": [
        "Python"
      ],
      "loc": 7,
      "operands_sum": 1503,
      "operands_uniq": 310,
      "operators_sum": 1927,
      "operators_uniq": 44
    }
  },
  "overall": {
    "comment_ratio": 18.056475784824105,
    "cyclomatic_complexity": 89,
    "fanout_external": 40,
    "fanout_internal": 1,
    "halstead_bugprop": 9.681295678928226,
    "halstead_difficulty": 106.66451612903226,
    "halstead_effort": 3097952.1572849103,
    "halstead_timerequired": 172108.45318249502,
    "halstead_volume": 29043.88703678468,
    "loc": 7,
    "maintainability_index": 65.56812636752976,
    "operands_sum": 1503,
    "operands_uniq": 310,
    "operators_sum": 1927,
    "operators_uniq": 44,
    "pylint": 100.0,
    "tiobe": 81.60137728399596,
    "tiobe_compiler": 100.0,
    "tiobe_complexity": 0.009181893306399779,
    "tiobe_coverage": 100.0,
    "tiobe_duplication": 100.0,
    "tiobe_fanout": 32.0,
    "tiobe_functional": 100.0,
    "tiobe_security": 100.0,
    "tiobe_standard": 100.0
  },
  "stats": {
    "max": {
      "comment_ratio": 18.056475784824105,
      "cyclomatic_complexity": 89,
      "fanout_external": 40,
      "fanout_internal": 1,
      "halstead_bugprop": 9.681295678928226,
      "halstead_difficulty": 106.66451612903226,
      "halstead_effort": 3097952.1572849103,
      "halstead_timerequired": 172108.45318249502,
      "halstead_volume": 29043.88703678468,
      "loc": 7,
      "operands_sum": 1503,
      "operands_uniq": 310,
      "operators_sum": 1927,
      "operators_uniq": 44
    },
    "mean": {
      "comment_ratio": 18.056475784824105,
      "cyclomatic_complexity": 89,
      "fanout_external": 40,
      "fanout_internal": 1,
      "halstead_bugprop": 9.681295678928226,
      "halstead_difficulty": 106.66451612903226,
      "halstead_effort": 3097952.1572849103,
      "halstead_timerequired": 172108.45318249502,
      "halstead_volume": 29043.88703678468,
      "loc": 7,
      "operands_sum": 1503,
      "operands_uniq": 310,
      "operators_sum": 1927,
      "operators_uniq": 44
    },
    "median": {
      "comment_ratio": 18.056475784824105,
      "cyclomatic_complexity": 89,
      "fanout_external": 40,
      "fanout_internal": 1,
      "halstead_bugprop": 9.681295678928226,
      "halstead_difficulty": 106.66451612903226,
      "halstead_effort": 3097952.1572849103,
      "halstead_timerequired": 172108.45318249502,
      "halstead_volume": 29043.88703678468,
      "loc": 7,
      "operands_sum": 1503,
      "operands_uniq": 310,
      "operators_sum": 1927,
      "operators_uniq": 44
    },
    "min": {
      "comment_ratio": 18.056475784824105,
      "cyclomatic_complexity": 89,
      "fanout_external": 40,
      "fanout_internal": 1,
      "halstead_bugprop": 9.681295678928226,
      "halstead_difficulty": 106.66451612903226,
      "halstead_effort": 3097952.1572849103,
      "halstead_timerequired": 172108.45318249502,
      "halstead_volume": 29043.88703678468,
      "loc": 7,
      "operands_sum": 1503,
      "operands_uniq": 310,
      "operators_sum": 1927,
      "operators_uniq": 44
    }
  }
}
