{
  "files": {
    "/Users/lorraynereis/Documents/PUC /Engenharia de Sofware/7 Peri\u0301odo/TCC 1/plf-es-2022-2-tcci-5308100-pes-lorrayne-reis/Instrumentos/Codigos/Collect-repositories/Repositories/Cloned-repositories/CVPR2023-3D-Occupancy-Prediction/projects/mmdet3d_plugin/datasets/nuscenes_occ.py": {
      "comment_ratio": 15.463221825894149,
      "cyclomatic_complexity": 19,
      "fanout_external": 23,
      "fanout_internal": 1,
      "halstead_bugprop": 3.4035943554183627,
      "halstead_difficulty": 47.90112994350282,
      "halstead_effort": 489108.0464816032,
      "halstead_timerequired": 27172.669248977953,
      "halstead_volume": 10210.783066255088,
      "lang": [
        "Python"
      ],
      "loc": 1,
      "operands_sum": 547,
      "operands_uniq": 177,
      "operators_sum": 779,
      "operators_uniq": 31
    }
  },
  "overall": {
    "comment_ratio": 15.463221825894149,
    "cyclomatic_complexity": 19,
    "fanout_external": 23,
    "fanout_internal": 1,
    "halstead_bugprop": 3.4035943554183627,
    "halstead_difficulty": 47.90112994350282,
    "halstead_effort": 489108.0464816032,
    "halstead_timerequired": 27172.669248977953,
    "halstead_volume": 10210.783066255088,
    "loc": 1,
    "maintainability_index": 100,
    "operands_sum": 547,
    "operands_uniq": 177,
    "operators_sum": 779,
    "operators_uniq": 31,
    "pylint": 100.0,
    "tiobe": 83.44669926650367,
    "tiobe_compiler": 100.0,
    "tiobe_complexity": 0.9779951100244498,
    "tiobe_coverage": 100.0,
    "tiobe_duplication": 100.0,
    "tiobe_fanout": 66.0,
    "tiobe_functional": 100.0,
    "tiobe_security": 100.0,
    "tiobe_standard": 100.0
  },
  "stats": {
    "max": {
      "comment_ratio": 15.463221825894149,
      "cyclomatic_complexity": 19,
      "fanout_external": 23,
      "fanout_internal": 1,
      "halstead_bugprop": 3.4035943554183627,
      "halstead_difficulty": 47.90112994350282,
      "halstead_effort": 489108.0464816032,
      "halstead_timerequired": 27172.669248977953,
      "halstead_volume": 10210.783066255088,
      "loc": 1,
      "operands_sum": 547,
      "operands_uniq": 177,
      "operators_sum": 779,
      "operators_uniq": 31
    },
    "mean": {
      "comment_ratio": 15.463221825894149,
      "cyclomatic_complexity": 19,
      "fanout_external": 23,
      "fanout_internal": 1,
      "halstead_bugprop": 3.4035943554183627,
      "halstead_difficulty": 47.90112994350282,
      "halstead_effort": 489108.0464816032,
      "halstead_timerequired": 27172.669248977953,
      "halstead_volume": 10210.783066255088,
      "loc": 1,
      "operands_sum": 547,
      "operands_uniq": 177,
      "operators_sum": 779,
      "operators_uniq": 31
    },
    "median": {
      "comment_ratio": 15.463221825894149,
      "cyclomatic_complexity": 19,
      "fanout_external": 23,
      "fanout_internal": 1,
      "halstead_bugprop": 3.4035943554183627,
      "halstead_difficulty": 47.90112994350282,
      "halstead_effort": 489108.0464816032,
      "halstead_timerequired": 27172.669248977953,
      "halstead_volume": 10210.783066255088,
      "loc": 1,
      "operands_sum": 547,
      "operands_uniq": 177,
      "operators_sum": 779,
      "operators_uniq": 31
    },
    "min": {
      "comment_ratio": 15.463221825894149,
      "cyclomatic_complexity": 19,
      "fanout_external": 23,
      "fanout_internal": 1,
      "halstead_bugprop": 3.4035943554183627,
      "halstead_difficulty": 47.90112994350282,
      "halstead_effort": 489108.0464816032,
      "halstead_timerequired": 27172.669248977953,
      "halstead_volume": 10210.783066255088,
      "loc": 1,
      "operands_sum": 547,
      "operands_uniq": 177,
      "operators_sum": 779,
      "operators_uniq": 31
    }
  }
}
