{
  "files": {
    "/Users/lorraynereis/Documents/PUC /Engenharia de Sofware/7 Peri\u0301odo/TCC 1/plf-es-2022-2-tcci-5308100-pes-lorrayne-reis/Instrumentos/Codigos/Collect-repositories/Repositories/Cloned-repositories/CVPR2023-3D-Occupancy-Prediction/tools/data_converter/nuscenes_converter.py": {
      "comment_ratio": 22.86711677152064,
      "cyclomatic_complexity": 49,
      "fanout_external": 19,
      "fanout_internal": 1,
      "halstead_bugprop": 8.00834665679018,
      "halstead_difficulty": 70.90076335877863,
      "halstead_effort": 1703393.67362444,
      "halstead_timerequired": 94632.98186802445,
      "halstead_volume": 24025.039970370544,
      "lang": [
        "Python"
      ],
      "loc": 1,
      "operands_sum": 1161,
      "operands_uniq": 262,
      "operators_sum": 1769,
      "operators_uniq": 32
    }
  },
  "overall": {
    "comment_ratio": 22.86711677152064,
    "cyclomatic_complexity": 49,
    "fanout_external": 19,
    "fanout_internal": 1,
    "halstead_bugprop": 8.00834665679018,
    "halstead_difficulty": 70.90076335877863,
    "halstead_effort": 1703393.67362444,
    "halstead_timerequired": 94632.98186802445,
    "halstead_volume": 24025.039970370544,
    "loc": 1,
    "maintainability_index": 100,
    "operands_sum": 1161,
    "operands_uniq": 262,
    "operators_sum": 1769,
    "operators_uniq": 32,
    "pylint": 100.0,
    "tiobe": 83.70832870627429,
    "tiobe_compiler": 100.0,
    "tiobe_complexity": 0.0555247084952804,
    "tiobe_coverage": 100.0,
    "tiobe_duplication": 100.0,
    "tiobe_fanout": 74.0,
    "tiobe_functional": 100.0,
    "tiobe_security": 100.0,
    "tiobe_standard": 100.0
  },
  "stats": {
    "max": {
      "comment_ratio": 22.86711677152064,
      "cyclomatic_complexity": 49,
      "fanout_external": 19,
      "fanout_internal": 1,
      "halstead_bugprop": 8.00834665679018,
      "halstead_difficulty": 70.90076335877863,
      "halstead_effort": 1703393.67362444,
      "halstead_timerequired": 94632.98186802445,
      "halstead_volume": 24025.039970370544,
      "loc": 1,
      "operands_sum": 1161,
      "operands_uniq": 262,
      "operators_sum": 1769,
      "operators_uniq": 32
    },
    "mean": {
      "comment_ratio": 22.86711677152064,
      "cyclomatic_complexity": 49,
      "fanout_external": 19,
      "fanout_internal": 1,
      "halstead_bugprop": 8.00834665679018,
      "halstead_difficulty": 70.90076335877863,
      "halstead_effort": 1703393.67362444,
      "halstead_timerequired": 94632.98186802445,
      "halstead_volume": 24025.039970370544,
      "loc": 1,
      "operands_sum": 1161,
      "operands_uniq": 262,
      "operators_sum": 1769,
      "operators_uniq": 32
    },
    "median": {
      "comment_ratio": 22.86711677152064,
      "cyclomatic_complexity": 49,
      "fanout_external": 19,
      "fanout_internal": 1,
      "halstead_bugprop": 8.00834665679018,
      "halstead_difficulty": 70.90076335877863,
      "halstead_effort": 1703393.67362444,
      "halstead_timerequired": 94632.98186802445,
      "halstead_volume": 24025.039970370544,
      "loc": 1,
      "operands_sum": 1161,
      "operands_uniq": 262,
      "operators_sum": 1769,
      "operators_uniq": 32
    },
    "min": {
      "comment_ratio": 22.86711677152064,
      "cyclomatic_complexity": 49,
      "fanout_external": 19,
      "fanout_internal": 1,
      "halstead_bugprop": 8.00834665679018,
      "halstead_difficulty": 70.90076335877863,
      "halstead_effort": 1703393.67362444,
      "halstead_timerequired": 94632.98186802445,
      "halstead_volume": 24025.039970370544,
      "loc": 1,
      "operands_sum": 1161,
      "operands_uniq": 262,
      "operators_sum": 1769,
      "operators_uniq": 32
    }
  }
}
