{
  "files": {
    "/Users/lorraynereis/Documents/PUC /Engenharia de Sofware/7 Peri\u0301odo/TCC 1/plf-es-2022-2-tcci-5308100-pes-lorrayne-reis/Instrumentos/Codigos/Collect-repositories/Repositories/Cloned-repositories/CVPR2023-3D-Occupancy-Prediction/tools/data_converter/nuscenes_occ_converter.py": {
      "comment_ratio": 22.326481977956508,
      "cyclomatic_complexity": 51,
      "fanout_external": 21,
      "fanout_internal": 1,
      "halstead_bugprop": 8.336596621952312,
      "halstead_difficulty": 71.02583025830258,
      "halstead_effort": 1776341.0898081707,
      "halstead_timerequired": 98685.61610045393,
      "halstead_volume": 25009.789865856936,
      "lang": [
        "Python"
      ],
      "loc": 1,
      "operands_sum": 1203,
      "operands_uniq": 271,
      "operators_sum": 1831,
      "operators_uniq": 32
    }
  },
  "overall": {
    "comment_ratio": 22.326481977956508,
    "cyclomatic_complexity": 51,
    "fanout_external": 21,
    "fanout_internal": 1,
    "halstead_bugprop": 8.336596621952312,
    "halstead_difficulty": 71.02583025830258,
    "halstead_effort": 1776341.0898081707,
    "halstead_timerequired": 98685.61610045393,
    "halstead_volume": 25009.789865856936,
    "loc": 1,
    "maintainability_index": 100,
    "operands_sum": 1203,
    "operands_uniq": 271,
    "operators_sum": 1831,
    "operators_uniq": 32,
    "pylint": 100.0,
    "tiobe": 83.50738098167056,
    "tiobe_compiler": 100.0,
    "tiobe_complexity": 0.049206544470414566,
    "tiobe_coverage": 100.0,
    "tiobe_duplication": 100.0,
    "tiobe_fanout": 70.0,
    "tiobe_functional": 100.0,
    "tiobe_security": 100.0,
    "tiobe_standard": 100.0
  },
  "stats": {
    "max": {
      "comment_ratio": 22.326481977956508,
      "cyclomatic_complexity": 51,
      "fanout_external": 21,
      "fanout_internal": 1,
      "halstead_bugprop": 8.336596621952312,
      "halstead_difficulty": 71.02583025830258,
      "halstead_effort": 1776341.0898081707,
      "halstead_timerequired": 98685.61610045393,
      "halstead_volume": 25009.789865856936,
      "loc": 1,
      "operands_sum": 1203,
      "operands_uniq": 271,
      "operators_sum": 1831,
      "operators_uniq": 32
    },
    "mean": {
      "comment_ratio": 22.326481977956508,
      "cyclomatic_complexity": 51,
      "fanout_external": 21,
      "fanout_internal": 1,
      "halstead_bugprop": 8.336596621952312,
      "halstead_difficulty": 71.02583025830258,
      "halstead_effort": 1776341.0898081707,
      "halstead_timerequired": 98685.61610045393,
      "halstead_volume": 25009.789865856936,
      "loc": 1,
      "operands_sum": 1203,
      "operands_uniq": 271,
      "operators_sum": 1831,
      "operators_uniq": 32
    },
    "median": {
      "comment_ratio": 22.326481977956508,
      "cyclomatic_complexity": 51,
      "fanout_external": 21,
      "fanout_internal": 1,
      "halstead_bugprop": 8.336596621952312,
      "halstead_difficulty": 71.02583025830258,
      "halstead_effort": 1776341.0898081707,
      "halstead_timerequired": 98685.61610045393,
      "halstead_volume": 25009.789865856936,
      "loc": 1,
      "operands_sum": 1203,
      "operands_uniq": 271,
      "operators_sum": 1831,
      "operators_uniq": 32
    },
    "min": {
      "comment_ratio": 22.326481977956508,
      "cyclomatic_complexity": 51,
      "fanout_external": 21,
      "fanout_internal": 1,
      "halstead_bugprop": 8.336596621952312,
      "halstead_difficulty": 71.02583025830258,
      "halstead_effort": 1776341.0898081707,
      "halstead_timerequired": 98685.61610045393,
      "halstead_volume": 25009.789865856936,
      "loc": 1,
      "operands_sum": 1203,
      "operands_uniq": 271,
      "operators_sum": 1831,
      "operators_uniq": 32
    }
  }
}
