{
  "files": {
    "/Users/lorraynereis/Documents/PUC /Engenharia de Sofware/7 Peri\u0301odo/TCC 1/plf-es-2022-2-tcci-5308100-pes-lorrayne-reis/Instrumentos/Codigos/Collect-repositories/Repositories/Cloned-repositories/pylot/pylot/perception/tracking/object_tracker_operator.py": {
      "comment_ratio": 11.181464958986904,
      "cyclomatic_complexity": 8,
      "fanout_external": 10,
      "fanout_internal": 1,
      "halstead_bugprop": 1.6535593834278672,
      "halstead_difficulty": 62.4390243902439,
      "halstead_effort": 309739.9040177078,
      "halstead_timerequired": 17207.77244542821,
      "halstead_volume": 4960.678150283602,
      "lang": [
        "Python"
      ],
      "loc": 6,
      "operands_sum": 320,
      "operands_uniq": 82,
      "operators_sum": 406,
      "operators_uniq": 32
    }
  },
  "overall": {
    "comment_ratio": 11.181464958986904,
    "cyclomatic_complexity": 8,
    "fanout_external": 10,
    "fanout_internal": 1,
    "halstead_bugprop": 1.6535593834278672,
    "halstead_difficulty": 62.4390243902439,
    "halstead_effort": 309739.9040177078,
    "halstead_timerequired": 17207.77244542821,
    "halstead_volume": 4960.678150283602,
    "loc": 6,
    "maintainability_index": 95.88514838055829,
    "operands_sum": 320,
    "operands_uniq": 82,
    "operators_sum": 406,
    "operators_uniq": 32,
    "pylint": 100.0,
    "tiobe": 86.5009900990099,
    "tiobe_compiler": 100.0,
    "tiobe_complexity": 12.673267326732674,
    "tiobe_coverage": 100.0,
    "tiobe_duplication": 100.0,
    "tiobe_fanout": 92.0,
    "tiobe_functional": 100.0,
    "tiobe_security": 100.0,
    "tiobe_standard": 100.0
  },
  "stats": {
    "max": {
      "comment_ratio": 11.181464958986904,
      "cyclomatic_complexity": 8,
      "fanout_external": 10,
      "fanout_internal": 1,
      "halstead_bugprop": 1.6535593834278672,
      "halstead_difficulty": 62.4390243902439,
      "halstead_effort": 309739.9040177078,
      "halstead_timerequired": 17207.77244542821,
      "halstead_volume": 4960.678150283602,
      "loc": 6,
      "operands_sum": 320,
      "operands_uniq": 82,
      "operators_sum": 406,
      "operators_uniq": 32
    },
    "mean": {
      "comment_ratio": 11.181464958986904,
      "cyclomatic_complexity": 8,
      "fanout_external": 10,
      "fanout_internal": 1,
      "halstead_bugprop": 1.6535593834278672,
      "halstead_difficulty": 62.4390243902439,
      "halstead_effort": 309739.9040177078,
      "halstead_timerequired": 17207.77244542821,
      "halstead_volume": 4960.678150283602,
      "loc": 6,
      "operands_sum": 320,
      "operands_uniq": 82,
      "operators_sum": 406,
      "operators_uniq": 32
    },
    "median": {
      "comment_ratio": 11.181464958986904,
      "cyclomatic_complexity": 8,
      "fanout_external": 10,
      "fanout_internal": 1,
      "halstead_bugprop": 1.6535593834278672,
      "halstead_difficulty": 62.4390243902439,
      "halstead_effort": 309739.9040177078,
      "halstead_timerequired": 17207.77244542821,
      "halstead_volume": 4960.678150283602,
      "loc": 6,
      "operands_sum": 320,
      "operands_uniq": 82,
      "operators_sum": 406,
      "operators_uniq": 32
    },
    "min": {
      "comment_ratio": 11.181464958986904,
      "cyclomatic_complexity": 8,
      "fanout_external": 10,
      "fanout_internal": 1,
      "halstead_bugprop": 1.6535593834278672,
      "halstead_difficulty": 62.4390243902439,
      "halstead_effort": 309739.9040177078,
      "halstead_timerequired": 17207.77244542821,
      "halstead_volume": 4960.678150283602,
      "loc": 6,
      "operands_sum": 320,
      "operands_uniq": 82,
      "operators_sum": 406,
      "operators_uniq": 32
    }
  }
}
