{
  "files": {
    "/Users/lorraynereis/Documents/PUC /Engenharia de Sofware/7 Peri\u0301odo/TCC 1/plf-es-2022-2-tcci-5308100-pes-lorrayne-reis/Instrumentos/Codigos/Collect-repositories/Repositories/Cloned-repositories/pylot/pylot/prediction/obstacle_prediction.py": {
      "comment_ratio": 25.493945188017847,
      "cyclomatic_complexity": 0,
      "fanout_external": 5,
      "fanout_internal": 1,
      "halstead_bugprop": 0.5793253418844558,
      "halstead_difficulty": 52.58620689655172,
      "halstead_effort": 91393.56686625467,
      "halstead_timerequired": 5077.420381458593,
      "halstead_volume": 1737.9760256533675,
      "lang": [
        "Python"
      ],
      "loc": 1,
      "operands_sum": 122,
      "operands_uniq": 29,
      "operators_sum": 180,
      "operators_uniq": 25
    }
  },
  "overall": {
    "comment_ratio": 25.493945188017847,
    "cyclomatic_complexity": 0,
    "fanout_external": 5,
    "fanout_internal": 1,
    "halstead_bugprop": 0.5793253418844558,
    "halstead_difficulty": 52.58620689655172,
    "halstead_effort": 91393.56686625467,
    "halstead_timerequired": 5077.420381458593,
    "halstead_volume": 1737.9760256533675,
    "loc": 1,
    "maintainability_index": 100,
    "operands_sum": 122,
    "operands_uniq": 29,
    "operators_sum": 180,
    "operators_uniq": 25,
    "pylint": 100.0,
    "tiobe": 99.76923076923077,
    "tiobe_compiler": 100.0,
    "tiobe_complexity": 98.46153846153847,
    "tiobe_coverage": 100.0,
    "tiobe_duplication": 100.0,
    "tiobe_fanout": 100.0,
    "tiobe_functional": 100.0,
    "tiobe_security": 100.0,
    "tiobe_standard": 100.0
  },
  "stats": {
    "max": {
      "comment_ratio": 25.493945188017847,
      "cyclomatic_complexity": 0,
      "fanout_external": 5,
      "fanout_internal": 1,
      "halstead_bugprop": 0.5793253418844558,
      "halstead_difficulty": 52.58620689655172,
      "halstead_effort": 91393.56686625467,
      "halstead_timerequired": 5077.420381458593,
      "halstead_volume": 1737.9760256533675,
      "loc": 1,
      "operands_sum": 122,
      "operands_uniq": 29,
      "operators_sum": 180,
      "operators_uniq": 25
    },
    "mean": {
      "comment_ratio": 25.493945188017847,
      "cyclomatic_complexity": 0,
      "fanout_external": 5,
      "fanout_internal": 1,
      "halstead_bugprop": 0.5793253418844558,
      "halstead_difficulty": 52.58620689655172,
      "halstead_effort": 91393.56686625467,
      "halstead_timerequired": 5077.420381458593,
      "halstead_volume": 1737.9760256533675,
      "loc": 1,
      "operands_sum": 122,
      "operands_uniq": 29,
      "operators_sum": 180,
      "operators_uniq": 25
    },
    "median": {
      "comment_ratio": 25.493945188017847,
      "cyclomatic_complexity": 0,
      "fanout_external": 5,
      "fanout_internal": 1,
      "halstead_bugprop": 0.5793253418844558,
      "halstead_difficulty": 52.58620689655172,
      "halstead_effort": 91393.56686625467,
      "halstead_timerequired": 5077.420381458593,
      "halstead_volume": 1737.9760256533675,
      "loc": 1,
      "operands_sum": 122,
      "operands_uniq": 29,
      "operators_sum": 180,
      "operators_uniq": 25
    },
    "min": {
      "comment_ratio": 25.493945188017847,
      "cyclomatic_complexity": 0,
      "fanout_external": 5,
      "fanout_internal": 1,
      "halstead_bugprop": 0.5793253418844558,
      "halstead_difficulty": 52.58620689655172,
      "halstead_effort": 91393.56686625467,
      "halstead_timerequired": 5077.420381458593,
      "halstead_volume": 1737.9760256533675,
      "loc": 1,
      "operands_sum": 122,
      "operands_uniq": 29,
      "operators_sum": 180,
      "operators_uniq": 25
    }
  }
}
