{
  "files": {
    "/Users/lorraynereis/Documents/PUC /Engenharia de Sofware/7 Peri\u0301odo/TCC 1/plf-es-2022-2-tcci-5308100-pes-lorrayne-reis/Instrumentos/Codigos/Collect-repositories/Repositories/Cloned-repositories/pylot/pylot/perception/tracking/obstacle_location_history_operator.py": {
      "comment_ratio": 9.483208630589873,
      "cyclomatic_complexity": 7,
      "fanout_external": 9,
      "fanout_internal": 1,
      "halstead_bugprop": 1.6329246132128088,
      "halstead_difficulty": 42.471590909090914,
      "halstead_effort": 208058.7184732798,
      "halstead_timerequired": 11558.817692959989,
      "halstead_volume": 4898.773839638427,
      "lang": [
        "Python"
      ],
      "loc": 1,
      "operands_sum": 325,
      "operands_uniq": 88,
      "operators_sum": 396,
      "operators_uniq": 23
    }
  },
  "overall": {
    "comment_ratio": 9.483208630589873,
    "cyclomatic_complexity": 7,
    "fanout_external": 9,
    "fanout_internal": 1,
    "halstead_bugprop": 1.6329246132128088,
    "halstead_difficulty": 42.471590909090914,
    "halstead_effort": 208058.7184732798,
    "halstead_timerequired": 11558.817692959989,
    "halstead_volume": 4898.773839638427,
    "loc": 1,
    "maintainability_index": 100,
    "operands_sum": 325,
    "operands_uniq": 88,
    "operators_sum": 396,
    "operators_uniq": 23,
    "pylint": 100.0,
    "tiobe": 87.42727272727272,
    "tiobe_compiler": 100.0,
    "tiobe_complexity": 18.181818181818183,
    "tiobe_coverage": 100.0,
    "tiobe_duplication": 100.0,
    "tiobe_fanout": 94.0,
    "tiobe_functional": 100.0,
    "tiobe_security": 100.0,
    "tiobe_standard": 100.0
  },
  "stats": {
    "max": {
      "comment_ratio": 9.483208630589873,
      "cyclomatic_complexity": 7,
      "fanout_external": 9,
      "fanout_internal": 1,
      "halstead_bugprop": 1.6329246132128088,
      "halstead_difficulty": 42.471590909090914,
      "halstead_effort": 208058.7184732798,
      "halstead_timerequired": 11558.817692959989,
      "halstead_volume": 4898.773839638427,
      "loc": 1,
      "operands_sum": 325,
      "operands_uniq": 88,
      "operators_sum": 396,
      "operators_uniq": 23
    },
    "mean": {
      "comment_ratio": 9.483208630589873,
      "cyclomatic_complexity": 7,
      "fanout_external": 9,
      "fanout_internal": 1,
      "halstead_bugprop": 1.6329246132128088,
      "halstead_difficulty": 42.471590909090914,
      "halstead_effort": 208058.7184732798,
      "halstead_timerequired": 11558.817692959989,
      "halstead_volume": 4898.773839638427,
      "loc": 1,
      "operands_sum": 325,
      "operands_uniq": 88,
      "operators_sum": 396,
      "operators_uniq": 23
    },
    "median": {
      "comment_ratio": 9.483208630589873,
      "cyclomatic_complexity": 7,
      "fanout_external": 9,
      "fanout_internal": 1,
      "halstead_bugprop": 1.6329246132128088,
      "halstead_difficulty": 42.471590909090914,
      "halstead_effort": 208058.7184732798,
      "halstead_timerequired": 11558.817692959989,
      "halstead_volume": 4898.773839638427,
      "loc": 1,
      "operands_sum": 325,
      "operands_uniq": 88,
      "operators_sum": 396,
      "operators_uniq": 23
    },
    "min": {
      "comment_ratio": 9.483208630589873,
      "cyclomatic_complexity": 7,
      "fanout_external": 9,
      "fanout_internal": 1,
      "halstead_bugprop": 1.6329246132128088,
      "halstead_difficulty": 42.471590909090914,
      "halstead_effort": 208058.7184732798,
      "halstead_timerequired": 11558.817692959989,
      "halstead_volume": 4898.773839638427,
      "loc": 1,
      "operands_sum": 325,
      "operands_uniq": 88,
      "operators_sum": 396,
      "operators_uniq": 23
    }
  }
}
