{
  "files": {
    "/Users/lorraynereis/Documents/PUC /Engenharia de Sofware/7 Peri\u0301odo/TCC 1/plf-es-2022-2-tcci-5308100-pes-lorrayne-reis/Instrumentos/Codigos/Collect-repositories/Repositories/Cloned-repositories/CVPR2023-3D-Occupancy-Prediction/projects/mmdet3d_plugin/datasets/occ_metrics.py": {
      "comment_ratio": 16.399162595952546,
      "cyclomatic_complexity": 4,
      "fanout_external": 17,
      "fanout_internal": 1,
      "halstead_bugprop": 3.1354573458052593,
      "halstead_difficulty": 62.03007518796992,
      "halstead_effort": 583477.9647269185,
      "halstead_timerequired": 32415.442484828804,
      "halstead_volume": 9406.372037415778,
      "lang": [
        "Python"
      ],
      "loc": 2,
      "operands_sum": 550,
      "operands_uniq": 133,
      "operators_sum": 730,
      "operators_uniq": 30
    }
  },
  "overall": {
    "comment_ratio": 16.399162595952546,
    "cyclomatic_complexity": 4,
    "fanout_external": 17,
    "fanout_internal": 1,
    "halstead_bugprop": 3.1354573458052593,
    "halstead_difficulty": 62.03007518796992,
    "halstead_effort": 583477.9647269185,
    "halstead_timerequired": 32415.442484828804,
    "halstead_volume": 9406.372037415778,
    "loc": 2,
    "maintainability_index": 100,
    "operands_sum": 550,
    "operands_uniq": 133,
    "operators_sum": 730,
    "operators_uniq": 30,
    "pylint": 100.0,
    "tiobe": 92.7073394495413,
    "tiobe_compiler": 100.0,
    "tiobe_complexity": 58.71559633027523,
    "tiobe_coverage": 100.0,
    "tiobe_duplication": 100.0,
    "tiobe_fanout": 78.0,
    "tiobe_functional": 100.0,
    "tiobe_security": 100.0,
    "tiobe_standard": 100.0
  },
  "stats": {
    "max": {
      "comment_ratio": 16.399162595952546,
      "cyclomatic_complexity": 4,
      "fanout_external": 17,
      "fanout_internal": 1,
      "halstead_bugprop": 3.1354573458052593,
      "halstead_difficulty": 62.03007518796992,
      "halstead_effort": 583477.9647269185,
      "halstead_timerequired": 32415.442484828804,
      "halstead_volume": 9406.372037415778,
      "loc": 2,
      "operands_sum": 550,
      "operands_uniq": 133,
      "operators_sum": 730,
      "operators_uniq": 30
    },
    "mean": {
      "comment_ratio": 16.399162595952546,
      "cyclomatic_complexity": 4,
      "fanout_external": 17,
      "fanout_internal": 1,
      "halstead_bugprop": 3.1354573458052593,
      "halstead_difficulty": 62.03007518796992,
      "halstead_effort": 583477.9647269185,
      "halstead_timerequired": 32415.442484828804,
      "halstead_volume": 9406.372037415778,
      "loc": 2,
      "operands_sum": 550,
      "operands_uniq": 133,
      "operators_sum": 730,
      "operators_uniq": 30
    },
    "median": {
      "comment_ratio": 16.399162595952546,
      "cyclomatic_complexity": 4,
      "fanout_external": 17,
      "fanout_internal": 1,
      "halstead_bugprop": 3.1354573458052593,
      "halstead_difficulty": 62.03007518796992,
      "halstead_effort": 583477.9647269185,
      "halstead_timerequired": 32415.442484828804,
      "halstead_volume": 9406.372037415778,
      "loc": 2,
      "operands_sum": 550,
      "operands_uniq": 133,
      "operators_sum": 730,
      "operators_uniq": 30
    },
    "min": {
      "comment_ratio": 16.399162595952546,
      "cyclomatic_complexity": 4,
      "fanout_external": 17,
      "fanout_internal": 1,
      "halstead_bugprop": 3.1354573458052593,
      "halstead_difficulty": 62.03007518796992,
      "halstead_effort": 583477.9647269185,
      "halstead_timerequired": 32415.442484828804,
      "halstead_volume": 9406.372037415778,
      "loc": 2,
      "operands_sum": 550,
      "operands_uniq": 133,
      "operators_sum": 730,
      "operators_uniq": 30
    }
  }
}
