{
  "files": {
    "/Users/lorraynereis/Documents/PUC /Engenharia de Sofware/7 Peri\u0301odo/TCC 1/plf-es-2022-2-tcci-5308100-pes-lorrayne-reis/Instrumentos/Codigos/Collect-repositories/Repositories/Cloned-repositories/Cam2BEV/preprocessing/occlusion/occlusion.py": {
      "comment_ratio": 23.112150443340155,
      "cyclomatic_complexity": 48,
      "fanout_external": 10,
      "fanout_internal": 1,
      "halstead_bugprop": 5.453624140336475,
      "halstead_difficulty": 63.280434782608694,
      "halstead_effort": 1035323.1202242682,
      "halstead_timerequired": 57517.951123570456,
      "halstead_volume": 16360.872421009426,
      "lang": [
        "Python"
      ],
      "loc": 1,
      "operands_sum": 939,
      "operands_uniq": 230,
      "operators_sum": 1099,
      "operators_uniq": 31
    }
  },
  "overall": {
    "comment_ratio": 23.112150443340155,
    "cyclomatic_complexity": 48,
    "fanout_external": 10,
    "fanout_internal": 1,
    "halstead_bugprop": 5.453624140336475,
    "halstead_difficulty": 63.280434782608694,
    "halstead_effort": 1035323.1202242682,
    "halstead_timerequired": 57517.951123570456,
    "halstead_volume": 16360.872421009426,
    "loc": 1,
    "maintainability_index": 100,
    "operands_sum": 939,
    "operands_uniq": 230,
    "operators_sum": 1099,
    "operators_uniq": 31,
    "pylint": 100.0,
    "tiobe": 84.60886385670098,
    "tiobe_compiler": 100.0,
    "tiobe_complexity": 0.05909237800655556,
    "tiobe_coverage": 100.0,
    "tiobe_duplication": 100.0,
    "tiobe_fanout": 92.0,
    "tiobe_functional": 100.0,
    "tiobe_security": 100.0,
    "tiobe_standard": 100.0
  },
  "stats": {
    "max": {
      "comment_ratio": 23.112150443340155,
      "cyclomatic_complexity": 48,
      "fanout_external": 10,
      "fanout_internal": 1,
      "halstead_bugprop": 5.453624140336475,
      "halstead_difficulty": 63.280434782608694,
      "halstead_effort": 1035323.1202242682,
      "halstead_timerequired": 57517.951123570456,
      "halstead_volume": 16360.872421009426,
      "loc": 1,
      "operands_sum": 939,
      "operands_uniq": 230,
      "operators_sum": 1099,
      "operators_uniq": 31
    },
    "mean": {
      "comment_ratio": 23.112150443340155,
      "cyclomatic_complexity": 48,
      "fanout_external": 10,
      "fanout_internal": 1,
      "halstead_bugprop": 5.453624140336475,
      "halstead_difficulty": 63.280434782608694,
      "halstead_effort": 1035323.1202242682,
      "halstead_timerequired": 57517.951123570456,
      "halstead_volume": 16360.872421009426,
      "loc": 1,
      "operands_sum": 939,
      "operands_uniq": 230,
      "operators_sum": 1099,
      "operators_uniq": 31
    },
    "median": {
      "comment_ratio": 23.112150443340155,
      "cyclomatic_complexity": 48,
      "fanout_external": 10,
      "fanout_internal": 1,
      "halstead_bugprop": 5.453624140336475,
      "halstead_difficulty": 63.280434782608694,
      "halstead_effort": 1035323.1202242682,
      "halstead_timerequired": 57517.951123570456,
      "halstead_volume": 16360.872421009426,
      "loc": 1,
      "operands_sum": 939,
      "operands_uniq": 230,
      "operators_sum": 1099,
      "operators_uniq": 31
    },
    "min": {
      "comment_ratio": 23.112150443340155,
      "cyclomatic_complexity": 48,
      "fanout_external": 10,
      "fanout_internal": 1,
      "halstead_bugprop": 5.453624140336475,
      "halstead_difficulty": 63.280434782608694,
      "halstead_effort": 1035323.1202242682,
      "halstead_timerequired": 57517.951123570456,
      "halstead_volume": 16360.872421009426,
      "loc": 1,
      "operands_sum": 939,
      "operands_uniq": 230,
      "operators_sum": 1099,
      "operators_uniq": 31
    }
  }
}
