{
  "files": {
    "/Users/lorraynereis/Documents/PUC /Engenharia de Sofware/7 Peri\u0301odo/TCC 1/plf-es-2022-2-tcci-5308100-pes-lorrayne-reis/Instrumentos/Codigos/Collect-repositories/Repositories/Cloned-repositories/l5kit/l5kit/l5kit/tests/planning/open_loop_model_test.py": {
      "comment_ratio": 8.843308675184936,
      "cyclomatic_complexity": 0,
      "fanout_external": 9,
      "fanout_internal": 1,
      "halstead_bugprop": 1.000596917664286,
      "halstead_difficulty": 40.94827586206897,
      "halstead_effort": 122918.15583375926,
      "halstead_timerequired": 6828.786435208847,
      "halstead_volume": 3001.7907529928575,
      "lang": [
        "Python"
      ],
      "loc": 1,
      "operands_sum": 250,
      "operands_uniq": 58,
      "operators_sum": 229,
      "operators_uniq": 19
    }
  },
  "overall": {
    "comment_ratio": 8.843308675184936,
    "cyclomatic_complexity": 0,
    "fanout_external": 9,
    "fanout_internal": 1,
    "halstead_bugprop": 1.000596917664286,
    "halstead_difficulty": 40.94827586206897,
    "halstead_effort": 122918.15583375926,
    "halstead_timerequired": 6828.786435208847,
    "halstead_volume": 3001.7907529928575,
    "loc": 1,
    "maintainability_index": 100,
    "operands_sum": 250,
    "operands_uniq": 58,
    "operators_sum": 229,
    "operators_uniq": 19,
    "pylint": 100.0,
    "tiobe": 99.46923076923078,
    "tiobe_compiler": 100.0,
    "tiobe_complexity": 98.46153846153847,
    "tiobe_coverage": 100.0,
    "tiobe_duplication": 100.0,
    "tiobe_fanout": 94.0,
    "tiobe_functional": 100.0,
    "tiobe_security": 100.0,
    "tiobe_standard": 100.0
  },
  "stats": {
    "max": {
      "comment_ratio": 8.843308675184936,
      "cyclomatic_complexity": 0,
      "fanout_external": 9,
      "fanout_internal": 1,
      "halstead_bugprop": 1.000596917664286,
      "halstead_difficulty": 40.94827586206897,
      "halstead_effort": 122918.15583375926,
      "halstead_timerequired": 6828.786435208847,
      "halstead_volume": 3001.7907529928575,
      "loc": 1,
      "operands_sum": 250,
      "operands_uniq": 58,
      "operators_sum": 229,
      "operators_uniq": 19
    },
    "mean": {
      "comment_ratio": 8.843308675184936,
      "cyclomatic_complexity": 0,
      "fanout_external": 9,
      "fanout_internal": 1,
      "halstead_bugprop": 1.000596917664286,
      "halstead_difficulty": 40.94827586206897,
      "halstead_effort": 122918.15583375926,
      "halstead_timerequired": 6828.786435208847,
      "halstead_volume": 3001.7907529928575,
      "loc": 1,
      "operands_sum": 250,
      "operands_uniq": 58,
      "operators_sum": 229,
      "operators_uniq": 19
    },
    "median": {
      "comment_ratio": 8.843308675184936,
      "cyclomatic_complexity": 0,
      "fanout_external": 9,
      "fanout_internal": 1,
      "halstead_bugprop": 1.000596917664286,
      "halstead_difficulty": 40.94827586206897,
      "halstead_effort": 122918.15583375926,
      "halstead_timerequired": 6828.786435208847,
      "halstead_volume": 3001.7907529928575,
      "loc": 1,
      "operands_sum": 250,
      "operands_uniq": 58,
      "operators_sum": 229,
      "operators_uniq": 19
    },
    "min": {
      "comment_ratio": 8.843308675184936,
      "cyclomatic_complexity": 0,
      "fanout_external": 9,
      "fanout_internal": 1,
      "halstead_bugprop": 1.000596917664286,
      "halstead_difficulty": 40.94827586206897,
      "halstead_effort": 122918.15583375926,
      "halstead_timerequired": 6828.786435208847,
      "halstead_volume": 3001.7907529928575,
      "loc": 1,
      "operands_sum": 250,
      "operands_uniq": 58,
      "operators_sum": 229,
      "operators_uniq": 19
    }
  }
}
