{
  "files": {
    "/Users/lorraynereis/Documents/PUC /Engenharia de Sofware/7 Peri\u0301odo/TCC 1/plf-es-2022-2-tcci-5308100-pes-lorrayne-reis/Instrumentos/Codigos/Collect-repositories/Repositories/Cloned-repositories/pylot/pylot/operator_creator.py": {
      "comment_ratio": 6.806420845424843,
      "cyclomatic_complexity": 0,
      "fanout_external": 77,
      "fanout_internal": 1,
      "halstead_bugprop": 11.004875193704487,
      "halstead_difficulty": 311.72037914691947,
      "halstead_effort": 10291331.603538275,
      "halstead_timerequired": 571740.6446410152,
      "halstead_volume": 33014.62558111346,
      "lang": [
        "Python"
      ],
      "loc": 37,
      "operands_sum": 1802,
      "operands_uniq": 211,
      "operators_sum": 2249,
      "operators_uniq": 73
    }
  },
  "overall": {
    "comment_ratio": 6.806420845424843,
    "cyclomatic_complexity": 0,
    "fanout_external": 77,
    "fanout_internal": 1,
    "halstead_bugprop": 11.004875193704487,
    "halstead_difficulty": 311.72037914691947,
    "halstead_effort": 10291331.603538275,
    "halstead_timerequired": 571740.6446410152,
    "halstead_volume": 33014.62558111346,
    "loc": 37,
    "maintainability_index": 58.39865891836286,
    "operands_sum": 1802,
    "operands_uniq": 211,
    "operators_sum": 2249,
    "operators_uniq": 73,
    "pylint": 100.0,
    "tiobe": 94.76923076923077,
    "tiobe_compiler": 100.0,
    "tiobe_complexity": 98.46153846153847,
    "tiobe_coverage": 100.0,
    "tiobe_duplication": 100.0,
    "tiobe_fanout": 0.0,
    "tiobe_functional": 100.0,
    "tiobe_security": 100.0,
    "tiobe_standard": 100.0
  },
  "stats": {
    "max": {
      "comment_ratio": 6.806420845424843,
      "cyclomatic_complexity": 0,
      "fanout_external": 77,
      "fanout_internal": 1,
      "halstead_bugprop": 11.004875193704487,
      "halstead_difficulty": 311.72037914691947,
      "halstead_effort": 10291331.603538275,
      "halstead_timerequired": 571740.6446410152,
      "halstead_volume": 33014.62558111346,
      "loc": 37,
      "operands_sum": 1802,
      "operands_uniq": 211,
      "operators_sum": 2249,
      "operators_uniq": 73
    },
    "mean": {
      "comment_ratio": 6.806420845424843,
      "cyclomatic_complexity": 0,
      "fanout_external": 77,
      "fanout_internal": 1,
      "halstead_bugprop": 11.004875193704487,
      "halstead_difficulty": 311.72037914691947,
      "halstead_effort": 10291331.603538275,
      "halstead_timerequired": 571740.6446410152,
      "halstead_volume": 33014.62558111346,
      "loc": 37,
      "operands_sum": 1802,
      "operands_uniq": 211,
      "operators_sum": 2249,
      "operators_uniq": 73
    },
    "median": {
      "comment_ratio": 6.806420845424843,
      "cyclomatic_complexity": 0,
      "fanout_external": 77,
      "fanout_internal": 1,
      "halstead_bugprop": 11.004875193704487,
      "halstead_difficulty": 311.72037914691947,
      "halstead_effort": 10291331.603538275,
      "halstead_timerequired": 571740.6446410152,
      "halstead_volume": 33014.62558111346,
      "loc": 37,
      "operands_sum": 1802,
      "operands_uniq": 211,
      "operators_sum": 2249,
      "operators_uniq": 73
    },
    "min": {
      "comment_ratio": 6.806420845424843,
      "cyclomatic_complexity": 0,
      "fanout_external": 77,
      "fanout_internal": 1,
      "halstead_bugprop": 11.004875193704487,
      "halstead_difficulty": 311.72037914691947,
      "halstead_effort": 10291331.603538275,
      "halstead_timerequired": 571740.6446410152,
      "halstead_volume": 33014.62558111346,
      "loc": 37,
      "operands_sum": 1802,
      "operands_uniq": 211,
      "operators_sum": 2249,
      "operators_uniq": 73
    }
  }
}
