{
  "files": {
    "/Users/lorraynereis/Documents/PUC /Engenharia de Sofware/7 Peri\u0301odo/TCC 1/plf-es-2022-2-tcci-5308100-pes-lorrayne-reis/Instrumentos/Codigos/Collect-repositories/Repositories/Cloned-repositories/CVPR2023-3D-Occupancy-Prediction/projects/configs/_base_/models/parta2.py": {
      "comment_ratio": 2.609811751283514,
      "cyclomatic_complexity": 2,
      "fanout_external": 0,
      "fanout_internal": 0,
      "halstead_bugprop": 2.3973571173694728,
      "halstead_difficulty": 11.089655172413794,
      "halstead_effort": 79757.5912702782,
      "halstead_timerequired": 4430.977292793233,
      "halstead_volume": 7192.071352108418,
      "lang": [
        "Python"
      ],
      "loc": 1,
      "operands_sum": 402,
      "operands_uniq": 145,
      "operators_sum": 589,
      "operators_uniq": 8
    }
  },
  "overall": {
    "comment_ratio": 2.609811751283514,
    "cyclomatic_complexity": 2,
    "fanout_external": 0,
    "fanout_internal": 0,
    "halstead_bugprop": 2.3973571173694728,
    "halstead_difficulty": 11.089655172413794,
    "halstead_effort": 79757.5912702782,
    "halstead_timerequired": 4430.977292793233,
    "halstead_volume": 7192.071352108418,
    "loc": 1,
    "maintainability_index": 100,
    "operands_sum": 402,
    "operands_uniq": 145,
    "operators_sum": 589,
    "operators_uniq": 8,
    "pylint": 100.0,
    "tiobe": 99.32835820895522,
    "tiobe_compiler": 100.0,
    "tiobe_complexity": 95.5223880597015,
    "tiobe_coverage": 100.0,
    "tiobe_duplication": 100.0,
    "tiobe_fanout": 100.0,
    "tiobe_functional": 100.0,
    "tiobe_security": 100.0,
    "tiobe_standard": 100.0
  },
  "stats": {
    "max": {
      "comment_ratio": 2.609811751283514,
      "cyclomatic_complexity": 2,
      "fanout_external": 0,
      "fanout_internal": 0,
      "halstead_bugprop": 2.3973571173694728,
      "halstead_difficulty": 11.089655172413794,
      "halstead_effort": 79757.5912702782,
      "halstead_timerequired": 4430.977292793233,
      "halstead_volume": 7192.071352108418,
      "loc": 1,
      "operands_sum": 402,
      "operands_uniq": 145,
      "operators_sum": 589,
      "operators_uniq": 8
    },
    "mean": {
      "comment_ratio": 2.609811751283514,
      "cyclomatic_complexity": 2,
      "fanout_external": 0,
      "fanout_internal": 0,
      "halstead_bugprop": 2.3973571173694728,
      "halstead_difficulty": 11.089655172413794,
      "halstead_effort": 79757.5912702782,
      "halstead_timerequired": 4430.977292793233,
      "halstead_volume": 7192.071352108418,
      "loc": 1,
      "operands_sum": 402,
      "operands_uniq": 145,
      "operators_sum": 589,
      "operators_uniq": 8
    },
    "median": {
      "comment_ratio": 2.609811751283514,
      "cyclomatic_complexity": 2,
      "fanout_external": 0,
      "fanout_internal": 0,
      "halstead_bugprop": 2.3973571173694728,
      "halstead_difficulty": 11.089655172413794,
      "halstead_effort": 79757.5912702782,
      "halstead_timerequired": 4430.977292793233,
      "halstead_volume": 7192.071352108418,
      "loc": 1,
      "operands_sum": 402,
      "operands_uniq": 145,
      "operators_sum": 589,
      "operators_uniq": 8
    },
    "min": {
      "comment_ratio": 2.609811751283514,
      "cyclomatic_complexity": 2,
      "fanout_external": 0,
      "fanout_internal": 0,
      "halstead_bugprop": 2.3973571173694728,
      "halstead_difficulty": 11.089655172413794,
      "halstead_effort": 79757.5912702782,
      "halstead_timerequired": 4430.977292793233,
      "halstead_volume": 7192.071352108418,
      "loc": 1,
      "operands_sum": 402,
      "operands_uniq": 145,
      "operators_sum": 589,
      "operators_uniq": 8
    }
  }
}
