{
  "files": {
    "/Users/lorraynereis/Documents/PUC /Engenharia de Sofware/7 Peri\u0301odo/TCC 1/plf-es-2022-2-tcci-5308100-pes-lorrayne-reis/Instrumentos/Codigos/Collect-repositories/Repositories/Cloned-repositories/PythonRobotics/Localization/particle_filter/particle_filter.py": {
      "comment_ratio": 14.62911075062675,
      "cyclomatic_complexity": 12,
      "fanout_external": 10,
      "fanout_internal": 1,
      "halstead_bugprop": 4.391673938837309,
      "halstead_difficulty": 64.64423076923077,
      "halstead_effort": 851689.1506962471,
      "halstead_timerequired": 47316.06392756928,
      "halstead_volume": 13175.021816511928,
      "lang": [
        "Python"
      ],
      "loc": 1,
      "operands_sum": 747,
      "operands_uniq": 156,
      "operators_sum": 1006,
      "operators_uniq": 27
    }
  },
  "overall": {
    "comment_ratio": 14.62911075062675,
    "cyclomatic_complexity": 12,
    "fanout_external": 10,
    "fanout_internal": 1,
    "halstead_bugprop": 4.391673938837309,
    "halstead_difficulty": 64.64423076923077,
    "halstead_effort": 851689.1506962471,
    "halstead_timerequired": 47316.06392756928,
    "halstead_volume": 13175.021816511928,
    "loc": 1,
    "maintainability_index": 100,
    "operands_sum": 747,
    "operands_uniq": 156,
    "operators_sum": 1006,
    "operators_uniq": 27,
    "pylint": 100.0,
    "tiobe": 85.1864386072083,
    "tiobe_compiler": 100.0,
    "tiobe_complexity": 3.9095907147220523,
    "tiobe_coverage": 100.0,
    "tiobe_duplication": 100.0,
    "tiobe_fanout": 92.0,
    "tiobe_functional": 100.0,
    "tiobe_security": 100.0,
    "tiobe_standard": 100.0
  },
  "stats": {
    "max": {
      "comment_ratio": 14.62911075062675,
      "cyclomatic_complexity": 12,
      "fanout_external": 10,
      "fanout_internal": 1,
      "halstead_bugprop": 4.391673938837309,
      "halstead_difficulty": 64.64423076923077,
      "halstead_effort": 851689.1506962471,
      "halstead_timerequired": 47316.06392756928,
      "halstead_volume": 13175.021816511928,
      "loc": 1,
      "operands_sum": 747,
      "operands_uniq": 156,
      "operators_sum": 1006,
      "operators_uniq": 27
    },
    "mean": {
      "comment_ratio": 14.62911075062675,
      "cyclomatic_complexity": 12,
      "fanout_external": 10,
      "fanout_internal": 1,
      "halstead_bugprop": 4.391673938837309,
      "halstead_difficulty": 64.64423076923077,
      "halstead_effort": 851689.1506962471,
      "halstead_timerequired": 47316.06392756928,
      "halstead_volume": 13175.021816511928,
      "loc": 1,
      "operands_sum": 747,
      "operands_uniq": 156,
      "operators_sum": 1006,
      "operators_uniq": 27
    },
    "median": {
      "comment_ratio": 14.62911075062675,
      "cyclomatic_complexity": 12,
      "fanout_external": 10,
      "fanout_internal": 1,
      "halstead_bugprop": 4.391673938837309,
      "halstead_difficulty": 64.64423076923077,
      "halstead_effort": 851689.1506962471,
      "halstead_timerequired": 47316.06392756928,
      "halstead_volume": 13175.021816511928,
      "loc": 1,
      "operands_sum": 747,
      "operands_uniq": 156,
      "operators_sum": 1006,
      "operators_uniq": 27
    },
    "min": {
      "comment_ratio": 14.62911075062675,
      "cyclomatic_complexity": 12,
      "fanout_external": 10,
      "fanout_internal": 1,
      "halstead_bugprop": 4.391673938837309,
      "halstead_difficulty": 64.64423076923077,
      "halstead_effort": 851689.1506962471,
      "halstead_timerequired": 47316.06392756928,
      "halstead_volume": 13175.021816511928,
      "loc": 1,
      "operands_sum": 747,
      "operands_uniq": 156,
      "operators_sum": 1006,
      "operators_uniq": 27
    }
  }
}
