{
  "files": {
    "/Users/lorraynereis/Documents/PUC /Engenharia de Sofware/7 Peri\u0301odo/TCC 1/plf-es-2022-2-tcci-5308100-pes-lorrayne-reis/Instrumentos/Codigos/Collect-repositories/Repositories/Cloned-repositories/l5kit/l5kit/l5kit/tests/kinematic/perturbation_test.py": {
      "comment_ratio": 9.090909090909092,
      "cyclomatic_complexity": 0,
      "fanout_external": 9,
      "fanout_internal": 1,
      "halstead_bugprop": 0.3147600349283995,
      "halstead_difficulty": 14.057142857142857,
      "halstead_effort": 13273.88033012336,
      "halstead_timerequired": 737.4377961179645,
      "halstead_volume": 944.2801047851984,
      "lang": [
        "Python"
      ],
      "loc": 1,
      "operands_sum": 82,
      "operands_uniq": 35,
      "operators_sum": 88,
      "operators_uniq": 12
    }
  },
  "overall": {
    "comment_ratio": 9.090909090909092,
    "cyclomatic_complexity": 0,
    "fanout_external": 9,
    "fanout_internal": 1,
    "halstead_bugprop": 0.3147600349283995,
    "halstead_difficulty": 14.057142857142857,
    "halstead_effort": 13273.88033012336,
    "halstead_timerequired": 737.4377961179645,
    "halstead_volume": 944.2801047851984,
    "loc": 1,
    "maintainability_index": 100,
    "operands_sum": 82,
    "operands_uniq": 35,
    "operators_sum": 88,
    "operators_uniq": 12,
    "pylint": 100.0,
    "tiobe": 99.46923076923078,
    "tiobe_compiler": 100.0,
    "tiobe_complexity": 98.46153846153847,
    "tiobe_coverage": 100.0,
    "tiobe_duplication": 100.0,
    "tiobe_fanout": 94.0,
    "tiobe_functional": 100.0,
    "tiobe_security": 100.0,
    "tiobe_standard": 100.0
  },
  "stats": {
    "max": {
      "comment_ratio": 9.090909090909092,
      "cyclomatic_complexity": 0,
      "fanout_external": 9,
      "fanout_internal": 1,
      "halstead_bugprop": 0.3147600349283995,
      "halstead_difficulty": 14.057142857142857,
      "halstead_effort": 13273.88033012336,
      "halstead_timerequired": 737.4377961179645,
      "halstead_volume": 944.2801047851984,
      "loc": 1,
      "operands_sum": 82,
      "operands_uniq": 35,
      "operators_sum": 88,
      "operators_uniq": 12
    },
    "mean": {
      "comment_ratio": 9.090909090909092,
      "cyclomatic_complexity": 0,
      "fanout_external": 9,
      "fanout_internal": 1,
      "halstead_bugprop": 0.3147600349283995,
      "halstead_difficulty": 14.057142857142857,
      "halstead_effort": 13273.88033012336,
      "halstead_timerequired": 737.4377961179645,
      "halstead_volume": 944.2801047851984,
      "loc": 1,
      "operands_sum": 82,
      "operands_uniq": 35,
      "operators_sum": 88,
      "operators_uniq": 12
    },
    "median": {
      "comment_ratio": 9.090909090909092,
      "cyclomatic_complexity": 0,
      "fanout_external": 9,
      "fanout_internal": 1,
      "halstead_bugprop": 0.3147600349283995,
      "halstead_difficulty": 14.057142857142857,
      "halstead_effort": 13273.88033012336,
      "halstead_timerequired": 737.4377961179645,
      "halstead_volume": 944.2801047851984,
      "loc": 1,
      "operands_sum": 82,
      "operands_uniq": 35,
      "operators_sum": 88,
      "operators_uniq": 12
    },
    "min": {
      "comment_ratio": 9.090909090909092,
      "cyclomatic_complexity": 0,
      "fanout_external": 9,
      "fanout_internal": 1,
      "halstead_bugprop": 0.3147600349283995,
      "halstead_difficulty": 14.057142857142857,
      "halstead_effort": 13273.88033012336,
      "halstead_timerequired": 737.4377961179645,
      "halstead_volume": 944.2801047851984,
      "loc": 1,
      "operands_sum": 82,
      "operands_uniq": 35,
      "operators_sum": 88,
      "operators_uniq": 12
    }
  }
}
