{
  "files": {
    "/Users/lorraynereis/Documents/PUC /Engenharia de Sofware/7 Peri\u0301odo/TCC 1/plf-es-2022-2-tcci-5308100-pes-lorrayne-reis/Instrumentos/Codigos/Collect-repositories/Repositories/Cloned-repositories/pylot/pylot/control/pid.py": {
      "comment_ratio": 21.964285714285715,
      "cyclomatic_complexity": 9,
      "fanout_external": 7,
      "fanout_internal": 1,
      "halstead_bugprop": 1.2920079914196434,
      "halstead_difficulty": 38.49230769230769,
      "halstead_effort": 149197.10743993605,
      "halstead_timerequired": 8288.728191107559,
      "halstead_volume": 3876.02397425893,
      "lang": [
        "Python"
      ],
      "loc": 1,
      "operands_sum": 278,
      "operands_uniq": 65,
      "operators_sum": 330,
      "operators_uniq": 18
    }
  },
  "overall": {
    "comment_ratio": 21.964285714285715,
    "cyclomatic_complexity": 9,
    "fanout_external": 7,
    "fanout_internal": 1,
    "halstead_bugprop": 1.2920079914196434,
    "halstead_difficulty": 38.49230769230769,
    "halstead_effort": 149197.10743993605,
    "halstead_timerequired": 8288.728191107559,
    "halstead_volume": 3876.02397425893,
    "loc": 1,
    "maintainability_index": 100,
    "operands_sum": 278,
    "operands_uniq": 65,
    "operators_sum": 330,
    "operators_uniq": 18,
    "pylint": 100.0,
    "tiobe": 86.26363636363638,
    "tiobe_compiler": 100.0,
    "tiobe_complexity": 9.090909090909092,
    "tiobe_coverage": 100.0,
    "tiobe_duplication": 100.0,
    "tiobe_fanout": 98.0,
    "tiobe_functional": 100.0,
    "tiobe_security": 100.0,
    "tiobe_standard": 100.0
  },
  "stats": {
    "max": {
      "comment_ratio": 21.964285714285715,
      "cyclomatic_complexity": 9,
      "fanout_external": 7,
      "fanout_internal": 1,
      "halstead_bugprop": 1.2920079914196434,
      "halstead_difficulty": 38.49230769230769,
      "halstead_effort": 149197.10743993605,
      "halstead_timerequired": 8288.728191107559,
      "halstead_volume": 3876.02397425893,
      "loc": 1,
      "operands_sum": 278,
      "operands_uniq": 65,
      "operators_sum": 330,
      "operators_uniq": 18
    },
    "mean": {
      "comment_ratio": 21.964285714285715,
      "cyclomatic_complexity": 9,
      "fanout_external": 7,
      "fanout_internal": 1,
      "halstead_bugprop": 1.2920079914196434,
      "halstead_difficulty": 38.49230769230769,
      "halstead_effort": 149197.10743993605,
      "halstead_timerequired": 8288.728191107559,
      "halstead_volume": 3876.02397425893,
      "loc": 1,
      "operands_sum": 278,
      "operands_uniq": 65,
      "operators_sum": 330,
      "operators_uniq": 18
    },
    "median": {
      "comment_ratio": 21.964285714285715,
      "cyclomatic_complexity": 9,
      "fanout_external": 7,
      "fanout_internal": 1,
      "halstead_bugprop": 1.2920079914196434,
      "halstead_difficulty": 38.49230769230769,
      "halstead_effort": 149197.10743993605,
      "halstead_timerequired": 8288.728191107559,
      "halstead_volume": 3876.02397425893,
      "loc": 1,
      "operands_sum": 278,
      "operands_uniq": 65,
      "operators_sum": 330,
      "operators_uniq": 18
    },
    "min": {
      "comment_ratio": 21.964285714285715,
      "cyclomatic_complexity": 9,
      "fanout_external": 7,
      "fanout_internal": 1,
      "halstead_bugprop": 1.2920079914196434,
      "halstead_difficulty": 38.49230769230769,
      "halstead_effort": 149197.10743993605,
      "halstead_timerequired": 8288.728191107559,
      "halstead_volume": 3876.02397425893,
      "loc": 1,
      "operands_sum": 278,
      "operands_uniq": 65,
      "operators_sum": 330,
      "operators_uniq": 18
    }
  }
}
