{
  "files": {
    "/Users/lorraynereis/Documents/PUC /Engenharia de Sofware/7 Peri\u0301odo/TCC 1/plf-es-2022-2-tcci-5308100-pes-lorrayne-reis/Instrumentos/Codigos/Collect-repositories/Repositories/Cloned-repositories/pylot/pylot/control/pid_control_operator.py": {
      "comment_ratio": 26.635031978543427,
      "cyclomatic_complexity": 4,
      "fanout_external": 8,
      "fanout_internal": 1,
      "halstead_bugprop": 1.0443644903673037,
      "halstead_difficulty": 31.212328767123285,
      "halstead_effort": 97791.14347816032,
      "halstead_timerequired": 5432.84130434224,
      "halstead_volume": 3133.093471101911,
      "lang": [
        "Python"
      ],
      "loc": 1,
      "operands_sum": 217,
      "operands_uniq": 73,
      "operators_sum": 261,
      "operators_uniq": 21
    }
  },
  "overall": {
    "comment_ratio": 26.635031978543427,
    "cyclomatic_complexity": 4,
    "fanout_external": 8,
    "fanout_internal": 1,
    "halstead_bugprop": 1.0443644903673037,
    "halstead_difficulty": 31.212328767123285,
    "halstead_effort": 97791.14347816032,
    "halstead_timerequired": 5432.84130434224,
    "halstead_volume": 3133.093471101911,
    "loc": 1,
    "maintainability_index": 100,
    "operands_sum": 217,
    "operands_uniq": 73,
    "operators_sum": 261,
    "operators_uniq": 21,
    "pylint": 100.0,
    "tiobe": 93.60733944954129,
    "tiobe_compiler": 100.0,
    "tiobe_complexity": 58.71559633027523,
    "tiobe_coverage": 100.0,
    "tiobe_duplication": 100.0,
    "tiobe_fanout": 96.0,
    "tiobe_functional": 100.0,
    "tiobe_security": 100.0,
    "tiobe_standard": 100.0
  },
  "stats": {
    "max": {
      "comment_ratio": 26.635031978543427,
      "cyclomatic_complexity": 4,
      "fanout_external": 8,
      "fanout_internal": 1,
      "halstead_bugprop": 1.0443644903673037,
      "halstead_difficulty": 31.212328767123285,
      "halstead_effort": 97791.14347816032,
      "halstead_timerequired": 5432.84130434224,
      "halstead_volume": 3133.093471101911,
      "loc": 1,
      "operands_sum": 217,
      "operands_uniq": 73,
      "operators_sum": 261,
      "operators_uniq": 21
    },
    "mean": {
      "comment_ratio": 26.635031978543427,
      "cyclomatic_complexity": 4,
      "fanout_external": 8,
      "fanout_internal": 1,
      "halstead_bugprop": 1.0443644903673037,
      "halstead_difficulty": 31.212328767123285,
      "halstead_effort": 97791.14347816032,
      "halstead_timerequired": 5432.84130434224,
      "halstead_volume": 3133.093471101911,
      "loc": 1,
      "operands_sum": 217,
      "operands_uniq": 73,
      "operators_sum": 261,
      "operators_uniq": 21
    },
    "median": {
      "comment_ratio": 26.635031978543427,
      "cyclomatic_complexity": 4,
      "fanout_external": 8,
      "fanout_internal": 1,
      "halstead_bugprop": 1.0443644903673037,
      "halstead_difficulty": 31.212328767123285,
      "halstead_effort": 97791.14347816032,
      "halstead_timerequired": 5432.84130434224,
      "halstead_volume": 3133.093471101911,
      "loc": 1,
      "operands_sum": 217,
      "operands_uniq": 73,
      "operators_sum": 261,
      "operators_uniq": 21
    },
    "min": {
      "comment_ratio": 26.635031978543427,
      "cyclomatic_complexity": 4,
      "fanout_external": 8,
      "fanout_internal": 1,
      "halstead_bugprop": 1.0443644903673037,
      "halstead_difficulty": 31.212328767123285,
      "halstead_effort": 97791.14347816032,
      "halstead_timerequired": 5432.84130434224,
      "halstead_volume": 3133.093471101911,
      "loc": 1,
      "operands_sum": 217,
      "operands_uniq": 73,
      "operators_sum": 261,
      "operators_uniq": 21
    }
  }
}
