{
  "files": {
    "/Users/lorraynereis/Documents/PUC /Engenharia de Sofware/7 Peri\u0301odo/TCC 1/plf-es-2022-2-tcci-5308100-pes-lorrayne-reis/Instrumentos/Codigos/Collect-repositories/Repositories/Cloned-repositories/pylot/pylot/planning/planning_operator.py": {
      "comment_ratio": 22.2018654230513,
      "cyclomatic_complexity": 16,
      "fanout_external": 24,
      "fanout_internal": 1,
      "halstead_bugprop": 2.926169640293996,
      "halstead_difficulty": 71.85169491525423,
      "halstead_effort": 630750.7447940502,
      "halstead_timerequired": 35041.708044113904,
      "halstead_volume": 8778.508920881988,
      "lang": [
        "Python"
      ],
      "loc": 3,
      "operands_sum": 547,
      "operands_uniq": 118,
      "operators_sum": 669,
      "operators_uniq": 31
    }
  },
  "overall": {
    "comment_ratio": 22.2018654230513,
    "cyclomatic_complexity": 16,
    "fanout_external": 24,
    "fanout_internal": 1,
    "halstead_bugprop": 2.926169640293996,
    "halstead_difficulty": 71.85169491525423,
    "halstead_effort": 630750.7447940502,
    "halstead_timerequired": 35041.708044113904,
    "halstead_volume": 8778.508920881988,
    "loc": 3,
    "maintainability_index": 100,
    "operands_sum": 547,
    "operands_uniq": 118,
    "operators_sum": 669,
    "operators_uniq": 31,
    "pylint": 100.0,
    "tiobe": 83.44685008999743,
    "tiobe_compiler": 100.0,
    "tiobe_complexity": 1.6456672666495242,
    "tiobe_coverage": 100.0,
    "tiobe_duplication": 100.0,
    "tiobe_fanout": 64.0,
    "tiobe_functional": 100.0,
    "tiobe_security": 100.0,
    "tiobe_standard": 100.0
  },
  "stats": {
    "max": {
      "comment_ratio": 22.2018654230513,
      "cyclomatic_complexity": 16,
      "fanout_external": 24,
      "fanout_internal": 1,
      "halstead_bugprop": 2.926169640293996,
      "halstead_difficulty": 71.85169491525423,
      "halstead_effort": 630750.7447940502,
      "halstead_timerequired": 35041.708044113904,
      "halstead_volume": 8778.508920881988,
      "loc": 3,
      "operands_sum": 547,
      "operands_uniq": 118,
      "operators_sum": 669,
      "operators_uniq": 31
    },
    "mean": {
      "comment_ratio": 22.2018654230513,
      "cyclomatic_complexity": 16,
      "fanout_external": 24,
      "fanout_internal": 1,
      "halstead_bugprop": 2.926169640293996,
      "halstead_difficulty": 71.85169491525423,
      "halstead_effort": 630750.7447940502,
      "halstead_timerequired": 35041.708044113904,
      "halstead_volume": 8778.508920881988,
      "loc": 3,
      "operands_sum": 547,
      "operands_uniq": 118,
      "operators_sum": 669,
      "operators_uniq": 31
    },
    "median": {
      "comment_ratio": 22.2018654230513,
      "cyclomatic_complexity": 16,
      "fanout_external": 24,
      "fanout_internal": 1,
      "halstead_bugprop": 2.926169640293996,
      "halstead_difficulty": 71.85169491525423,
      "halstead_effort": 630750.7447940502,
      "halstead_timerequired": 35041.708044113904,
      "halstead_volume": 8778.508920881988,
      "loc": 3,
      "operands_sum": 547,
      "operands_uniq": 118,
      "operators_sum": 669,
      "operators_uniq": 31
    },
    "min": {
      "comment_ratio": 22.2018654230513,
      "cyclomatic_complexity": 16,
      "fanout_external": 24,
      "fanout_internal": 1,
      "halstead_bugprop": 2.926169640293996,
      "halstead_difficulty": 71.85169491525423,
      "halstead_effort": 630750.7447940502,
      "halstead_timerequired": 35041.708044113904,
      "halstead_volume": 8778.508920881988,
      "loc": 3,
      "operands_sum": 547,
      "operands_uniq": 118,
      "operators_sum": 669,
      "operators_uniq": 31
    }
  }
}
