{
  "files": {
    "/Users/lorraynereis/Documents/PUC /Engenharia de Sofware/7 Peri\u0301odo/TCC 1/plf-es-2022-2-tcci-5308100-pes-lorrayne-reis/Instrumentos/Codigos/Collect-repositories/Repositories/Cloned-repositories/PythonRobotics/utils/plot.py": {
      "comment_ratio": 39.013215859030836,
      "cyclomatic_complexity": 8,
      "fanout_external": 10,
      "fanout_internal": 1,
      "halstead_bugprop": 2.210655163123706,
      "halstead_difficulty": 46.41203703703704,
      "halstead_effort": 307803.0279210438,
      "halstead_timerequired": 17100.168217835766,
      "halstead_volume": 6631.965489371119,
      "lang": [
        "Python"
      ],
      "loc": 1,
      "operands_sum": 401,
      "operands_uniq": 108,
      "operators_sum": 539,
      "operators_uniq": 25
    }
  },
  "overall": {
    "comment_ratio": 39.013215859030836,
    "cyclomatic_complexity": 8,
    "fanout_external": 10,
    "fanout_internal": 1,
    "halstead_bugprop": 2.210655163123706,
    "halstead_difficulty": 46.41203703703704,
    "halstead_effort": 307803.0279210438,
    "halstead_timerequired": 17100.168217835766,
    "halstead_volume": 6631.965489371119,
    "loc": 1,
    "maintainability_index": 100,
    "operands_sum": 401,
    "operands_uniq": 108,
    "operators_sum": 539,
    "operators_uniq": 25,
    "pylint": 100.0,
    "tiobe": 86.5009900990099,
    "tiobe_compiler": 100.0,
    "tiobe_complexity": 12.673267326732674,
    "tiobe_coverage": 100.0,
    "tiobe_duplication": 100.0,
    "tiobe_fanout": 92.0,
    "tiobe_functional": 100.0,
    "tiobe_security": 100.0,
    "tiobe_standard": 100.0
  },
  "stats": {
    "max": {
      "comment_ratio": 39.013215859030836,
      "cyclomatic_complexity": 8,
      "fanout_external": 10,
      "fanout_internal": 1,
      "halstead_bugprop": 2.210655163123706,
      "halstead_difficulty": 46.41203703703704,
      "halstead_effort": 307803.0279210438,
      "halstead_timerequired": 17100.168217835766,
      "halstead_volume": 6631.965489371119,
      "loc": 1,
      "operands_sum": 401,
      "operands_uniq": 108,
      "operators_sum": 539,
      "operators_uniq": 25
    },
    "mean": {
      "comment_ratio": 39.013215859030836,
      "cyclomatic_complexity": 8,
      "fanout_external": 10,
      "fanout_internal": 1,
      "halstead_bugprop": 2.210655163123706,
      "halstead_difficulty": 46.41203703703704,
      "halstead_effort": 307803.0279210438,
      "halstead_timerequired": 17100.168217835766,
      "halstead_volume": 6631.965489371119,
      "loc": 1,
      "operands_sum": 401,
      "operands_uniq": 108,
      "operators_sum": 539,
      "operators_uniq": 25
    },
    "median": {
      "comment_ratio": 39.013215859030836,
      "cyclomatic_complexity": 8,
      "fanout_external": 10,
      "fanout_internal": 1,
      "halstead_bugprop": 2.210655163123706,
      "halstead_difficulty": 46.41203703703704,
      "halstead_effort": 307803.0279210438,
      "halstead_timerequired": 17100.168217835766,
      "halstead_volume": 6631.965489371119,
      "loc": 1,
      "operands_sum": 401,
      "operands_uniq": 108,
      "operators_sum": 539,
      "operators_uniq": 25
    },
    "min": {
      "comment_ratio": 39.013215859030836,
      "cyclomatic_complexity": 8,
      "fanout_external": 10,
      "fanout_internal": 1,
      "halstead_bugprop": 2.210655163123706,
      "halstead_difficulty": 46.41203703703704,
      "halstead_effort": 307803.0279210438,
      "halstead_timerequired": 17100.168217835766,
      "halstead_volume": 6631.965489371119,
      "loc": 1,
      "operands_sum": 401,
      "operands_uniq": 108,
      "operators_sum": 539,
      "operators_uniq": 25
    }
  }
}
