{
  "files": {
    "/Users/lorraynereis/Documents/PUC /Engenharia de Sofware/7 Peri\u0301odo/TCC 1/plf-es-2022-2-tcci-5308100-pes-lorrayne-reis/Instrumentos/Codigos/Collect-repositories/Repositories/Cloned-repositories/pylot/pylot/perception/point_cloud.py": {
      "comment_ratio": 35.22033158813264,
      "cyclomatic_complexity": 7,
      "fanout_external": 12,
      "fanout_internal": 1,
      "halstead_bugprop": 2.5416802814539707,
      "halstead_difficulty": 54.389380530973455,
      "halstead_effort": 414721.2480482152,
      "halstead_timerequired": 23040.069336011955,
      "halstead_volume": 7625.040844361912,
      "lang": [
        "Python"
      ],
      "loc": 1,
      "operands_sum": 439,
      "operands_uniq": 113,
      "operators_sum": 629,
      "operators_uniq": 28
    }
  },
  "overall": {
    "comment_ratio": 35.22033158813264,
    "cyclomatic_complexity": 7,
    "fanout_external": 12,
    "fanout_internal": 1,
    "halstead_bugprop": 2.5416802814539707,
    "halstead_difficulty": 54.389380530973455,
    "halstead_effort": 414721.2480482152,
    "halstead_timerequired": 23040.069336011955,
    "halstead_volume": 7625.040844361912,
    "loc": 1,
    "maintainability_index": 100,
    "operands_sum": 439,
    "operands_uniq": 113,
    "operators_sum": 629,
    "operators_uniq": 28,
    "pylint": 100.0,
    "tiobe": 87.12727272727273,
    "tiobe_compiler": 100.0,
    "tiobe_complexity": 18.181818181818183,
    "tiobe_coverage": 100.0,
    "tiobe_duplication": 100.0,
    "tiobe_fanout": 88.0,
    "tiobe_functional": 100.0,
    "tiobe_security": 100.0,
    "tiobe_standard": 100.0
  },
  "stats": {
    "max": {
      "comment_ratio": 35.22033158813264,
      "cyclomatic_complexity": 7,
      "fanout_external": 12,
      "fanout_internal": 1,
      "halstead_bugprop": 2.5416802814539707,
      "halstead_difficulty": 54.389380530973455,
      "halstead_effort": 414721.2480482152,
      "halstead_timerequired": 23040.069336011955,
      "halstead_volume": 7625.040844361912,
      "loc": 1,
      "operands_sum": 439,
      "operands_uniq": 113,
      "operators_sum": 629,
      "operators_uniq": 28
    },
    "mean": {
      "comment_ratio": 35.22033158813264,
      "cyclomatic_complexity": 7,
      "fanout_external": 12,
      "fanout_internal": 1,
      "halstead_bugprop": 2.5416802814539707,
      "halstead_difficulty": 54.389380530973455,
      "halstead_effort": 414721.2480482152,
      "halstead_timerequired": 23040.069336011955,
      "halstead_volume": 7625.040844361912,
      "loc": 1,
      "operands_sum": 439,
      "operands_uniq": 113,
      "operators_sum": 629,
      "operators_uniq": 28
    },
    "median": {
      "comment_ratio": 35.22033158813264,
      "cyclomatic_complexity": 7,
      "fanout_external": 12,
      "fanout_internal": 1,
      "halstead_bugprop": 2.5416802814539707,
      "halstead_difficulty": 54.389380530973455,
      "halstead_effort": 414721.2480482152,
      "halstead_timerequired": 23040.069336011955,
      "halstead_volume": 7625.040844361912,
      "loc": 1,
      "operands_sum": 439,
      "operands_uniq": 113,
      "operators_sum": 629,
      "operators_uniq": 28
    },
    "min": {
      "comment_ratio": 35.22033158813264,
      "cyclomatic_complexity": 7,
      "fanout_external": 12,
      "fanout_internal": 1,
      "halstead_bugprop": 2.5416802814539707,
      "halstead_difficulty": 54.389380530973455,
      "halstead_effort": 414721.2480482152,
      "halstead_timerequired": 23040.069336011955,
      "halstead_volume": 7625.040844361912,
      "loc": 1,
      "operands_sum": 439,
      "operands_uniq": 113,
      "operators_sum": 629,
      "operators_uniq": 28
    }
  }
}
