{
  "files": {
    "/Users/lorraynereis/Documents/PUC /Engenharia de Sofware/7 Peri\u0301odo/TCC 1/plf-es-2022-2-tcci-5308100-pes-lorrayne-reis/Instrumentos/Codigos/Collect-repositories/Repositories/Cloned-repositories/PythonRobotics/PathPlanning/PotentialFieldPlanning/potential_field_planning.py": {
      "comment_ratio": 14.670308232539993,
      "cyclomatic_complexity": 21,
      "fanout_external": 6,
      "fanout_internal": 1,
      "halstead_bugprop": 2.510262919819612,
      "halstead_difficulty": 46.34615384615385,
      "halstead_effort": 349023.0944287653,
      "halstead_timerequired": 19390.171912709182,
      "halstead_volume": 7530.788759458836,
      "lang": [
        "Python"
      ],
      "loc": 1,
      "operands_sum": 482,
      "operands_uniq": 130,
      "operators_sum": 553,
      "operators_uniq": 25
    }
  },
  "overall": {
    "comment_ratio": 14.670308232539993,
    "cyclomatic_complexity": 21,
    "fanout_external": 6,
    "fanout_internal": 1,
    "halstead_bugprop": 2.510262919819612,
    "halstead_difficulty": 46.34615384615385,
    "halstead_effort": 349023.0944287653,
    "halstead_timerequired": 19390.171912709182,
    "halstead_volume": 7530.788759458836,
    "loc": 1,
    "maintainability_index": 100,
    "operands_sum": 482,
    "operands_uniq": 130,
    "operators_sum": 553,
    "operators_uniq": 25,
    "pylint": 100.0,
    "tiobe": 85.10830324909747,
    "tiobe_compiler": 100.0,
    "tiobe_complexity": 0.7220216606498195,
    "tiobe_coverage": 100.0,
    "tiobe_duplication": 100.0,
    "tiobe_fanout": 100.0,
    "tiobe_functional": 100.0,
    "tiobe_security": 100.0,
    "tiobe_standard": 100.0
  },
  "stats": {
    "max": {
      "comment_ratio": 14.670308232539993,
      "cyclomatic_complexity": 21,
      "fanout_external": 6,
      "fanout_internal": 1,
      "halstead_bugprop": 2.510262919819612,
      "halstead_difficulty": 46.34615384615385,
      "halstead_effort": 349023.0944287653,
      "halstead_timerequired": 19390.171912709182,
      "halstead_volume": 7530.788759458836,
      "loc": 1,
      "operands_sum": 482,
      "operands_uniq": 130,
      "operators_sum": 553,
      "operators_uniq": 25
    },
    "mean": {
      "comment_ratio": 14.670308232539993,
      "cyclomatic_complexity": 21,
      "fanout_external": 6,
      "fanout_internal": 1,
      "halstead_bugprop": 2.510262919819612,
      "halstead_difficulty": 46.34615384615385,
      "halstead_effort": 349023.0944287653,
      "halstead_timerequired": 19390.171912709182,
      "halstead_volume": 7530.788759458836,
      "loc": 1,
      "operands_sum": 482,
      "operands_uniq": 130,
      "operators_sum": 553,
      "operators_uniq": 25
    },
    "median": {
      "comment_ratio": 14.670308232539993,
      "cyclomatic_complexity": 21,
      "fanout_external": 6,
      "fanout_internal": 1,
      "halstead_bugprop": 2.510262919819612,
      "halstead_difficulty": 46.34615384615385,
      "halstead_effort": 349023.0944287653,
      "halstead_timerequired": 19390.171912709182,
      "halstead_volume": 7530.788759458836,
      "loc": 1,
      "operands_sum": 482,
      "operands_uniq": 130,
      "operators_sum": 553,
      "operators_uniq": 25
    },
    "min": {
      "comment_ratio": 14.670308232539993,
      "cyclomatic_complexity": 21,
      "fanout_external": 6,
      "fanout_internal": 1,
      "halstead_bugprop": 2.510262919819612,
      "halstead_difficulty": 46.34615384615385,
      "halstead_effort": 349023.0944287653,
      "halstead_timerequired": 19390.171912709182,
      "halstead_volume": 7530.788759458836,
      "loc": 1,
      "operands_sum": 482,
      "operands_uniq": 130,
      "operators_sum": 553,
      "operators_uniq": 25
    }
  }
}
