{
  "files": {
    "/Users/lorraynereis/Documents/PUC /Engenharia de Sofware/7 Peri\u0301odo/TCC 1/plf-es-2022-2-tcci-5308100-pes-lorrayne-reis/Instrumentos/Codigos/Collect-repositories/Repositories/Cloned-repositories/l5kit/examples/RL/ppo_training.py": {
      "comment_ratio": 6.418791609094335,
      "cyclomatic_complexity": 34,
      "fanout_external": 13,
      "fanout_internal": 1,
      "halstead_bugprop": 2.1245642068219364,
      "halstead_difficulty": 37.37264150943396,
      "halstead_effort": 238201.72939599343,
      "halstead_timerequired": 13233.429410888524,
      "halstead_volume": 6373.692620465809,
      "lang": [
        "Python"
      ],
      "loc": 1,
      "operands_sum": 417,
      "operands_uniq": 106,
      "operators_sum": 498,
      "operators_uniq": 19
    }
  },
  "overall": {
    "comment_ratio": 6.418791609094335,
    "cyclomatic_complexity": 34,
    "fanout_external": 13,
    "fanout_internal": 1,
    "halstead_bugprop": 2.1245642068219364,
    "halstead_difficulty": 37.37264150943396,
    "halstead_effort": 238201.72939599343,
    "halstead_timerequired": 13233.429410888524,
    "halstead_volume": 6373.692620465809,
    "loc": 1,
    "maintainability_index": 100,
    "operands_sum": 417,
    "operands_uniq": 106,
    "operators_sum": 498,
    "operators_uniq": 19,
    "pylint": 100.0,
    "tiobe": 84.32514471306216,
    "tiobe_compiler": 100.0,
    "tiobe_complexity": 0.1676314204143639,
    "tiobe_coverage": 100.0,
    "tiobe_duplication": 100.0,
    "tiobe_fanout": 86.0,
    "tiobe_functional": 100.0,
    "tiobe_security": 100.0,
    "tiobe_standard": 100.0
  },
  "stats": {
    "max": {
      "comment_ratio": 6.418791609094335,
      "cyclomatic_complexity": 34,
      "fanout_external": 13,
      "fanout_internal": 1,
      "halstead_bugprop": 2.1245642068219364,
      "halstead_difficulty": 37.37264150943396,
      "halstead_effort": 238201.72939599343,
      "halstead_timerequired": 13233.429410888524,
      "halstead_volume": 6373.692620465809,
      "loc": 1,
      "operands_sum": 417,
      "operands_uniq": 106,
      "operators_sum": 498,
      "operators_uniq": 19
    },
    "mean": {
      "comment_ratio": 6.418791609094335,
      "cyclomatic_complexity": 34,
      "fanout_external": 13,
      "fanout_internal": 1,
      "halstead_bugprop": 2.1245642068219364,
      "halstead_difficulty": 37.37264150943396,
      "halstead_effort": 238201.72939599343,
      "halstead_timerequired": 13233.429410888524,
      "halstead_volume": 6373.692620465809,
      "loc": 1,
      "operands_sum": 417,
      "operands_uniq": 106,
      "operators_sum": 498,
      "operators_uniq": 19
    },
    "median": {
      "comment_ratio": 6.418791609094335,
      "cyclomatic_complexity": 34,
      "fanout_external": 13,
      "fanout_internal": 1,
      "halstead_bugprop": 2.1245642068219364,
      "halstead_difficulty": 37.37264150943396,
      "halstead_effort": 238201.72939599343,
      "halstead_timerequired": 13233.429410888524,
      "halstead_volume": 6373.692620465809,
      "loc": 1,
      "operands_sum": 417,
      "operands_uniq": 106,
      "operators_sum": 498,
      "operators_uniq": 19
    },
    "min": {
      "comment_ratio": 6.418791609094335,
      "cyclomatic_complexity": 34,
      "fanout_external": 13,
      "fanout_internal": 1,
      "halstead_bugprop": 2.1245642068219364,
      "halstead_difficulty": 37.37264150943396,
      "halstead_effort": 238201.72939599343,
      "halstead_timerequired": 13233.429410888524,
      "halstead_volume": 6373.692620465809,
      "loc": 1,
      "operands_sum": 417,
      "operands_uniq": 106,
      "operators_sum": 498,
      "operators_uniq": 19
    }
  }
}
