{
  "files": {
    "/Users/lorraynereis/Documents/PUC /Engenharia de Sofware/7 Peri\u0301odo/TCC 1/plf-es-2022-2-tcci-5308100-pes-lorrayne-reis/Instrumentos/Codigos/Collect-repositories/Repositories/Cloned-repositories/Cam2BEV/model/predict.py": {
      "comment_ratio": 27.05352837164443,
      "cyclomatic_complexity": 19,
      "fanout_external": 11,
      "fanout_internal": 0,
      "halstead_bugprop": 2.0323922849828566,
      "halstead_difficulty": 24.19685039370079,
      "halstead_effort": 147532.47618312563,
      "halstead_timerequired": 8196.248676840312,
      "halstead_volume": 6097.17685494857,
      "lang": [
        "Python"
      ],
      "loc": 1,
      "operands_sum": 439,
      "operands_uniq": 127,
      "operators_sum": 415,
      "operators_uniq": 14
    }
  },
  "overall": {
    "comment_ratio": 27.05352837164443,
    "cyclomatic_complexity": 19,
    "fanout_external": 11,
    "fanout_internal": 0,
    "halstead_bugprop": 2.0323922849828566,
    "halstead_difficulty": 24.19685039370079,
    "halstead_effort": 147532.47618312563,
    "halstead_timerequired": 8196.248676840312,
    "halstead_volume": 6097.17685494857,
    "loc": 1,
    "maintainability_index": 100,
    "operands_sum": 439,
    "operands_uniq": 127,
    "operators_sum": 415,
    "operators_uniq": 14,
    "pylint": 100.0,
    "tiobe": 85.04669926650368,
    "tiobe_compiler": 100.0,
    "tiobe_complexity": 0.9779951100244498,
    "tiobe_coverage": 100.0,
    "tiobe_duplication": 100.0,
    "tiobe_fanout": 98.0,
    "tiobe_functional": 100.0,
    "tiobe_security": 100.0,
    "tiobe_standard": 100.0
  },
  "stats": {
    "max": {
      "comment_ratio": 27.05352837164443,
      "cyclomatic_complexity": 19,
      "fanout_external": 11,
      "fanout_internal": 0,
      "halstead_bugprop": 2.0323922849828566,
      "halstead_difficulty": 24.19685039370079,
      "halstead_effort": 147532.47618312563,
      "halstead_timerequired": 8196.248676840312,
      "halstead_volume": 6097.17685494857,
      "loc": 1,
      "operands_sum": 439,
      "operands_uniq": 127,
      "operators_sum": 415,
      "operators_uniq": 14
    },
    "mean": {
      "comment_ratio": 27.05352837164443,
      "cyclomatic_complexity": 19,
      "fanout_external": 11,
      "fanout_internal": 0,
      "halstead_bugprop": 2.0323922849828566,
      "halstead_difficulty": 24.19685039370079,
      "halstead_effort": 147532.47618312563,
      "halstead_timerequired": 8196.248676840312,
      "halstead_volume": 6097.17685494857,
      "loc": 1,
      "operands_sum": 439,
      "operands_uniq": 127,
      "operators_sum": 415,
      "operators_uniq": 14
    },
    "median": {
      "comment_ratio": 27.05352837164443,
      "cyclomatic_complexity": 19,
      "fanout_external": 11,
      "fanout_internal": 0,
      "halstead_bugprop": 2.0323922849828566,
      "halstead_difficulty": 24.19685039370079,
      "halstead_effort": 147532.47618312563,
      "halstead_timerequired": 8196.248676840312,
      "halstead_volume": 6097.17685494857,
      "loc": 1,
      "operands_sum": 439,
      "operands_uniq": 127,
      "operators_sum": 415,
      "operators_uniq": 14
    },
    "min": {
      "comment_ratio": 27.05352837164443,
      "cyclomatic_complexity": 19,
      "fanout_external": 11,
      "fanout_internal": 0,
      "halstead_bugprop": 2.0323922849828566,
      "halstead_difficulty": 24.19685039370079,
      "halstead_effort": 147532.47618312563,
      "halstead_timerequired": 8196.248676840312,
      "halstead_volume": 6097.17685494857,
      "loc": 1,
      "operands_sum": 439,
      "operands_uniq": 127,
      "operators_sum": 415,
      "operators_uniq": 14
    }
  }
}
