{
  "files": {
    "/Users/lorraynereis/Documents/PUC /Engenharia de Sofware/7 Peri\u0301odo/TCC 1/plf-es-2022-2-tcci-5308100-pes-lorrayne-reis/Instrumentos/Codigos/Collect-repositories/Repositories/Cloned-repositories/pylot/pylot/prediction/prediction_eval_operator.py": {
      "comment_ratio": 21.25832080738673,
      "cyclomatic_complexity": 17,
      "fanout_external": 4,
      "fanout_internal": 1,
      "halstead_bugprop": 2.1733253729615503,
      "halstead_difficulty": 61.949999999999996,
      "halstead_effort": 403912.52056490415,
      "halstead_timerequired": 22439.584475828007,
      "halstead_volume": 6519.976118884651,
      "lang": [
        "Python"
      ],
      "loc": 1,
      "operands_sum": 413,
      "operands_uniq": 90,
      "operators_sum": 536,
      "operators_uniq": 27
    }
  },
  "overall": {
    "comment_ratio": 21.25832080738673,
    "cyclomatic_complexity": 17,
    "fanout_external": 4,
    "fanout_internal": 1,
    "halstead_bugprop": 2.1733253729615503,
    "halstead_difficulty": 61.949999999999996,
    "halstead_effort": 403912.52056490415,
    "halstead_timerequired": 22439.584475828007,
    "halstead_volume": 6519.976118884651,
    "loc": 1,
    "maintainability_index": 100,
    "operands_sum": 413,
    "operands_uniq": 90,
    "operators_sum": 536,
    "operators_uniq": 27,
    "pylint": 100.0,
    "tiobe": 85.20547945205479,
    "tiobe_compiler": 100.0,
    "tiobe_complexity": 1.36986301369863,
    "tiobe_coverage": 100.0,
    "tiobe_duplication": 100.0,
    "tiobe_fanout": 100.0,
    "tiobe_functional": 100.0,
    "tiobe_security": 100.0,
    "tiobe_standard": 100.0
  },
  "stats": {
    "max": {
      "comment_ratio": 21.25832080738673,
      "cyclomatic_complexity": 17,
      "fanout_external": 4,
      "fanout_internal": 1,
      "halstead_bugprop": 2.1733253729615503,
      "halstead_difficulty": 61.949999999999996,
      "halstead_effort": 403912.52056490415,
      "halstead_timerequired": 22439.584475828007,
      "halstead_volume": 6519.976118884651,
      "loc": 1,
      "operands_sum": 413,
      "operands_uniq": 90,
      "operators_sum": 536,
      "operators_uniq": 27
    },
    "mean": {
      "comment_ratio": 21.25832080738673,
      "cyclomatic_complexity": 17,
      "fanout_external": 4,
      "fanout_internal": 1,
      "halstead_bugprop": 2.1733253729615503,
      "halstead_difficulty": 61.949999999999996,
      "halstead_effort": 403912.52056490415,
      "halstead_timerequired": 22439.584475828007,
      "halstead_volume": 6519.976118884651,
      "loc": 1,
      "operands_sum": 413,
      "operands_uniq": 90,
      "operators_sum": 536,
      "operators_uniq": 27
    },
    "median": {
      "comment_ratio": 21.25832080738673,
      "cyclomatic_complexity": 17,
      "fanout_external": 4,
      "fanout_internal": 1,
      "halstead_bugprop": 2.1733253729615503,
      "halstead_difficulty": 61.949999999999996,
      "halstead_effort": 403912.52056490415,
      "halstead_timerequired": 22439.584475828007,
      "halstead_volume": 6519.976118884651,
      "loc": 1,
      "operands_sum": 413,
      "operands_uniq": 90,
      "operators_sum": 536,
      "operators_uniq": 27
    },
    "min": {
      "comment_ratio": 21.25832080738673,
      "cyclomatic_complexity": 17,
      "fanout_external": 4,
      "fanout_internal": 1,
      "halstead_bugprop": 2.1733253729615503,
      "halstead_difficulty": 61.949999999999996,
      "halstead_effort": 403912.52056490415,
      "halstead_timerequired": 22439.584475828007,
      "halstead_volume": 6519.976118884651,
      "loc": 1,
      "operands_sum": 413,
      "operands_uniq": 90,
      "operators_sum": 536,
      "operators_uniq": 27
    }
  }
}
