{
  "files": {
    "/Users/lorraynereis/Documents/PUC /Engenharia de Sofware/7 Peri\u0301odo/TCC 1/plf-es-2022-2-tcci-5308100-pes-lorrayne-reis/Instrumentos/Codigos/Collect-repositories/Repositories/Cloned-repositories/PythonRobotics/PathPlanning/ProbabilisticRoadMap/probabilistic_road_map.py": {
      "comment_ratio": 20.390482001220256,
      "cyclomatic_complexity": 23,
      "fanout_external": 8,
      "fanout_internal": 1,
      "halstead_bugprop": 3.4189061585420943,
      "halstead_difficulty": 67.87931034482759,
      "halstead_effort": 696218.9765265634,
      "halstead_timerequired": 38678.83202925352,
      "halstead_volume": 10256.718475626283,
      "lang": [
        "Python"
      ],
      "loc": 1,
      "operands_sum": 635,
      "operands_uniq": 145,
      "operators_sum": 740,
      "operators_uniq": 31
    }
  },
  "overall": {
    "comment_ratio": 20.390482001220256,
    "cyclomatic_complexity": 23,
    "fanout_external": 8,
    "fanout_internal": 1,
    "halstead_bugprop": 3.4189061585420943,
    "halstead_difficulty": 67.87931034482759,
    "halstead_effort": 696218.9765265634,
    "halstead_timerequired": 38678.83202925352,
    "halstead_volume": 10256.718475626283,
    "loc": 1,
    "maintainability_index": 100,
    "operands_sum": 635,
    "operands_uniq": 145,
    "operators_sum": 740,
    "operators_uniq": 31,
    "pylint": 100.0,
    "tiobe": 84.88219178082191,
    "tiobe_compiler": 100.0,
    "tiobe_complexity": 0.547945205479452,
    "tiobe_coverage": 100.0,
    "tiobe_duplication": 100.0,
    "tiobe_fanout": 96.0,
    "tiobe_functional": 100.0,
    "tiobe_security": 100.0,
    "tiobe_standard": 100.0
  },
  "stats": {
    "max": {
      "comment_ratio": 20.390482001220256,
      "cyclomatic_complexity": 23,
      "fanout_external": 8,
      "fanout_internal": 1,
      "halstead_bugprop": 3.4189061585420943,
      "halstead_difficulty": 67.87931034482759,
      "halstead_effort": 696218.9765265634,
      "halstead_timerequired": 38678.83202925352,
      "halstead_volume": 10256.718475626283,
      "loc": 1,
      "operands_sum": 635,
      "operands_uniq": 145,
      "operators_sum": 740,
      "operators_uniq": 31
    },
    "mean": {
      "comment_ratio": 20.390482001220256,
      "cyclomatic_complexity": 23,
      "fanout_external": 8,
      "fanout_internal": 1,
      "halstead_bugprop": 3.4189061585420943,
      "halstead_difficulty": 67.87931034482759,
      "halstead_effort": 696218.9765265634,
      "halstead_timerequired": 38678.83202925352,
      "halstead_volume": 10256.718475626283,
      "loc": 1,
      "operands_sum": 635,
      "operands_uniq": 145,
      "operators_sum": 740,
      "operators_uniq": 31
    },
    "median": {
      "comment_ratio": 20.390482001220256,
      "cyclomatic_complexity": 23,
      "fanout_external": 8,
      "fanout_internal": 1,
      "halstead_bugprop": 3.4189061585420943,
      "halstead_difficulty": 67.87931034482759,
      "halstead_effort": 696218.9765265634,
      "halstead_timerequired": 38678.83202925352,
      "halstead_volume": 10256.718475626283,
      "loc": 1,
      "operands_sum": 635,
      "operands_uniq": 145,
      "operators_sum": 740,
      "operators_uniq": 31
    },
    "min": {
      "comment_ratio": 20.390482001220256,
      "cyclomatic_complexity": 23,
      "fanout_external": 8,
      "fanout_internal": 1,
      "halstead_bugprop": 3.4189061585420943,
      "halstead_difficulty": 67.87931034482759,
      "halstead_effort": 696218.9765265634,
      "halstead_timerequired": 38678.83202925352,
      "halstead_volume": 10256.718475626283,
      "loc": 1,
      "operands_sum": 635,
      "operands_uniq": 145,
      "operators_sum": 740,
      "operators_uniq": 31
    }
  }
}
