{
  "files": {
    "/Users/lorraynereis/Documents/PUC /Engenharia de Sofware/7 Peri\u0301odo/TCC 1/plf-es-2022-2-tcci-5308100-pes-lorrayne-reis/Instrumentos/Codigos/Collect-repositories/Repositories/Cloned-repositories/MotionPlanning/Control/Pure_Pursuit.py": {
      "comment_ratio": 20.105227807007726,
      "cyclomatic_complexity": 15,
      "fanout_external": 13,
      "fanout_internal": 1,
      "halstead_bugprop": 4.4690942621343295,
      "halstead_difficulty": 74.35135135135135,
      "halstead_effort": 996849.5931187737,
      "halstead_timerequired": 55380.53295104298,
      "halstead_volume": 13407.28278640299,
      "lang": [
        "Python"
      ],
      "loc": 1,
      "operands_sum": 786,
      "operands_uniq": 185,
      "operators_sum": 937,
      "operators_uniq": 35
    }
  },
  "overall": {
    "comment_ratio": 20.105227807007726,
    "cyclomatic_complexity": 15,
    "fanout_external": 13,
    "fanout_internal": 1,
    "halstead_bugprop": 4.4690942621343295,
    "halstead_difficulty": 74.35135135135135,
    "halstead_effort": 996849.5931187737,
    "halstead_timerequired": 55380.53295104298,
    "halstead_volume": 13407.28278640299,
    "loc": 1,
    "maintainability_index": 100,
    "operands_sum": 786,
    "operands_uniq": 185,
    "operators_sum": 937,
    "operators_uniq": 35,
    "pylint": 100.0,
    "tiobe": 84.6,
    "tiobe_compiler": 100.0,
    "tiobe_complexity": 2.0,
    "tiobe_coverage": 100.0,
    "tiobe_duplication": 100.0,
    "tiobe_fanout": 86.0,
    "tiobe_functional": 100.0,
    "tiobe_security": 100.0,
    "tiobe_standard": 100.0
  },
  "stats": {
    "max": {
      "comment_ratio": 20.105227807007726,
      "cyclomatic_complexity": 15,
      "fanout_external": 13,
      "fanout_internal": 1,
      "halstead_bugprop": 4.4690942621343295,
      "halstead_difficulty": 74.35135135135135,
      "halstead_effort": 996849.5931187737,
      "halstead_timerequired": 55380.53295104298,
      "halstead_volume": 13407.28278640299,
      "loc": 1,
      "operands_sum": 786,
      "operands_uniq": 185,
      "operators_sum": 937,
      "operators_uniq": 35
    },
    "mean": {
      "comment_ratio": 20.105227807007726,
      "cyclomatic_complexity": 15,
      "fanout_external": 13,
      "fanout_internal": 1,
      "halstead_bugprop": 4.4690942621343295,
      "halstead_difficulty": 74.35135135135135,
      "halstead_effort": 996849.5931187737,
      "halstead_timerequired": 55380.53295104298,
      "halstead_volume": 13407.28278640299,
      "loc": 1,
      "operands_sum": 786,
      "operands_uniq": 185,
      "operators_sum": 937,
      "operators_uniq": 35
    },
    "median": {
      "comment_ratio": 20.105227807007726,
      "cyclomatic_complexity": 15,
      "fanout_external": 13,
      "fanout_internal": 1,
      "halstead_bugprop": 4.4690942621343295,
      "halstead_difficulty": 74.35135135135135,
      "halstead_effort": 996849.5931187737,
      "halstead_timerequired": 55380.53295104298,
      "halstead_volume": 13407.28278640299,
      "loc": 1,
      "operands_sum": 786,
      "operands_uniq": 185,
      "operators_sum": 937,
      "operators_uniq": 35
    },
    "min": {
      "comment_ratio": 20.105227807007726,
      "cyclomatic_complexity": 15,
      "fanout_external": 13,
      "fanout_internal": 1,
      "halstead_bugprop": 4.4690942621343295,
      "halstead_difficulty": 74.35135135135135,
      "halstead_effort": 996849.5931187737,
      "halstead_timerequired": 55380.53295104298,
      "halstead_volume": 13407.28278640299,
      "loc": 1,
      "operands_sum": 786,
      "operands_uniq": 185,
      "operators_sum": 937,
      "operators_uniq": 35
    }
  }
}
