{
  "files": {
    "/Users/lorraynereis/Documents/PUC /Engenharia de Sofware/7 Peri\u0301odo/TCC 1/plf-es-2022-2-tcci-5308100-pes-lorrayne-reis/Instrumentos/Codigos/Collect-repositories/Repositories/Cloned-repositories/VoxFormer/projects/configs/voxformer/qpn.py": {
      "comment_ratio": 9.898325358851675,
      "cyclomatic_complexity": 2,
      "fanout_external": 0,
      "fanout_internal": 0,
      "halstead_bugprop": 1.214437704932133,
      "halstead_difficulty": 9.669421487603305,
      "halstead_effort": 35228.73011827923,
      "halstead_timerequired": 1957.151673237735,
      "halstead_volume": 3643.313114796399,
      "lang": [
        "Python"
      ],
      "loc": 1,
      "operands_sum": 234,
      "operands_uniq": 121,
      "operators_sum": 284,
      "operators_uniq": 10
    }
  },
  "overall": {
    "comment_ratio": 9.898325358851675,
    "cyclomatic_complexity": 2,
    "fanout_external": 0,
    "fanout_internal": 0,
    "halstead_bugprop": 1.214437704932133,
    "halstead_difficulty": 9.669421487603305,
    "halstead_effort": 35228.73011827923,
    "halstead_timerequired": 1957.151673237735,
    "halstead_volume": 3643.313114796399,
    "loc": 1,
    "maintainability_index": 100,
    "operands_sum": 234,
    "operands_uniq": 121,
    "operators_sum": 284,
    "operators_uniq": 10,
    "pylint": 100.0,
    "tiobe": 99.32835820895522,
    "tiobe_compiler": 100.0,
    "tiobe_complexity": 95.5223880597015,
    "tiobe_coverage": 100.0,
    "tiobe_duplication": 100.0,
    "tiobe_fanout": 100.0,
    "tiobe_functional": 100.0,
    "tiobe_security": 100.0,
    "tiobe_standard": 100.0
  },
  "stats": {
    "max": {
      "comment_ratio": 9.898325358851675,
      "cyclomatic_complexity": 2,
      "fanout_external": 0,
      "fanout_internal": 0,
      "halstead_bugprop": 1.214437704932133,
      "halstead_difficulty": 9.669421487603305,
      "halstead_effort": 35228.73011827923,
      "halstead_timerequired": 1957.151673237735,
      "halstead_volume": 3643.313114796399,
      "loc": 1,
      "operands_sum": 234,
      "operands_uniq": 121,
      "operators_sum": 284,
      "operators_uniq": 10
    },
    "mean": {
      "comment_ratio": 9.898325358851675,
      "cyclomatic_complexity": 2,
      "fanout_external": 0,
      "fanout_internal": 0,
      "halstead_bugprop": 1.214437704932133,
      "halstead_difficulty": 9.669421487603305,
      "halstead_effort": 35228.73011827923,
      "halstead_timerequired": 1957.151673237735,
      "halstead_volume": 3643.313114796399,
      "loc": 1,
      "operands_sum": 234,
      "operands_uniq": 121,
      "operators_sum": 284,
      "operators_uniq": 10
    },
    "median": {
      "comment_ratio": 9.898325358851675,
      "cyclomatic_complexity": 2,
      "fanout_external": 0,
      "fanout_internal": 0,
      "halstead_bugprop": 1.214437704932133,
      "halstead_difficulty": 9.669421487603305,
      "halstead_effort": 35228.73011827923,
      "halstead_timerequired": 1957.151673237735,
      "halstead_volume": 3643.313114796399,
      "loc": 1,
      "operands_sum": 234,
      "operands_uniq": 121,
      "operators_sum": 284,
      "operators_uniq": 10
    },
    "min": {
      "comment_ratio": 9.898325358851675,
      "cyclomatic_complexity": 2,
      "fanout_external": 0,
      "fanout_internal": 0,
      "halstead_bugprop": 1.214437704932133,
      "halstead_difficulty": 9.669421487603305,
      "halstead_effort": 35228.73011827923,
      "halstead_timerequired": 1957.151673237735,
      "halstead_volume": 3643.313114796399,
      "loc": 1,
      "operands_sum": 234,
      "operands_uniq": 121,
      "operators_sum": 284,
      "operators_uniq": 10
    }
  }
}
