{
  "files": {
    "/Users/lorraynereis/Documents/PUC /Engenharia de Sofware/7 Peri\u0301odo/TCC 1/plf-es-2022-2-tcci-5308100-pes-lorrayne-reis/Instrumentos/Codigos/Collect-repositories/Repositories/Cloned-repositories/PythonRobotics/AerialNavigation/drone_3d_trajectory_following/Quadrotor.py": {
      "comment_ratio": 5.063291139240507,
      "cyclomatic_complexity": 4,
      "fanout_external": 6,
      "fanout_internal": 1,
      "halstead_bugprop": 1.6072911104558447,
      "halstead_difficulty": 54.163636363636364,
      "halstead_effort": 261170.19371170696,
      "halstead_timerequired": 14509.455206205943,
      "halstead_volume": 4821.873331367534,
      "lang": [
        "Python"
      ],
      "loc": 1,
      "operands_sum": 331,
      "operands_uniq": 55,
      "operators_sum": 448,
      "operators_uniq": 18
    }
  },
  "overall": {
    "comment_ratio": 5.063291139240507,
    "cyclomatic_complexity": 4,
    "fanout_external": 6,
    "fanout_internal": 1,
    "halstead_bugprop": 1.6072911104558447,
    "halstead_difficulty": 54.163636363636364,
    "halstead_effort": 261170.19371170696,
    "halstead_timerequired": 14509.455206205943,
    "halstead_volume": 4821.873331367534,
    "loc": 1,
    "maintainability_index": 100,
    "operands_sum": 331,
    "operands_uniq": 55,
    "operators_sum": 448,
    "operators_uniq": 18,
    "pylint": 100.0,
    "tiobe": 93.80733944954129,
    "tiobe_compiler": 100.0,
    "tiobe_complexity": 58.71559633027523,
    "tiobe_coverage": 100.0,
    "tiobe_duplication": 100.0,
    "tiobe_fanout": 100.0,
    "tiobe_functional": 100.0,
    "tiobe_security": 100.0,
    "tiobe_standard": 100.0
  },
  "stats": {
    "max": {
      "comment_ratio": 5.063291139240507,
      "cyclomatic_complexity": 4,
      "fanout_external": 6,
      "fanout_internal": 1,
      "halstead_bugprop": 1.6072911104558447,
      "halstead_difficulty": 54.163636363636364,
      "halstead_effort": 261170.19371170696,
      "halstead_timerequired": 14509.455206205943,
      "halstead_volume": 4821.873331367534,
      "loc": 1,
      "operands_sum": 331,
      "operands_uniq": 55,
      "operators_sum": 448,
      "operators_uniq": 18
    },
    "mean": {
      "comment_ratio": 5.063291139240507,
      "cyclomatic_complexity": 4,
      "fanout_external": 6,
      "fanout_internal": 1,
      "halstead_bugprop": 1.6072911104558447,
      "halstead_difficulty": 54.163636363636364,
      "halstead_effort": 261170.19371170696,
      "halstead_timerequired": 14509.455206205943,
      "halstead_volume": 4821.873331367534,
      "loc": 1,
      "operands_sum": 331,
      "operands_uniq": 55,
      "operators_sum": 448,
      "operators_uniq": 18
    },
    "median": {
      "comment_ratio": 5.063291139240507,
      "cyclomatic_complexity": 4,
      "fanout_external": 6,
      "fanout_internal": 1,
      "halstead_bugprop": 1.6072911104558447,
      "halstead_difficulty": 54.163636363636364,
      "halstead_effort": 261170.19371170696,
      "halstead_timerequired": 14509.455206205943,
      "halstead_volume": 4821.873331367534,
      "loc": 1,
      "operands_sum": 331,
      "operands_uniq": 55,
      "operators_sum": 448,
      "operators_uniq": 18
    },
    "min": {
      "comment_ratio": 5.063291139240507,
      "cyclomatic_complexity": 4,
      "fanout_external": 6,
      "fanout_internal": 1,
      "halstead_bugprop": 1.6072911104558447,
      "halstead_difficulty": 54.163636363636364,
      "halstead_effort": 261170.19371170696,
      "halstead_timerequired": 14509.455206205943,
      "halstead_volume": 4821.873331367534,
      "loc": 1,
      "operands_sum": 331,
      "operands_uniq": 55,
      "operators_sum": 448,
      "operators_uniq": 18
    }
  }
}
