{
  "files": {
    "/Users/lorraynereis/Documents/PUC /Engenharia de Sofware/7 Peri\u0301odo/TCC 1/plf-es-2022-2-tcci-5308100-pes-lorrayne-reis/Instrumentos/Codigos/Collect-repositories/Repositories/Cloned-repositories/MotionPlanning/CurvesGenerator/quartic_polynomial.py": {
      "comment_ratio": 2.7542372881355934,
      "cyclomatic_complexity": 0,
      "fanout_external": 2,
      "fanout_internal": 0,
      "halstead_bugprop": 0.4915970140890742,
      "halstead_difficulty": 39.21428571428571,
      "halstead_effort": 57832.87730033608,
      "halstead_timerequired": 3212.937627796449,
      "halstead_volume": 1474.7910422672226,
      "lang": [
        "Python"
      ],
      "loc": 2,
      "operands_sum": 122,
      "operands_uniq": 28,
      "operators_sum": 145,
      "operators_uniq": 18
    }
  },
  "overall": {
    "comment_ratio": 2.7542372881355934,
    "cyclomatic_complexity": 0,
    "fanout_external": 2,
    "fanout_internal": 0,
    "halstead_bugprop": 0.4915970140890742,
    "halstead_difficulty": 39.21428571428571,
    "halstead_effort": 57832.87730033608,
    "halstead_timerequired": 3212.937627796449,
    "halstead_volume": 1474.7910422672226,
    "loc": 2,
    "maintainability_index": 100,
    "operands_sum": 122,
    "operands_uniq": 28,
    "operators_sum": 145,
    "operators_uniq": 18,
    "pylint": 100.0,
    "tiobe": 99.76923076923077,
    "tiobe_compiler": 100.0,
    "tiobe_complexity": 98.46153846153847,
    "tiobe_coverage": 100.0,
    "tiobe_duplication": 100.0,
    "tiobe_fanout": 100.0,
    "tiobe_functional": 100.0,
    "tiobe_security": 100.0,
    "tiobe_standard": 100.0
  },
  "stats": {
    "max": {
      "comment_ratio": 2.7542372881355934,
      "cyclomatic_complexity": 0,
      "fanout_external": 2,
      "fanout_internal": 0,
      "halstead_bugprop": 0.4915970140890742,
      "halstead_difficulty": 39.21428571428571,
      "halstead_effort": 57832.87730033608,
      "halstead_timerequired": 3212.937627796449,
      "halstead_volume": 1474.7910422672226,
      "loc": 2,
      "operands_sum": 122,
      "operands_uniq": 28,
      "operators_sum": 145,
      "operators_uniq": 18
    },
    "mean": {
      "comment_ratio": 2.7542372881355934,
      "cyclomatic_complexity": 0,
      "fanout_external": 2,
      "fanout_internal": 0,
      "halstead_bugprop": 0.4915970140890742,
      "halstead_difficulty": 39.21428571428571,
      "halstead_effort": 57832.87730033608,
      "halstead_timerequired": 3212.937627796449,
      "halstead_volume": 1474.7910422672226,
      "loc": 2,
      "operands_sum": 122,
      "operands_uniq": 28,
      "operators_sum": 145,
      "operators_uniq": 18
    },
    "median": {
      "comment_ratio": 2.7542372881355934,
      "cyclomatic_complexity": 0,
      "fanout_external": 2,
      "fanout_internal": 0,
      "halstead_bugprop": 0.4915970140890742,
      "halstead_difficulty": 39.21428571428571,
      "halstead_effort": 57832.87730033608,
      "halstead_timerequired": 3212.937627796449,
      "halstead_volume": 1474.7910422672226,
      "loc": 2,
      "operands_sum": 122,
      "operands_uniq": 28,
      "operators_sum": 145,
      "operators_uniq": 18
    },
    "min": {
      "comment_ratio": 2.7542372881355934,
      "cyclomatic_complexity": 0,
      "fanout_external": 2,
      "fanout_internal": 0,
      "halstead_bugprop": 0.4915970140890742,
      "halstead_difficulty": 39.21428571428571,
      "halstead_effort": 57832.87730033608,
      "halstead_timerequired": 3212.937627796449,
      "halstead_volume": 1474.7910422672226,
      "loc": 2,
      "operands_sum": 122,
      "operands_uniq": 28,
      "operators_sum": 145,
      "operators_uniq": 18
    }
  }
}
