{
  "files": {
    "/Users/lorraynereis/Documents/PUC /Engenharia de Sofware/7 Peri\u0301odo/TCC 1/plf-es-2022-2-tcci-5308100-pes-lorrayne-reis/Instrumentos/Codigos/Collect-repositories/Repositories/Cloned-repositories/MotionPlanning/CurvesGenerator/quintic_polynomial.py": {
      "comment_ratio": 1.8804739824832561,
      "cyclomatic_complexity": 8,
      "fanout_external": 7,
      "fanout_internal": 1,
      "halstead_bugprop": 2.71488288386178,
      "halstead_difficulty": 47.33455882352941,
      "halstead_effort": 385523.3506954458,
      "halstead_timerequired": 21417.963927524765,
      "halstead_volume": 8144.648651585339,
      "lang": [
        "Python"
      ],
      "loc": 2,
      "operands_sum": 515,
      "operands_uniq": 136,
      "operators_sum": 596,
      "operators_uniq": 25
    }
  },
  "overall": {
    "comment_ratio": 1.8804739824832561,
    "cyclomatic_complexity": 8,
    "fanout_external": 7,
    "fanout_internal": 1,
    "halstead_bugprop": 2.71488288386178,
    "halstead_difficulty": 47.33455882352941,
    "halstead_effort": 385523.3506954458,
    "halstead_timerequired": 21417.963927524765,
    "halstead_volume": 8144.648651585339,
    "loc": 2,
    "maintainability_index": 100,
    "operands_sum": 515,
    "operands_uniq": 136,
    "operators_sum": 596,
    "operators_uniq": 25,
    "pylint": 100.0,
    "tiobe": 86.80099009900991,
    "tiobe_compiler": 100.0,
    "tiobe_complexity": 12.673267326732674,
    "tiobe_coverage": 100.0,
    "tiobe_duplication": 100.0,
    "tiobe_fanout": 98.0,
    "tiobe_functional": 100.0,
    "tiobe_security": 100.0,
    "tiobe_standard": 100.0
  },
  "stats": {
    "max": {
      "comment_ratio": 1.8804739824832561,
      "cyclomatic_complexity": 8,
      "fanout_external": 7,
      "fanout_internal": 1,
      "halstead_bugprop": 2.71488288386178,
      "halstead_difficulty": 47.33455882352941,
      "halstead_effort": 385523.3506954458,
      "halstead_timerequired": 21417.963927524765,
      "halstead_volume": 8144.648651585339,
      "loc": 2,
      "operands_sum": 515,
      "operands_uniq": 136,
      "operators_sum": 596,
      "operators_uniq": 25
    },
    "mean": {
      "comment_ratio": 1.8804739824832561,
      "cyclomatic_complexity": 8,
      "fanout_external": 7,
      "fanout_internal": 1,
      "halstead_bugprop": 2.71488288386178,
      "halstead_difficulty": 47.33455882352941,
      "halstead_effort": 385523.3506954458,
      "halstead_timerequired": 21417.963927524765,
      "halstead_volume": 8144.648651585339,
      "loc": 2,
      "operands_sum": 515,
      "operands_uniq": 136,
      "operators_sum": 596,
      "operators_uniq": 25
    },
    "median": {
      "comment_ratio": 1.8804739824832561,
      "cyclomatic_complexity": 8,
      "fanout_external": 7,
      "fanout_internal": 1,
      "halstead_bugprop": 2.71488288386178,
      "halstead_difficulty": 47.33455882352941,
      "halstead_effort": 385523.3506954458,
      "halstead_timerequired": 21417.963927524765,
      "halstead_volume": 8144.648651585339,
      "loc": 2,
      "operands_sum": 515,
      "operands_uniq": 136,
      "operators_sum": 596,
      "operators_uniq": 25
    },
    "min": {
      "comment_ratio": 1.8804739824832561,
      "cyclomatic_complexity": 8,
      "fanout_external": 7,
      "fanout_internal": 1,
      "halstead_bugprop": 2.71488288386178,
      "halstead_difficulty": 47.33455882352941,
      "halstead_effort": 385523.3506954458,
      "halstead_timerequired": 21417.963927524765,
      "halstead_volume": 8144.648651585339,
      "loc": 2,
      "operands_sum": 515,
      "operands_uniq": 136,
      "operators_sum": 596,
      "operators_uniq": 25
    }
  }
}
