{
  "files": {
    "/Users/lorraynereis/Documents/PUC /Engenharia de Sofware/7 Peri\u0301odo/TCC 1/plf-es-2022-2-tcci-5308100-pes-lorrayne-reis/Instrumentos/Codigos/Collect-repositories/Repositories/Cloned-repositories/pylot/pylot/prediction/r2p2_predictor_operator.py": {
      "comment_ratio": 16.1277160053045,
      "cyclomatic_complexity": 4,
      "fanout_external": 13,
      "fanout_internal": 1,
      "halstead_bugprop": 2.6845143530102806,
      "halstead_difficulty": 46.13309352517986,
      "halstead_effort": 371534.8551513329,
      "halstead_timerequired": 20640.82528618516,
      "halstead_volume": 8053.5430590308415,
      "lang": [
        "Python"
      ],
      "loc": 4,
      "operands_sum": 475,
      "operands_uniq": 139,
      "operators_sum": 617,
      "operators_uniq": 27
    }
  },
  "overall": {
    "comment_ratio": 16.1277160053045,
    "cyclomatic_complexity": 4,
    "fanout_external": 13,
    "fanout_internal": 1,
    "halstead_bugprop": 2.6845143530102806,
    "halstead_difficulty": 46.13309352517986,
    "halstead_effort": 371534.8551513329,
    "halstead_timerequired": 20640.82528618516,
    "halstead_volume": 8053.5430590308415,
    "loc": 4,
    "maintainability_index": 100,
    "operands_sum": 475,
    "operands_uniq": 139,
    "operators_sum": 617,
    "operators_uniq": 27,
    "pylint": 100.0,
    "tiobe": 93.10733944954129,
    "tiobe_compiler": 100.0,
    "tiobe_complexity": 58.71559633027523,
    "tiobe_coverage": 100.0,
    "tiobe_duplication": 100.0,
    "tiobe_fanout": 86.0,
    "tiobe_functional": 100.0,
    "tiobe_security": 100.0,
    "tiobe_standard": 100.0
  },
  "stats": {
    "max": {
      "comment_ratio": 16.1277160053045,
      "cyclomatic_complexity": 4,
      "fanout_external": 13,
      "fanout_internal": 1,
      "halstead_bugprop": 2.6845143530102806,
      "halstead_difficulty": 46.13309352517986,
      "halstead_effort": 371534.8551513329,
      "halstead_timerequired": 20640.82528618516,
      "halstead_volume": 8053.5430590308415,
      "loc": 4,
      "operands_sum": 475,
      "operands_uniq": 139,
      "operators_sum": 617,
      "operators_uniq": 27
    },
    "mean": {
      "comment_ratio": 16.1277160053045,
      "cyclomatic_complexity": 4,
      "fanout_external": 13,
      "fanout_internal": 1,
      "halstead_bugprop": 2.6845143530102806,
      "halstead_difficulty": 46.13309352517986,
      "halstead_effort": 371534.8551513329,
      "halstead_timerequired": 20640.82528618516,
      "halstead_volume": 8053.5430590308415,
      "loc": 4,
      "operands_sum": 475,
      "operands_uniq": 139,
      "operators_sum": 617,
      "operators_uniq": 27
    },
    "median": {
      "comment_ratio": 16.1277160053045,
      "cyclomatic_complexity": 4,
      "fanout_external": 13,
      "fanout_internal": 1,
      "halstead_bugprop": 2.6845143530102806,
      "halstead_difficulty": 46.13309352517986,
      "halstead_effort": 371534.8551513329,
      "halstead_timerequired": 20640.82528618516,
      "halstead_volume": 8053.5430590308415,
      "loc": 4,
      "operands_sum": 475,
      "operands_uniq": 139,
      "operators_sum": 617,
      "operators_uniq": 27
    },
    "min": {
      "comment_ratio": 16.1277160053045,
      "cyclomatic_complexity": 4,
      "fanout_external": 13,
      "fanout_internal": 1,
      "halstead_bugprop": 2.6845143530102806,
      "halstead_difficulty": 46.13309352517986,
      "halstead_effort": 371534.8551513329,
      "halstead_timerequired": 20640.82528618516,
      "halstead_volume": 8053.5430590308415,
      "loc": 4,
      "operands_sum": 475,
      "operands_uniq": 139,
      "operators_sum": 617,
      "operators_uniq": 27
    }
  }
}
