{
  "files": {
    "/Users/lorraynereis/Documents/PUC /Engenharia de Sofware/7 Peri\u0301odo/TCC 1/plf-es-2022-2-tcci-5308100-pes-lorrayne-reis/Instrumentos/Codigos/Collect-repositories/Repositories/Cloned-repositories/l5kit/l5kit/l5kit/rasterization/rasterizer_builder.py": {
      "comment_ratio": 20.895878008101025,
      "cyclomatic_complexity": 5,
      "fanout_external": 15,
      "fanout_internal": 1,
      "halstead_bugprop": 0.9014406469893258,
      "halstead_difficulty": 30.983870967741936,
      "halstead_effort": 83790.36207418524,
      "halstead_timerequired": 4655.0201152325135,
      "halstead_volume": 2704.3219409679773,
      "lang": [
        "Python"
      ],
      "loc": 1,
      "operands_sum": 226,
      "operands_uniq": 62,
      "operators_sum": 203,
      "operators_uniq": 17
    }
  },
  "overall": {
    "comment_ratio": 20.895878008101025,
    "cyclomatic_complexity": 5,
    "fanout_external": 15,
    "fanout_internal": 1,
    "halstead_bugprop": 0.9014406469893258,
    "halstead_difficulty": 30.983870967741936,
    "halstead_effort": 83790.36207418524,
    "halstead_timerequired": 4655.0201152325135,
    "halstead_volume": 2704.3219409679773,
    "loc": 1,
    "maintainability_index": 100,
    "operands_sum": 226,
    "operands_uniq": 62,
    "operators_sum": 203,
    "operators_uniq": 17,
    "pylint": 100.0,
    "tiobe": 90.1,
    "tiobe_compiler": 100.0,
    "tiobe_complexity": 40.0,
    "tiobe_coverage": 100.0,
    "tiobe_duplication": 100.0,
    "tiobe_fanout": 82.0,
    "tiobe_functional": 100.0,
    "tiobe_security": 100.0,
    "tiobe_standard": 100.0
  },
  "stats": {
    "max": {
      "comment_ratio": 20.895878008101025,
      "cyclomatic_complexity": 5,
      "fanout_external": 15,
      "fanout_internal": 1,
      "halstead_bugprop": 0.9014406469893258,
      "halstead_difficulty": 30.983870967741936,
      "halstead_effort": 83790.36207418524,
      "halstead_timerequired": 4655.0201152325135,
      "halstead_volume": 2704.3219409679773,
      "loc": 1,
      "operands_sum": 226,
      "operands_uniq": 62,
      "operators_sum": 203,
      "operators_uniq": 17
    },
    "mean": {
      "comment_ratio": 20.895878008101025,
      "cyclomatic_complexity": 5,
      "fanout_external": 15,
      "fanout_internal": 1,
      "halstead_bugprop": 0.9014406469893258,
      "halstead_difficulty": 30.983870967741936,
      "halstead_effort": 83790.36207418524,
      "halstead_timerequired": 4655.0201152325135,
      "halstead_volume": 2704.3219409679773,
      "loc": 1,
      "operands_sum": 226,
      "operands_uniq": 62,
      "operators_sum": 203,
      "operators_uniq": 17
    },
    "median": {
      "comment_ratio": 20.895878008101025,
      "cyclomatic_complexity": 5,
      "fanout_external": 15,
      "fanout_internal": 1,
      "halstead_bugprop": 0.9014406469893258,
      "halstead_difficulty": 30.983870967741936,
      "halstead_effort": 83790.36207418524,
      "halstead_timerequired": 4655.0201152325135,
      "halstead_volume": 2704.3219409679773,
      "loc": 1,
      "operands_sum": 226,
      "operands_uniq": 62,
      "operators_sum": 203,
      "operators_uniq": 17
    },
    "min": {
      "comment_ratio": 20.895878008101025,
      "cyclomatic_complexity": 5,
      "fanout_external": 15,
      "fanout_internal": 1,
      "halstead_bugprop": 0.9014406469893258,
      "halstead_difficulty": 30.983870967741936,
      "halstead_effort": 83790.36207418524,
      "halstead_timerequired": 4655.0201152325135,
      "halstead_volume": 2704.3219409679773,
      "loc": 1,
      "operands_sum": 226,
      "operands_uniq": 62,
      "operators_sum": 203,
      "operators_uniq": 17
    }
  }
}
