{
  "files": {
    "/Users/lorraynereis/Documents/PUC /Engenharia de Sofware/7 Peri\u0301odo/TCC 1/plf-es-2022-2-tcci-5308100-pes-lorrayne-reis/Instrumentos/Codigos/Collect-repositories/Repositories/Cloned-repositories/l5kit/l5kit/l5kit/tests/rasterization/rasterizer_e2e_test.py": {
      "comment_ratio": 6.7628045748383885,
      "cyclomatic_complexity": 0,
      "fanout_external": 8,
      "fanout_internal": 1,
      "halstead_bugprop": 0.7102358079454222,
      "halstead_difficulty": 25.47457627118644,
      "halstead_effort": 54278.86878010014,
      "halstead_timerequired": 3015.4927100055634,
      "halstead_volume": 2130.7074238362666,
      "lang": [
        "Python"
      ],
      "loc": 1,
      "operands_sum": 167,
      "operands_uniq": 59,
      "operators_sum": 173,
      "operators_uniq": 18
    }
  },
  "overall": {
    "comment_ratio": 6.7628045748383885,
    "cyclomatic_complexity": 0,
    "fanout_external": 8,
    "fanout_internal": 1,
    "halstead_bugprop": 0.7102358079454222,
    "halstead_difficulty": 25.47457627118644,
    "halstead_effort": 54278.86878010014,
    "halstead_timerequired": 3015.4927100055634,
    "halstead_volume": 2130.7074238362666,
    "loc": 1,
    "maintainability_index": 100,
    "operands_sum": 167,
    "operands_uniq": 59,
    "operators_sum": 173,
    "operators_uniq": 18,
    "pylint": 100.0,
    "tiobe": 99.56923076923077,
    "tiobe_compiler": 100.0,
    "tiobe_complexity": 98.46153846153847,
    "tiobe_coverage": 100.0,
    "tiobe_duplication": 100.0,
    "tiobe_fanout": 96.0,
    "tiobe_functional": 100.0,
    "tiobe_security": 100.0,
    "tiobe_standard": 100.0
  },
  "stats": {
    "max": {
      "comment_ratio": 6.7628045748383885,
      "cyclomatic_complexity": 0,
      "fanout_external": 8,
      "fanout_internal": 1,
      "halstead_bugprop": 0.7102358079454222,
      "halstead_difficulty": 25.47457627118644,
      "halstead_effort": 54278.86878010014,
      "halstead_timerequired": 3015.4927100055634,
      "halstead_volume": 2130.7074238362666,
      "loc": 1,
      "operands_sum": 167,
      "operands_uniq": 59,
      "operators_sum": 173,
      "operators_uniq": 18
    },
    "mean": {
      "comment_ratio": 6.7628045748383885,
      "cyclomatic_complexity": 0,
      "fanout_external": 8,
      "fanout_internal": 1,
      "halstead_bugprop": 0.7102358079454222,
      "halstead_difficulty": 25.47457627118644,
      "halstead_effort": 54278.86878010014,
      "halstead_timerequired": 3015.4927100055634,
      "halstead_volume": 2130.7074238362666,
      "loc": 1,
      "operands_sum": 167,
      "operands_uniq": 59,
      "operators_sum": 173,
      "operators_uniq": 18
    },
    "median": {
      "comment_ratio": 6.7628045748383885,
      "cyclomatic_complexity": 0,
      "fanout_external": 8,
      "fanout_internal": 1,
      "halstead_bugprop": 0.7102358079454222,
      "halstead_difficulty": 25.47457627118644,
      "halstead_effort": 54278.86878010014,
      "halstead_timerequired": 3015.4927100055634,
      "halstead_volume": 2130.7074238362666,
      "loc": 1,
      "operands_sum": 167,
      "operands_uniq": 59,
      "operators_sum": 173,
      "operators_uniq": 18
    },
    "min": {
      "comment_ratio": 6.7628045748383885,
      "cyclomatic_complexity": 0,
      "fanout_external": 8,
      "fanout_internal": 1,
      "halstead_bugprop": 0.7102358079454222,
      "halstead_difficulty": 25.47457627118644,
      "halstead_effort": 54278.86878010014,
      "halstead_timerequired": 3015.4927100055634,
      "halstead_volume": 2130.7074238362666,
      "loc": 1,
      "operands_sum": 167,
      "operands_uniq": 59,
      "operators_sum": 173,
      "operators_uniq": 18
    }
  }
}
