{
  "files": {
    "/Users/lorraynereis/Documents/PUC /Engenharia de Sofware/7 Peri\u0301odo/TCC 1/plf-es-2022-2-tcci-5308100-pes-lorrayne-reis/Instrumentos/Codigos/Collect-repositories/Repositories/Cloned-repositories/l5kit/l5kit/l5kit/rasterization/rasterizer.py": {
      "comment_ratio": 26.793248945147678,
      "cyclomatic_complexity": 2,
      "fanout_external": 4,
      "fanout_internal": 0,
      "halstead_bugprop": 0.18367746297052545,
      "halstead_difficulty": 16.19047619047619,
      "halstead_effort": 8921.476772854094,
      "halstead_timerequired": 495.6375984918941,
      "halstead_volume": 551.0323889115764,
      "lang": [
        "Python"
      ],
      "loc": 1,
      "operands_sum": 40,
      "operands_uniq": 21,
      "operators_sum": 65,
      "operators_uniq": 17
    }
  },
  "overall": {
    "comment_ratio": 26.793248945147678,
    "cyclomatic_complexity": 2,
    "fanout_external": 4,
    "fanout_internal": 0,
    "halstead_bugprop": 0.18367746297052545,
    "halstead_difficulty": 16.19047619047619,
    "halstead_effort": 8921.476772854094,
    "halstead_timerequired": 495.6375984918941,
    "halstead_volume": 551.0323889115764,
    "loc": 1,
    "maintainability_index": 100,
    "operands_sum": 40,
    "operands_uniq": 21,
    "operators_sum": 65,
    "operators_uniq": 17,
    "pylint": 100.0,
    "tiobe": 99.32835820895522,
    "tiobe_compiler": 100.0,
    "tiobe_complexity": 95.5223880597015,
    "tiobe_coverage": 100.0,
    "tiobe_duplication": 100.0,
    "tiobe_fanout": 100.0,
    "tiobe_functional": 100.0,
    "tiobe_security": 100.0,
    "tiobe_standard": 100.0
  },
  "stats": {
    "max": {
      "comment_ratio": 26.793248945147678,
      "cyclomatic_complexity": 2,
      "fanout_external": 4,
      "fanout_internal": 0,
      "halstead_bugprop": 0.18367746297052545,
      "halstead_difficulty": 16.19047619047619,
      "halstead_effort": 8921.476772854094,
      "halstead_timerequired": 495.6375984918941,
      "halstead_volume": 551.0323889115764,
      "loc": 1,
      "operands_sum": 40,
      "operands_uniq": 21,
      "operators_sum": 65,
      "operators_uniq": 17
    },
    "mean": {
      "comment_ratio": 26.793248945147678,
      "cyclomatic_complexity": 2,
      "fanout_external": 4,
      "fanout_internal": 0,
      "halstead_bugprop": 0.18367746297052545,
      "halstead_difficulty": 16.19047619047619,
      "halstead_effort": 8921.476772854094,
      "halstead_timerequired": 495.6375984918941,
      "halstead_volume": 551.0323889115764,
      "loc": 1,
      "operands_sum": 40,
      "operands_uniq": 21,
      "operators_sum": 65,
      "operators_uniq": 17
    },
    "median": {
      "comment_ratio": 26.793248945147678,
      "cyclomatic_complexity": 2,
      "fanout_external": 4,
      "fanout_internal": 0,
      "halstead_bugprop": 0.18367746297052545,
      "halstead_difficulty": 16.19047619047619,
      "halstead_effort": 8921.476772854094,
      "halstead_timerequired": 495.6375984918941,
      "halstead_volume": 551.0323889115764,
      "loc": 1,
      "operands_sum": 40,
      "operands_uniq": 21,
      "operators_sum": 65,
      "operators_uniq": 17
    },
    "min": {
      "comment_ratio": 26.793248945147678,
      "cyclomatic_complexity": 2,
      "fanout_external": 4,
      "fanout_internal": 0,
      "halstead_bugprop": 0.18367746297052545,
      "halstead_difficulty": 16.19047619047619,
      "halstead_effort": 8921.476772854094,
      "halstead_timerequired": 495.6375984918941,
      "halstead_volume": 551.0323889115764,
      "loc": 1,
      "operands_sum": 40,
      "operands_uniq": 21,
      "operators_sum": 65,
      "operators_uniq": 17
    }
  }
}
