{
  "files": {
    "/Users/lorraynereis/Documents/PUC /Engenharia de Sofware/7 Peri\u0301odo/TCC 1/plf-es-2022-2-tcci-5308100-pes-lorrayne-reis/Instrumentos/Codigos/Collect-repositories/Repositories/Cloned-repositories/MotionPlanning/Control/Rear_Wheel_Feedback.py": {
      "comment_ratio": 18.332727493032838,
      "cyclomatic_complexity": 13,
      "fanout_external": 13,
      "fanout_internal": 1,
      "halstead_bugprop": 4.2947250152859455,
      "halstead_difficulty": 60.08021390374331,
      "halstead_effort": 774083.9927284105,
      "halstead_timerequired": 43004.666262689476,
      "halstead_volume": 12884.175045857835,
      "lang": [
        "Python"
      ],
      "loc": 3,
      "operands_sum": 749,
      "operands_uniq": 187,
      "operators_sum": 911,
      "operators_uniq": 30
    }
  },
  "overall": {
    "comment_ratio": 18.332727493032838,
    "cyclomatic_complexity": 13,
    "fanout_external": 13,
    "fanout_internal": 1,
    "halstead_bugprop": 4.2947250152859455,
    "halstead_difficulty": 60.08021390374331,
    "halstead_effort": 774083.9927284105,
    "halstead_timerequired": 43004.666262689476,
    "halstead_volume": 12884.175045857835,
    "loc": 3,
    "maintainability_index": 100,
    "operands_sum": 749,
    "operands_uniq": 187,
    "operators_sum": 911,
    "operators_uniq": 30,
    "pylint": 100.0,
    "tiobe": 84.76153846153845,
    "tiobe_compiler": 100.0,
    "tiobe_complexity": 3.076923076923077,
    "tiobe_coverage": 100.0,
    "tiobe_duplication": 100.0,
    "tiobe_fanout": 86.0,
    "tiobe_functional": 100.0,
    "tiobe_security": 100.0,
    "tiobe_standard": 100.0
  },
  "stats": {
    "max": {
      "comment_ratio": 18.332727493032838,
      "cyclomatic_complexity": 13,
      "fanout_external": 13,
      "fanout_internal": 1,
      "halstead_bugprop": 4.2947250152859455,
      "halstead_difficulty": 60.08021390374331,
      "halstead_effort": 774083.9927284105,
      "halstead_timerequired": 43004.666262689476,
      "halstead_volume": 12884.175045857835,
      "loc": 3,
      "operands_sum": 749,
      "operands_uniq": 187,
      "operators_sum": 911,
      "operators_uniq": 30
    },
    "mean": {
      "comment_ratio": 18.332727493032838,
      "cyclomatic_complexity": 13,
      "fanout_external": 13,
      "fanout_internal": 1,
      "halstead_bugprop": 4.2947250152859455,
      "halstead_difficulty": 60.08021390374331,
      "halstead_effort": 774083.9927284105,
      "halstead_timerequired": 43004.666262689476,
      "halstead_volume": 12884.175045857835,
      "loc": 3,
      "operands_sum": 749,
      "operands_uniq": 187,
      "operators_sum": 911,
      "operators_uniq": 30
    },
    "median": {
      "comment_ratio": 18.332727493032838,
      "cyclomatic_complexity": 13,
      "fanout_external": 13,
      "fanout_internal": 1,
      "halstead_bugprop": 4.2947250152859455,
      "halstead_difficulty": 60.08021390374331,
      "halstead_effort": 774083.9927284105,
      "halstead_timerequired": 43004.666262689476,
      "halstead_volume": 12884.175045857835,
      "loc": 3,
      "operands_sum": 749,
      "operands_uniq": 187,
      "operators_sum": 911,
      "operators_uniq": 30
    },
    "min": {
      "comment_ratio": 18.332727493032838,
      "cyclomatic_complexity": 13,
      "fanout_external": 13,
      "fanout_internal": 1,
      "halstead_bugprop": 4.2947250152859455,
      "halstead_difficulty": 60.08021390374331,
      "halstead_effort": 774083.9927284105,
      "halstead_timerequired": 43004.666262689476,
      "halstead_volume": 12884.175045857835,
      "loc": 3,
      "operands_sum": 749,
      "operands_uniq": 187,
      "operators_sum": 911,
      "operators_uniq": 30
    }
  }
}
