{
  "files": {
    "/Users/lorraynereis/Documents/PUC /Engenharia de Sofware/7 Peri\u0301odo/TCC 1/plf-es-2022-2-tcci-5308100-pes-lorrayne-reis/Instrumentos/Codigos/Collect-repositories/Repositories/Cloned-repositories/PythonRobotics/Mapping/rectangle_fitting/rectangle_fitting.py": {
      "comment_ratio": 9.83649104593823,
      "cyclomatic_complexity": 29,
      "fanout_external": 16,
      "fanout_internal": 1,
      "halstead_bugprop": 4.275463562147329,
      "halstead_difficulty": 75.98795180722891,
      "halstead_effort": 974651.1573420435,
      "halstead_timerequired": 54147.28651900242,
      "halstead_volume": 12826.390686441988,
      "lang": [
        "Python"
      ],
      "loc": 1,
      "operands_sum": 742,
      "operands_uniq": 166,
      "operators_sum": 936,
      "operators_uniq": 34
    }
  },
  "overall": {
    "comment_ratio": 9.83649104593823,
    "cyclomatic_complexity": 29,
    "fanout_external": 16,
    "fanout_internal": 1,
    "halstead_bugprop": 4.275463562147329,
    "halstead_difficulty": 75.98795180722891,
    "halstead_effort": 974651.1573420435,
    "halstead_timerequired": 54147.28651900242,
    "halstead_volume": 12826.390686441988,
    "loc": 1,
    "maintainability_index": 100,
    "operands_sum": 742,
    "operands_uniq": 166,
    "operators_sum": 936,
    "operators_uniq": 34,
    "pylint": 100.0,
    "tiobe": 84.04070556309362,
    "tiobe_compiler": 100.0,
    "tiobe_complexity": 0.27137042062415195,
    "tiobe_coverage": 100.0,
    "tiobe_duplication": 100.0,
    "tiobe_fanout": 80.0,
    "tiobe_functional": 100.0,
    "tiobe_security": 100.0,
    "tiobe_standard": 100.0
  },
  "stats": {
    "max": {
      "comment_ratio": 9.83649104593823,
      "cyclomatic_complexity": 29,
      "fanout_external": 16,
      "fanout_internal": 1,
      "halstead_bugprop": 4.275463562147329,
      "halstead_difficulty": 75.98795180722891,
      "halstead_effort": 974651.1573420435,
      "halstead_timerequired": 54147.28651900242,
      "halstead_volume": 12826.390686441988,
      "loc": 1,
      "operands_sum": 742,
      "operands_uniq": 166,
      "operators_sum": 936,
      "operators_uniq": 34
    },
    "mean": {
      "comment_ratio": 9.83649104593823,
      "cyclomatic_complexity": 29,
      "fanout_external": 16,
      "fanout_internal": 1,
      "halstead_bugprop": 4.275463562147329,
      "halstead_difficulty": 75.98795180722891,
      "halstead_effort": 974651.1573420435,
      "halstead_timerequired": 54147.28651900242,
      "halstead_volume": 12826.390686441988,
      "loc": 1,
      "operands_sum": 742,
      "operands_uniq": 166,
      "operators_sum": 936,
      "operators_uniq": 34
    },
    "median": {
      "comment_ratio": 9.83649104593823,
      "cyclomatic_complexity": 29,
      "fanout_external": 16,
      "fanout_internal": 1,
      "halstead_bugprop": 4.275463562147329,
      "halstead_difficulty": 75.98795180722891,
      "halstead_effort": 974651.1573420435,
      "halstead_timerequired": 54147.28651900242,
      "halstead_volume": 12826.390686441988,
      "loc": 1,
      "operands_sum": 742,
      "operands_uniq": 166,
      "operators_sum": 936,
      "operators_uniq": 34
    },
    "min": {
      "comment_ratio": 9.83649104593823,
      "cyclomatic_complexity": 29,
      "fanout_external": 16,
      "fanout_internal": 1,
      "halstead_bugprop": 4.275463562147329,
      "halstead_difficulty": 75.98795180722891,
      "halstead_effort": 974651.1573420435,
      "halstead_timerequired": 54147.28651900242,
      "halstead_volume": 12826.390686441988,
      "loc": 1,
      "operands_sum": 742,
      "operands_uniq": 166,
      "operators_sum": 936,
      "operators_uniq": 34
    }
  }
}
