{
  "files": {
    "/Users/lorraynereis/Documents/PUC /Engenharia de Sofware/7 Peri\u0301odo/TCC 1/plf-es-2022-2-tcci-5308100-pes-lorrayne-reis/Instrumentos/Codigos/Collect-repositories/Repositories/Cloned-repositories/PythonRobotics/PathPlanning/ReedsSheppPath/reeds_shepp_path_planning.py": {
      "comment_ratio": 6.207139089150695,
      "cyclomatic_complexity": 34,
      "fanout_external": 6,
      "fanout_internal": 1,
      "halstead_bugprop": 7.087672300053957,
      "halstead_difficulty": 166.20253164556965,
      "halstead_effort": 3533967.2392294356,
      "halstead_timerequired": 196331.5132905242,
      "halstead_volume": 21263.01690016187,
      "lang": [
        "Python"
      ],
      "loc": 1,
      "operands_sum": 1313,
      "operands_uniq": 158,
      "operators_sum": 1474,
      "operators_uniq": 40
    }
  },
  "overall": {
    "comment_ratio": 6.207139089150695,
    "cyclomatic_complexity": 34,
    "fanout_external": 6,
    "fanout_internal": 1,
    "halstead_bugprop": 7.087672300053957,
    "halstead_difficulty": 166.20253164556965,
    "halstead_effort": 3533967.2392294356,
    "halstead_timerequired": 196331.5132905242,
    "halstead_volume": 21263.01690016187,
    "loc": 1,
    "maintainability_index": 100,
    "operands_sum": 1313,
    "operands_uniq": 158,
    "operators_sum": 1474,
    "operators_uniq": 40,
    "pylint": 100.0,
    "tiobe": 85.02514471306216,
    "tiobe_compiler": 100.0,
    "tiobe_complexity": 0.1676314204143639,
    "tiobe_coverage": 100.0,
    "tiobe_duplication": 100.0,
    "tiobe_fanout": 100.0,
    "tiobe_functional": 100.0,
    "tiobe_security": 100.0,
    "tiobe_standard": 100.0
  },
  "stats": {
    "max": {
      "comment_ratio": 6.207139089150695,
      "cyclomatic_complexity": 34,
      "fanout_external": 6,
      "fanout_internal": 1,
      "halstead_bugprop": 7.087672300053957,
      "halstead_difficulty": 166.20253164556965,
      "halstead_effort": 3533967.2392294356,
      "halstead_timerequired": 196331.5132905242,
      "halstead_volume": 21263.01690016187,
      "loc": 1,
      "operands_sum": 1313,
      "operands_uniq": 158,
      "operators_sum": 1474,
      "operators_uniq": 40
    },
    "mean": {
      "comment_ratio": 6.207139089150695,
      "cyclomatic_complexity": 34,
      "fanout_external": 6,
      "fanout_internal": 1,
      "halstead_bugprop": 7.087672300053957,
      "halstead_difficulty": 166.20253164556965,
      "halstead_effort": 3533967.2392294356,
      "halstead_timerequired": 196331.5132905242,
      "halstead_volume": 21263.01690016187,
      "loc": 1,
      "operands_sum": 1313,
      "operands_uniq": 158,
      "operators_sum": 1474,
      "operators_uniq": 40
    },
    "median": {
      "comment_ratio": 6.207139089150695,
      "cyclomatic_complexity": 34,
      "fanout_external": 6,
      "fanout_internal": 1,
      "halstead_bugprop": 7.087672300053957,
      "halstead_difficulty": 166.20253164556965,
      "halstead_effort": 3533967.2392294356,
      "halstead_timerequired": 196331.5132905242,
      "halstead_volume": 21263.01690016187,
      "loc": 1,
      "operands_sum": 1313,
      "operands_uniq": 158,
      "operators_sum": 1474,
      "operators_uniq": 40
    },
    "min": {
      "comment_ratio": 6.207139089150695,
      "cyclomatic_complexity": 34,
      "fanout_external": 6,
      "fanout_internal": 1,
      "halstead_bugprop": 7.087672300053957,
      "halstead_difficulty": 166.20253164556965,
      "halstead_effort": 3533967.2392294356,
      "halstead_timerequired": 196331.5132905242,
      "halstead_volume": 21263.01690016187,
      "loc": 1,
      "operands_sum": 1313,
      "operands_uniq": 158,
      "operators_sum": 1474,
      "operators_uniq": 40
    }
  }
}
