{
  "files": {
    "/Users/lorraynereis/Documents/PUC /Engenharia de Sofware/7 Peri\u0301odo/TCC 1/plf-es-2022-2-tcci-5308100-pes-lorrayne-reis/Instrumentos/Codigos/Collect-repositories/Repositories/Cloned-repositories/MotionPlanning/CurvesGenerator/reeds_shepp.py": {
      "comment_ratio": 3.525713002470245,
      "cyclomatic_complexity": 87,
      "fanout_external": 4,
      "fanout_internal": 0,
      "halstead_bugprop": 15.040624483433588,
      "halstead_difficulty": 389.02601156069363,
      "halstead_effort": 17553582.46251686,
      "halstead_timerequired": 975199.0256953811,
      "halstead_volume": 45121.873450300765,
      "lang": [
        "Python"
      ],
      "loc": 3,
      "operands_sum": 2747,
      "operands_uniq": 173,
      "operators_sum": 3042,
      "operators_uniq": 49
    }
  },
  "overall": {
    "comment_ratio": 3.525713002470245,
    "cyclomatic_complexity": 87,
    "fanout_external": 4,
    "fanout_internal": 0,
    "halstead_bugprop": 15.040624483433588,
    "halstead_difficulty": 389.02601156069363,
    "halstead_effort": 17553582.46251686,
    "halstead_timerequired": 975199.0256953811,
    "halstead_volume": 45121.873450300765,
    "loc": 3,
    "maintainability_index": 77.46344440813945,
    "operands_sum": 2747,
    "operands_uniq": 173,
    "operators_sum": 3042,
    "operators_uniq": 49,
    "pylint": 100.0,
    "tiobe": 85.00147485374367,
    "tiobe_compiler": 100.0,
    "tiobe_complexity": 0.009832358291136128,
    "tiobe_coverage": 100.0,
    "tiobe_duplication": 100.0,
    "tiobe_fanout": 100.0,
    "tiobe_functional": 100.0,
    "tiobe_security": 100.0,
    "tiobe_standard": 100.0
  },
  "stats": {
    "max": {
      "comment_ratio": 3.525713002470245,
      "cyclomatic_complexity": 87,
      "fanout_external": 4,
      "fanout_internal": 0,
      "halstead_bugprop": 15.040624483433588,
      "halstead_difficulty": 389.02601156069363,
      "halstead_effort": 17553582.46251686,
      "halstead_timerequired": 975199.0256953811,
      "halstead_volume": 45121.873450300765,
      "loc": 3,
      "operands_sum": 2747,
      "operands_uniq": 173,
      "operators_sum": 3042,
      "operators_uniq": 49
    },
    "mean": {
      "comment_ratio": 3.525713002470245,
      "cyclomatic_complexity": 87,
      "fanout_external": 4,
      "fanout_internal": 0,
      "halstead_bugprop": 15.040624483433588,
      "halstead_difficulty": 389.02601156069363,
      "halstead_effort": 17553582.46251686,
      "halstead_timerequired": 975199.0256953811,
      "halstead_volume": 45121.873450300765,
      "loc": 3,
      "operands_sum": 2747,
      "operands_uniq": 173,
      "operators_sum": 3042,
      "operators_uniq": 49
    },
    "median": {
      "comment_ratio": 3.525713002470245,
      "cyclomatic_complexity": 87,
      "fanout_external": 4,
      "fanout_internal": 0,
      "halstead_bugprop": 15.040624483433588,
      "halstead_difficulty": 389.02601156069363,
      "halstead_effort": 17553582.46251686,
      "halstead_timerequired": 975199.0256953811,
      "halstead_volume": 45121.873450300765,
      "loc": 3,
      "operands_sum": 2747,
      "operands_uniq": 173,
      "operators_sum": 3042,
      "operators_uniq": 49
    },
    "min": {
      "comment_ratio": 3.525713002470245,
      "cyclomatic_complexity": 87,
      "fanout_external": 4,
      "fanout_internal": 0,
      "halstead_bugprop": 15.040624483433588,
      "halstead_difficulty": 389.02601156069363,
      "halstead_effort": 17553582.46251686,
      "halstead_timerequired": 975199.0256953811,
      "halstead_volume": 45121.873450300765,
      "loc": 3,
      "operands_sum": 2747,
      "operands_uniq": 173,
      "operators_sum": 3042,
      "operators_uniq": 49
    }
  }
}
