{
  "files": {
    "/Users/lorraynereis/Documents/PUC /Engenharia de Sofware/7 Peri\u0301odo/TCC 1/plf-es-2022-2-tcci-5308100-pes-lorrayne-reis/Instrumentos/Codigos/Collect-repositories/Repositories/Cloned-repositories/RTM3D/src/models/resnet.py": {
      "comment_ratio": 11.322731168460146,
      "cyclomatic_complexity": 17,
      "fanout_external": 6,
      "fanout_internal": 1,
      "halstead_bugprop": 3.9731367678963063,
      "halstead_difficulty": 102.41463414634147,
      "halstead_effort": 1220722.0454924335,
      "halstead_timerequired": 67817.8914162463,
      "halstead_volume": 11919.41030368892,
      "lang": [
        "Python"
      ],
      "loc": 3,
      "operands_sum": 741,
      "operands_uniq": 123,
      "operators_sum": 893,
      "operators_uniq": 34
    }
  },
  "overall": {
    "comment_ratio": 11.322731168460146,
    "cyclomatic_complexity": 17,
    "fanout_external": 6,
    "fanout_internal": 1,
    "halstead_bugprop": 3.9731367678963063,
    "halstead_difficulty": 102.41463414634147,
    "halstead_effort": 1220722.0454924335,
    "halstead_timerequired": 67817.8914162463,
    "halstead_volume": 11919.41030368892,
    "loc": 3,
    "maintainability_index": 100,
    "operands_sum": 741,
    "operands_uniq": 123,
    "operators_sum": 893,
    "operators_uniq": 34,
    "pylint": 100.0,
    "tiobe": 85.20547945205479,
    "tiobe_compiler": 100.0,
    "tiobe_complexity": 1.36986301369863,
    "tiobe_coverage": 100.0,
    "tiobe_duplication": 100.0,
    "tiobe_fanout": 100.0,
    "tiobe_functional": 100.0,
    "tiobe_security": 100.0,
    "tiobe_standard": 100.0
  },
  "stats": {
    "max": {
      "comment_ratio": 11.322731168460146,
      "cyclomatic_complexity": 17,
      "fanout_external": 6,
      "fanout_internal": 1,
      "halstead_bugprop": 3.9731367678963063,
      "halstead_difficulty": 102.41463414634147,
      "halstead_effort": 1220722.0454924335,
      "halstead_timerequired": 67817.8914162463,
      "halstead_volume": 11919.41030368892,
      "loc": 3,
      "operands_sum": 741,
      "operands_uniq": 123,
      "operators_sum": 893,
      "operators_uniq": 34
    },
    "mean": {
      "comment_ratio": 11.322731168460146,
      "cyclomatic_complexity": 17,
      "fanout_external": 6,
      "fanout_internal": 1,
      "halstead_bugprop": 3.9731367678963063,
      "halstead_difficulty": 102.41463414634147,
      "halstead_effort": 1220722.0454924335,
      "halstead_timerequired": 67817.8914162463,
      "halstead_volume": 11919.41030368892,
      "loc": 3,
      "operands_sum": 741,
      "operands_uniq": 123,
      "operators_sum": 893,
      "operators_uniq": 34
    },
    "median": {
      "comment_ratio": 11.322731168460146,
      "cyclomatic_complexity": 17,
      "fanout_external": 6,
      "fanout_internal": 1,
      "halstead_bugprop": 3.9731367678963063,
      "halstead_difficulty": 102.41463414634147,
      "halstead_effort": 1220722.0454924335,
      "halstead_timerequired": 67817.8914162463,
      "halstead_volume": 11919.41030368892,
      "loc": 3,
      "operands_sum": 741,
      "operands_uniq": 123,
      "operators_sum": 893,
      "operators_uniq": 34
    },
    "min": {
      "comment_ratio": 11.322731168460146,
      "cyclomatic_complexity": 17,
      "fanout_external": 6,
      "fanout_internal": 1,
      "halstead_bugprop": 3.9731367678963063,
      "halstead_difficulty": 102.41463414634147,
      "halstead_effort": 1220722.0454924335,
      "halstead_timerequired": 67817.8914162463,
      "halstead_volume": 11919.41030368892,
      "loc": 3,
      "operands_sum": 741,
      "operands_uniq": 123,
      "operators_sum": 893,
      "operators_uniq": 34
    }
  }
}
