{
  "files": {
    "/Users/lorraynereis/Documents/PUC /Engenharia de Sofware/7 Peri\u0301odo/TCC 1/plf-es-2022-2-tcci-5308100-pes-lorrayne-reis/Instrumentos/Codigos/Collect-repositories/Repositories/Cloned-repositories/l5kit/l5kit/l5kit/environment/reward.py": {
      "comment_ratio": 44.150110375275936,
      "cyclomatic_complexity": 6,
      "fanout_external": 9,
      "fanout_internal": 1,
      "halstead_bugprop": 0.8468078805051242,
      "halstead_difficulty": 44.65384615384615,
      "halstead_effort": 113439.68645382106,
      "halstead_timerequired": 6302.204802990059,
      "halstead_volume": 2540.4236415153728,
      "lang": [
        "Python"
      ],
      "loc": 1,
      "operands_sum": 172,
      "operands_uniq": 52,
      "operators_sum": 231,
      "operators_uniq": 27
    }
  },
  "overall": {
    "comment_ratio": 44.150110375275936,
    "cyclomatic_complexity": 6,
    "fanout_external": 9,
    "fanout_internal": 1,
    "halstead_bugprop": 0.8468078805051242,
    "halstead_difficulty": 44.65384615384615,
    "halstead_effort": 113439.68645382106,
    "halstead_timerequired": 6302.204802990059,
    "halstead_volume": 2540.4236415153728,
    "loc": 1,
    "maintainability_index": 100,
    "operands_sum": 172,
    "operands_uniq": 52,
    "operators_sum": 231,
    "operators_uniq": 27,
    "pylint": 100.0,
    "tiobe": 88.71673640167364,
    "tiobe_compiler": 100.0,
    "tiobe_complexity": 26.778242677824267,
    "tiobe_coverage": 100.0,
    "tiobe_duplication": 100.0,
    "tiobe_fanout": 94.0,
    "tiobe_functional": 100.0,
    "tiobe_security": 100.0,
    "tiobe_standard": 100.0
  },
  "stats": {
    "max": {
      "comment_ratio": 44.150110375275936,
      "cyclomatic_complexity": 6,
      "fanout_external": 9,
      "fanout_internal": 1,
      "halstead_bugprop": 0.8468078805051242,
      "halstead_difficulty": 44.65384615384615,
      "halstead_effort": 113439.68645382106,
      "halstead_timerequired": 6302.204802990059,
      "halstead_volume": 2540.4236415153728,
      "loc": 1,
      "operands_sum": 172,
      "operands_uniq": 52,
      "operators_sum": 231,
      "operators_uniq": 27
    },
    "mean": {
      "comment_ratio": 44.150110375275936,
      "cyclomatic_complexity": 6,
      "fanout_external": 9,
      "fanout_internal": 1,
      "halstead_bugprop": 0.8468078805051242,
      "halstead_difficulty": 44.65384615384615,
      "halstead_effort": 113439.68645382106,
      "halstead_timerequired": 6302.204802990059,
      "halstead_volume": 2540.4236415153728,
      "loc": 1,
      "operands_sum": 172,
      "operands_uniq": 52,
      "operators_sum": 231,
      "operators_uniq": 27
    },
    "median": {
      "comment_ratio": 44.150110375275936,
      "cyclomatic_complexity": 6,
      "fanout_external": 9,
      "fanout_internal": 1,
      "halstead_bugprop": 0.8468078805051242,
      "halstead_difficulty": 44.65384615384615,
      "halstead_effort": 113439.68645382106,
      "halstead_timerequired": 6302.204802990059,
      "halstead_volume": 2540.4236415153728,
      "loc": 1,
      "operands_sum": 172,
      "operands_uniq": 52,
      "operators_sum": 231,
      "operators_uniq": 27
    },
    "min": {
      "comment_ratio": 44.150110375275936,
      "cyclomatic_complexity": 6,
      "fanout_external": 9,
      "fanout_internal": 1,
      "halstead_bugprop": 0.8468078805051242,
      "halstead_difficulty": 44.65384615384615,
      "halstead_effort": 113439.68645382106,
      "halstead_timerequired": 6302.204802990059,
      "halstead_volume": 2540.4236415153728,
      "loc": 1,
      "operands_sum": 172,
      "operands_uniq": 52,
      "operators_sum": 231,
      "operators_uniq": 27
    }
  }
}
