{
  "files": {
    "/Users/lorraynereis/Documents/PUC /Engenharia de Sofware/7 Peri\u0301odo/TCC 1/plf-es-2022-2-tcci-5308100-pes-lorrayne-reis/Instrumentos/Codigos/Collect-repositories/Repositories/Cloned-repositories/l5kit/l5kit/l5kit/tests/environment/reward_test.py": {
      "comment_ratio": 1.1703803736214269,
      "cyclomatic_complexity": 7,
      "fanout_external": 4,
      "fanout_internal": 1,
      "halstead_bugprop": 1.870255750850964,
      "halstead_difficulty": 81.6896551724138,
      "halstead_effort": 458341.64211371733,
      "halstead_timerequired": 25463.424561873184,
      "halstead_volume": 5610.767252552892,
      "lang": [
        "Python"
      ],
      "loc": 1,
      "operands_sum": 412,
      "operands_uniq": 58,
      "operators_sum": 473,
      "operators_uniq": 23
    }
  },
  "overall": {
    "comment_ratio": 1.1703803736214269,
    "cyclomatic_complexity": 7,
    "fanout_external": 4,
    "fanout_internal": 1,
    "halstead_bugprop": 1.870255750850964,
    "halstead_difficulty": 81.6896551724138,
    "halstead_effort": 458341.64211371733,
    "halstead_timerequired": 25463.424561873184,
    "halstead_volume": 5610.767252552892,
    "loc": 1,
    "maintainability_index": 100,
    "operands_sum": 412,
    "operands_uniq": 58,
    "operators_sum": 473,
    "operators_uniq": 23,
    "pylint": 100.0,
    "tiobe": 87.72727272727272,
    "tiobe_compiler": 100.0,
    "tiobe_complexity": 18.181818181818183,
    "tiobe_coverage": 100.0,
    "tiobe_duplication": 100.0,
    "tiobe_fanout": 100.0,
    "tiobe_functional": 100.0,
    "tiobe_security": 100.0,
    "tiobe_standard": 100.0
  },
  "stats": {
    "max": {
      "comment_ratio": 1.1703803736214269,
      "cyclomatic_complexity": 7,
      "fanout_external": 4,
      "fanout_internal": 1,
      "halstead_bugprop": 1.870255750850964,
      "halstead_difficulty": 81.6896551724138,
      "halstead_effort": 458341.64211371733,
      "halstead_timerequired": 25463.424561873184,
      "halstead_volume": 5610.767252552892,
      "loc": 1,
      "operands_sum": 412,
      "operands_uniq": 58,
      "operators_sum": 473,
      "operators_uniq": 23
    },
    "mean": {
      "comment_ratio": 1.1703803736214269,
      "cyclomatic_complexity": 7,
      "fanout_external": 4,
      "fanout_internal": 1,
      "halstead_bugprop": 1.870255750850964,
      "halstead_difficulty": 81.6896551724138,
      "halstead_effort": 458341.64211371733,
      "halstead_timerequired": 25463.424561873184,
      "halstead_volume": 5610.767252552892,
      "loc": 1,
      "operands_sum": 412,
      "operands_uniq": 58,
      "operators_sum": 473,
      "operators_uniq": 23
    },
    "median": {
      "comment_ratio": 1.1703803736214269,
      "cyclomatic_complexity": 7,
      "fanout_external": 4,
      "fanout_internal": 1,
      "halstead_bugprop": 1.870255750850964,
      "halstead_difficulty": 81.6896551724138,
      "halstead_effort": 458341.64211371733,
      "halstead_timerequired": 25463.424561873184,
      "halstead_volume": 5610.767252552892,
      "loc": 1,
      "operands_sum": 412,
      "operands_uniq": 58,
      "operators_sum": 473,
      "operators_uniq": 23
    },
    "min": {
      "comment_ratio": 1.1703803736214269,
      "cyclomatic_complexity": 7,
      "fanout_external": 4,
      "fanout_internal": 1,
      "halstead_bugprop": 1.870255750850964,
      "halstead_difficulty": 81.6896551724138,
      "halstead_effort": 458341.64211371733,
      "halstead_timerequired": 25463.424561873184,
      "halstead_volume": 5610.767252552892,
      "loc": 1,
      "operands_sum": 412,
      "operands_uniq": 58,
      "operators_sum": 473,
      "operators_uniq": 23
    }
  }
}
