{
  "files": {
    "/Users/lorraynereis/Documents/PUC /Engenharia de Sofware/7 Peri\u0301odo/TCC 1/plf-es-2022-2-tcci-5308100-pes-lorrayne-reis/Instrumentos/Codigos/Collect-repositories/Repositories/Cloned-repositories/l5kit/l5kit/l5kit/data/proto/road_network_pb2.py": {
      "comment_ratio": 1.349690014509959,
      "cyclomatic_complexity": 2,
      "fanout_external": 2,
      "fanout_internal": 1,
      "halstead_bugprop": 64.4470105913345,
      "halstead_difficulty": 152.1103896103896,
      "halstead_effort": 29409179.670818392,
      "halstead_timerequired": 1633843.3150454662,
      "halstead_volume": 193341.03177400352,
      "lang": [
        "Python"
      ],
      "loc": 1,
      "operands_sum": 9370,
      "operands_uniq": 308,
      "operators_sum": 13888,
      "operators_uniq": 10
    }
  },
  "overall": {
    "comment_ratio": 1.349690014509959,
    "cyclomatic_complexity": 2,
    "fanout_external": 2,
    "fanout_internal": 1,
    "halstead_bugprop": 64.4470105913345,
    "halstead_difficulty": 152.1103896103896,
    "halstead_effort": 29409179.670818392,
    "halstead_timerequired": 1633843.3150454662,
    "halstead_volume": 193341.03177400352,
    "loc": 1,
    "maintainability_index": 100,
    "operands_sum": 9370,
    "operands_uniq": 308,
    "operators_sum": 13888,
    "operators_uniq": 10,
    "pylint": 100.0,
    "tiobe": 99.32835820895522,
    "tiobe_compiler": 100.0,
    "tiobe_complexity": 95.5223880597015,
    "tiobe_coverage": 100.0,
    "tiobe_duplication": 100.0,
    "tiobe_fanout": 100.0,
    "tiobe_functional": 100.0,
    "tiobe_security": 100.0,
    "tiobe_standard": 100.0
  },
  "stats": {
    "max": {
      "comment_ratio": 1.349690014509959,
      "cyclomatic_complexity": 2,
      "fanout_external": 2,
      "fanout_internal": 1,
      "halstead_bugprop": 64.4470105913345,
      "halstead_difficulty": 152.1103896103896,
      "halstead_effort": 29409179.670818392,
      "halstead_timerequired": 1633843.3150454662,
      "halstead_volume": 193341.03177400352,
      "loc": 1,
      "operands_sum": 9370,
      "operands_uniq": 308,
      "operators_sum": 13888,
      "operators_uniq": 10
    },
    "mean": {
      "comment_ratio": 1.349690014509959,
      "cyclomatic_complexity": 2,
      "fanout_external": 2,
      "fanout_internal": 1,
      "halstead_bugprop": 64.4470105913345,
      "halstead_difficulty": 152.1103896103896,
      "halstead_effort": 29409179.670818392,
      "halstead_timerequired": 1633843.3150454662,
      "halstead_volume": 193341.03177400352,
      "loc": 1,
      "operands_sum": 9370,
      "operands_uniq": 308,
      "operators_sum": 13888,
      "operators_uniq": 10
    },
    "median": {
      "comment_ratio": 1.349690014509959,
      "cyclomatic_complexity": 2,
      "fanout_external": 2,
      "fanout_internal": 1,
      "halstead_bugprop": 64.4470105913345,
      "halstead_difficulty": 152.1103896103896,
      "halstead_effort": 29409179.670818392,
      "halstead_timerequired": 1633843.3150454662,
      "halstead_volume": 193341.03177400352,
      "loc": 1,
      "operands_sum": 9370,
      "operands_uniq": 308,
      "operators_sum": 13888,
      "operators_uniq": 10
    },
    "min": {
      "comment_ratio": 1.349690014509959,
      "cyclomatic_complexity": 2,
      "fanout_external": 2,
      "fanout_internal": 1,
      "halstead_bugprop": 64.4470105913345,
      "halstead_difficulty": 152.1103896103896,
      "halstead_effort": 29409179.670818392,
      "halstead_timerequired": 1633843.3150454662,
      "halstead_volume": 193341.03177400352,
      "loc": 1,
      "operands_sum": 9370,
      "operands_uniq": 308,
      "operators_sum": 13888,
      "operators_uniq": 10
    }
  }
}
