{
  "files": {
    "/Users/lorraynereis/Documents/PUC /Engenharia de Sofware/7 Peri\u0301odo/TCC 1/plf-es-2022-2-tcci-5308100-pes-lorrayne-reis/Instrumentos/Codigos/Collect-repositories/Repositories/Cloned-repositories/PythonRobotics/AerialNavigation/rocket_powered_landing/rocket_powered_landing.py": {
      "comment_ratio": 15.272933733473923,
      "cyclomatic_complexity": 7,
      "fanout_external": 10,
      "fanout_internal": 1,
      "halstead_bugprop": 17.708344323546147,
      "halstead_difficulty": 176.61198738170347,
      "halstead_effort": 9382517.652662976,
      "halstead_timerequired": 521250.98070349864,
      "halstead_volume": 53125.03297063844,
      "lang": [
        "Python"
      ],
      "loc": 2,
      "operands_sum": 2604,
      "operands_uniq": 317,
      "operators_sum": 3652,
      "operators_uniq": 43
    }
  },
  "overall": {
    "comment_ratio": 15.272933733473923,
    "cyclomatic_complexity": 7,
    "fanout_external": 10,
    "fanout_internal": 1,
    "halstead_bugprop": 17.708344323546147,
    "halstead_difficulty": 176.61198738170347,
    "halstead_effort": 9382517.652662976,
    "halstead_timerequired": 521250.98070349864,
    "halstead_volume": 53125.03297063844,
    "loc": 2,
    "maintainability_index": 100,
    "operands_sum": 2604,
    "operands_uniq": 317,
    "operators_sum": 3652,
    "operators_uniq": 43,
    "pylint": 100.0,
    "tiobe": 87.32727272727271,
    "tiobe_compiler": 100.0,
    "tiobe_complexity": 18.181818181818183,
    "tiobe_coverage": 100.0,
    "tiobe_duplication": 100.0,
    "tiobe_fanout": 92.0,
    "tiobe_functional": 100.0,
    "tiobe_security": 100.0,
    "tiobe_standard": 100.0
  },
  "stats": {
    "max": {
      "comment_ratio": 15.272933733473923,
      "cyclomatic_complexity": 7,
      "fanout_external": 10,
      "fanout_internal": 1,
      "halstead_bugprop": 17.708344323546147,
      "halstead_difficulty": 176.61198738170347,
      "halstead_effort": 9382517.652662976,
      "halstead_timerequired": 521250.98070349864,
      "halstead_volume": 53125.03297063844,
      "loc": 2,
      "operands_sum": 2604,
      "operands_uniq": 317,
      "operators_sum": 3652,
      "operators_uniq": 43
    },
    "mean": {
      "comment_ratio": 15.272933733473923,
      "cyclomatic_complexity": 7,
      "fanout_external": 10,
      "fanout_internal": 1,
      "halstead_bugprop": 17.708344323546147,
      "halstead_difficulty": 176.61198738170347,
      "halstead_effort": 9382517.652662976,
      "halstead_timerequired": 521250.98070349864,
      "halstead_volume": 53125.03297063844,
      "loc": 2,
      "operands_sum": 2604,
      "operands_uniq": 317,
      "operators_sum": 3652,
      "operators_uniq": 43
    },
    "median": {
      "comment_ratio": 15.272933733473923,
      "cyclomatic_complexity": 7,
      "fanout_external": 10,
      "fanout_internal": 1,
      "halstead_bugprop": 17.708344323546147,
      "halstead_difficulty": 176.61198738170347,
      "halstead_effort": 9382517.652662976,
      "halstead_timerequired": 521250.98070349864,
      "halstead_volume": 53125.03297063844,
      "loc": 2,
      "operands_sum": 2604,
      "operands_uniq": 317,
      "operators_sum": 3652,
      "operators_uniq": 43
    },
    "min": {
      "comment_ratio": 15.272933733473923,
      "cyclomatic_complexity": 7,
      "fanout_external": 10,
      "fanout_internal": 1,
      "halstead_bugprop": 17.708344323546147,
      "halstead_difficulty": 176.61198738170347,
      "halstead_effort": 9382517.652662976,
      "halstead_timerequired": 521250.98070349864,
      "halstead_volume": 53125.03297063844,
      "loc": 2,
      "operands_sum": 2604,
      "operands_uniq": 317,
      "operators_sum": 3652,
      "operators_uniq": 43
    }
  }
}
