{
  "files": {
    "/Users/lorraynereis/Documents/PUC /Engenharia de Sofware/7 Peri\u0301odo/TCC 1/plf-es-2022-2-tcci-5308100-pes-lorrayne-reis/Instrumentos/Codigos/Collect-repositories/Repositories/Cloned-repositories/PythonRobotics/PathPlanning/RRT/rrt.py": {
      "comment_ratio": 10.585360435410418,
      "cyclomatic_complexity": 33,
      "fanout_external": 7,
      "fanout_internal": 1,
      "halstead_bugprop": 4.044198712853698,
      "halstead_difficulty": 96.58333333333333,
      "halstead_effort": 1171806.577049359,
      "halstead_timerequired": 65100.36539163106,
      "halstead_volume": 12132.596138561094,
      "lang": [
        "Python"
      ],
      "loc": 2,
      "operands_sum": 732,
      "operands_uniq": 144,
      "operators_sum": 884,
      "operators_uniq": 38
    }
  },
  "overall": {
    "comment_ratio": 10.585360435410418,
    "cyclomatic_complexity": 33,
    "fanout_external": 7,
    "fanout_internal": 1,
    "halstead_bugprop": 4.044198712853698,
    "halstead_difficulty": 96.58333333333333,
    "halstead_effort": 1171806.577049359,
    "halstead_timerequired": 65100.36539163106,
    "halstead_volume": 12132.596138561094,
    "loc": 2,
    "maintainability_index": 100,
    "operands_sum": 732,
    "operands_uniq": 144,
    "operators_sum": 884,
    "operators_uniq": 38,
    "pylint": 100.0,
    "tiobe": 84.92752293577982,
    "tiobe_compiler": 100.0,
    "tiobe_complexity": 0.1834862385321101,
    "tiobe_coverage": 100.0,
    "tiobe_duplication": 100.0,
    "tiobe_fanout": 98.0,
    "tiobe_functional": 100.0,
    "tiobe_security": 100.0,
    "tiobe_standard": 100.0
  },
  "stats": {
    "max": {
      "comment_ratio": 10.585360435410418,
      "cyclomatic_complexity": 33,
      "fanout_external": 7,
      "fanout_internal": 1,
      "halstead_bugprop": 4.044198712853698,
      "halstead_difficulty": 96.58333333333333,
      "halstead_effort": 1171806.577049359,
      "halstead_timerequired": 65100.36539163106,
      "halstead_volume": 12132.596138561094,
      "loc": 2,
      "operands_sum": 732,
      "operands_uniq": 144,
      "operators_sum": 884,
      "operators_uniq": 38
    },
    "mean": {
      "comment_ratio": 10.585360435410418,
      "cyclomatic_complexity": 33,
      "fanout_external": 7,
      "fanout_internal": 1,
      "halstead_bugprop": 4.044198712853698,
      "halstead_difficulty": 96.58333333333333,
      "halstead_effort": 1171806.577049359,
      "halstead_timerequired": 65100.36539163106,
      "halstead_volume": 12132.596138561094,
      "loc": 2,
      "operands_sum": 732,
      "operands_uniq": 144,
      "operators_sum": 884,
      "operators_uniq": 38
    },
    "median": {
      "comment_ratio": 10.585360435410418,
      "cyclomatic_complexity": 33,
      "fanout_external": 7,
      "fanout_internal": 1,
      "halstead_bugprop": 4.044198712853698,
      "halstead_difficulty": 96.58333333333333,
      "halstead_effort": 1171806.577049359,
      "halstead_timerequired": 65100.36539163106,
      "halstead_volume": 12132.596138561094,
      "loc": 2,
      "operands_sum": 732,
      "operands_uniq": 144,
      "operators_sum": 884,
      "operators_uniq": 38
    },
    "min": {
      "comment_ratio": 10.585360435410418,
      "cyclomatic_complexity": 33,
      "fanout_external": 7,
      "fanout_internal": 1,
      "halstead_bugprop": 4.044198712853698,
      "halstead_difficulty": 96.58333333333333,
      "halstead_effort": 1171806.577049359,
      "halstead_timerequired": 65100.36539163106,
      "halstead_volume": 12132.596138561094,
      "loc": 2,
      "operands_sum": 732,
      "operands_uniq": 144,
      "operators_sum": 884,
      "operators_uniq": 38
    }
  }
}
