{
  "files": {
    "/Users/lorraynereis/Documents/PUC /Engenharia de Sofware/7 Peri\u0301odo/TCC 1/plf-es-2022-2-tcci-5308100-pes-lorrayne-reis/Instrumentos/Codigos/Collect-repositories/Repositories/Cloned-repositories/PythonRobotics/ArmNavigation/rrt_star_seven_joint_arm_control/rrt_star_seven_joint_arm_control.py": {
      "comment_ratio": 6.945725434551259,
      "cyclomatic_complexity": 49,
      "fanout_external": 11,
      "fanout_internal": 1,
      "halstead_bugprop": 6.9443360153260185,
      "halstead_difficulty": 117.16742081447963,
      "halstead_effort": 2440949.8205545507,
      "halstead_timerequired": 135608.32336414172,
      "halstead_volume": 20833.008045978055,
      "lang": [
        "Python"
      ],
      "loc": 1,
      "operands_sum": 1177,
      "operands_uniq": 221,
      "operators_sum": 1411,
      "operators_uniq": 44
    }
  },
  "overall": {
    "comment_ratio": 6.945725434551259,
    "cyclomatic_complexity": 49,
    "fanout_external": 11,
    "fanout_internal": 1,
    "halstead_bugprop": 6.9443360153260185,
    "halstead_difficulty": 117.16742081447963,
    "halstead_effort": 2440949.8205545507,
    "halstead_timerequired": 135608.32336414172,
    "halstead_volume": 20833.008045978055,
    "loc": 1,
    "maintainability_index": 100,
    "operands_sum": 1177,
    "operands_uniq": 221,
    "operators_sum": 1411,
    "operators_uniq": 44,
    "pylint": 100.0,
    "tiobe": 84.50832870627428,
    "tiobe_compiler": 100.0,
    "tiobe_complexity": 0.0555247084952804,
    "tiobe_coverage": 100.0,
    "tiobe_duplication": 100.0,
    "tiobe_fanout": 90.0,
    "tiobe_functional": 100.0,
    "tiobe_security": 100.0,
    "tiobe_standard": 100.0
  },
  "stats": {
    "max": {
      "comment_ratio": 6.945725434551259,
      "cyclomatic_complexity": 49,
      "fanout_external": 11,
      "fanout_internal": 1,
      "halstead_bugprop": 6.9443360153260185,
      "halstead_difficulty": 117.16742081447963,
      "halstead_effort": 2440949.8205545507,
      "halstead_timerequired": 135608.32336414172,
      "halstead_volume": 20833.008045978055,
      "loc": 1,
      "operands_sum": 1177,
      "operands_uniq": 221,
      "operators_sum": 1411,
      "operators_uniq": 44
    },
    "mean": {
      "comment_ratio": 6.945725434551259,
      "cyclomatic_complexity": 49,
      "fanout_external": 11,
      "fanout_internal": 1,
      "halstead_bugprop": 6.9443360153260185,
      "halstead_difficulty": 117.16742081447963,
      "halstead_effort": 2440949.8205545507,
      "halstead_timerequired": 135608.32336414172,
      "halstead_volume": 20833.008045978055,
      "loc": 1,
      "operands_sum": 1177,
      "operands_uniq": 221,
      "operators_sum": 1411,
      "operators_uniq": 44
    },
    "median": {
      "comment_ratio": 6.945725434551259,
      "cyclomatic_complexity": 49,
      "fanout_external": 11,
      "fanout_internal": 1,
      "halstead_bugprop": 6.9443360153260185,
      "halstead_difficulty": 117.16742081447963,
      "halstead_effort": 2440949.8205545507,
      "halstead_timerequired": 135608.32336414172,
      "halstead_volume": 20833.008045978055,
      "loc": 1,
      "operands_sum": 1177,
      "operands_uniq": 221,
      "operators_sum": 1411,
      "operators_uniq": 44
    },
    "min": {
      "comment_ratio": 6.945725434551259,
      "cyclomatic_complexity": 49,
      "fanout_external": 11,
      "fanout_internal": 1,
      "halstead_bugprop": 6.9443360153260185,
      "halstead_difficulty": 117.16742081447963,
      "halstead_effort": 2440949.8205545507,
      "halstead_timerequired": 135608.32336414172,
      "halstead_volume": 20833.008045978055,
      "loc": 1,
      "operands_sum": 1177,
      "operands_uniq": 221,
      "operators_sum": 1411,
      "operators_uniq": 44
    }
  }
}
