{
  "files": {
    "/Users/lorraynereis/Documents/PUC /Engenharia de Sofware/7 Peri\u0301odo/TCC 1/plf-es-2022-2-tcci-5308100-pes-lorrayne-reis/Instrumentos/Codigos/Collect-repositories/Repositories/Cloned-repositories/PythonRobotics/PathPlanning/RRTDubins/rrt_dubins.py": {
      "comment_ratio": 11.81330028913672,
      "cyclomatic_complexity": 23,
      "fanout_external": 15,
      "fanout_internal": 1,
      "halstead_bugprop": 3.2238906743861206,
      "halstead_difficulty": 63.39930555555556,
      "halstead_effort": 613177.2898293352,
      "halstead_timerequired": 34065.40499051862,
      "halstead_volume": 9671.672023158362,
      "lang": [
        "Python"
      ],
      "loc": 1,
      "operands_sum": 589,
      "operands_uniq": 144,
      "operators_sum": 709,
      "operators_uniq": 31
    }
  },
  "overall": {
    "comment_ratio": 11.81330028913672,
    "cyclomatic_complexity": 23,
    "fanout_external": 15,
    "fanout_internal": 1,
    "halstead_bugprop": 3.2238906743861206,
    "halstead_difficulty": 63.39930555555556,
    "halstead_effort": 613177.2898293352,
    "halstead_timerequired": 34065.40499051862,
    "halstead_volume": 9671.672023158362,
    "loc": 1,
    "maintainability_index": 100,
    "operands_sum": 589,
    "operands_uniq": 144,
    "operators_sum": 709,
    "operators_uniq": 31,
    "pylint": 100.0,
    "tiobe": 84.18219178082191,
    "tiobe_compiler": 100.0,
    "tiobe_complexity": 0.547945205479452,
    "tiobe_coverage": 100.0,
    "tiobe_duplication": 100.0,
    "tiobe_fanout": 82.0,
    "tiobe_functional": 100.0,
    "tiobe_security": 100.0,
    "tiobe_standard": 100.0
  },
  "stats": {
    "max": {
      "comment_ratio": 11.81330028913672,
      "cyclomatic_complexity": 23,
      "fanout_external": 15,
      "fanout_internal": 1,
      "halstead_bugprop": 3.2238906743861206,
      "halstead_difficulty": 63.39930555555556,
      "halstead_effort": 613177.2898293352,
      "halstead_timerequired": 34065.40499051862,
      "halstead_volume": 9671.672023158362,
      "loc": 1,
      "operands_sum": 589,
      "operands_uniq": 144,
      "operators_sum": 709,
      "operators_uniq": 31
    },
    "mean": {
      "comment_ratio": 11.81330028913672,
      "cyclomatic_complexity": 23,
      "fanout_external": 15,
      "fanout_internal": 1,
      "halstead_bugprop": 3.2238906743861206,
      "halstead_difficulty": 63.39930555555556,
      "halstead_effort": 613177.2898293352,
      "halstead_timerequired": 34065.40499051862,
      "halstead_volume": 9671.672023158362,
      "loc": 1,
      "operands_sum": 589,
      "operands_uniq": 144,
      "operators_sum": 709,
      "operators_uniq": 31
    },
    "median": {
      "comment_ratio": 11.81330028913672,
      "cyclomatic_complexity": 23,
      "fanout_external": 15,
      "fanout_internal": 1,
      "halstead_bugprop": 3.2238906743861206,
      "halstead_difficulty": 63.39930555555556,
      "halstead_effort": 613177.2898293352,
      "halstead_timerequired": 34065.40499051862,
      "halstead_volume": 9671.672023158362,
      "loc": 1,
      "operands_sum": 589,
      "operands_uniq": 144,
      "operators_sum": 709,
      "operators_uniq": 31
    },
    "min": {
      "comment_ratio": 11.81330028913672,
      "cyclomatic_complexity": 23,
      "fanout_external": 15,
      "fanout_internal": 1,
      "halstead_bugprop": 3.2238906743861206,
      "halstead_difficulty": 63.39930555555556,
      "halstead_effort": 613177.2898293352,
      "halstead_timerequired": 34065.40499051862,
      "halstead_volume": 9671.672023158362,
      "loc": 1,
      "operands_sum": 589,
      "operands_uniq": 144,
      "operators_sum": 709,
      "operators_uniq": 31
    }
  }
}
