{
  "files": {
    "/Users/lorraynereis/Documents/PUC /Engenharia de Sofware/7 Peri\u0301odo/TCC 1/plf-es-2022-2-tcci-5308100-pes-lorrayne-reis/Instrumentos/Codigos/Collect-repositories/Repositories/Cloned-repositories/PythonRobotics/PathPlanning/RRTStarDubins/rrt_star_dubins.py": {
      "comment_ratio": 10.778052912811155,
      "cyclomatic_complexity": 25,
      "fanout_external": 15,
      "fanout_internal": 1,
      "halstead_bugprop": 3.3638420402520244,
      "halstead_difficulty": 63.66442953020134,
      "halstead_effort": 642471.253567061,
      "halstead_timerequired": 35692.84742039228,
      "halstead_volume": 10091.526120756072,
      "lang": [
        "Python"
      ],
      "loc": 1,
      "operands_sum": 612,
      "operands_uniq": 149,
      "operators_sum": 735,
      "operators_uniq": 31
    }
  },
  "overall": {
    "comment_ratio": 10.778052912811155,
    "cyclomatic_complexity": 25,
    "fanout_external": 15,
    "fanout_internal": 1,
    "halstead_bugprop": 3.3638420402520244,
    "halstead_difficulty": 63.66442953020134,
    "halstead_effort": 642471.253567061,
    "halstead_timerequired": 35692.84742039228,
    "halstead_volume": 10091.526120756072,
    "loc": 1,
    "maintainability_index": 100,
    "operands_sum": 612,
    "operands_uniq": 149,
    "operators_sum": 735,
    "operators_uniq": 31,
    "pylint": 100.0,
    "tiobe": 84.16382978723404,
    "tiobe_compiler": 100.0,
    "tiobe_complexity": 0.425531914893617,
    "tiobe_coverage": 100.0,
    "tiobe_duplication": 100.0,
    "tiobe_fanout": 82.0,
    "tiobe_functional": 100.0,
    "tiobe_security": 100.0,
    "tiobe_standard": 100.0
  },
  "stats": {
    "max": {
      "comment_ratio": 10.778052912811155,
      "cyclomatic_complexity": 25,
      "fanout_external": 15,
      "fanout_internal": 1,
      "halstead_bugprop": 3.3638420402520244,
      "halstead_difficulty": 63.66442953020134,
      "halstead_effort": 642471.253567061,
      "halstead_timerequired": 35692.84742039228,
      "halstead_volume": 10091.526120756072,
      "loc": 1,
      "operands_sum": 612,
      "operands_uniq": 149,
      "operators_sum": 735,
      "operators_uniq": 31
    },
    "mean": {
      "comment_ratio": 10.778052912811155,
      "cyclomatic_complexity": 25,
      "fanout_external": 15,
      "fanout_internal": 1,
      "halstead_bugprop": 3.3638420402520244,
      "halstead_difficulty": 63.66442953020134,
      "halstead_effort": 642471.253567061,
      "halstead_timerequired": 35692.84742039228,
      "halstead_volume": 10091.526120756072,
      "loc": 1,
      "operands_sum": 612,
      "operands_uniq": 149,
      "operators_sum": 735,
      "operators_uniq": 31
    },
    "median": {
      "comment_ratio": 10.778052912811155,
      "cyclomatic_complexity": 25,
      "fanout_external": 15,
      "fanout_internal": 1,
      "halstead_bugprop": 3.3638420402520244,
      "halstead_difficulty": 63.66442953020134,
      "halstead_effort": 642471.253567061,
      "halstead_timerequired": 35692.84742039228,
      "halstead_volume": 10091.526120756072,
      "loc": 1,
      "operands_sum": 612,
      "operands_uniq": 149,
      "operators_sum": 735,
      "operators_uniq": 31
    },
    "min": {
      "comment_ratio": 10.778052912811155,
      "cyclomatic_complexity": 25,
      "fanout_external": 15,
      "fanout_internal": 1,
      "halstead_bugprop": 3.3638420402520244,
      "halstead_difficulty": 63.66442953020134,
      "halstead_effort": 642471.253567061,
      "halstead_timerequired": 35692.84742039228,
      "halstead_volume": 10091.526120756072,
      "loc": 1,
      "operands_sum": 612,
      "operands_uniq": 149,
      "operators_sum": 735,
      "operators_uniq": 31
    }
  }
}
