{
  "files": {
    "/Users/lorraynereis/Documents/PUC /Engenharia de Sofware/7 Peri\u0301odo/TCC 1/plf-es-2022-2-tcci-5308100-pes-lorrayne-reis/Instrumentos/Codigos/Collect-repositories/Repositories/Cloned-repositories/PythonRobotics/PathPlanning/RRTStarReedsShepp/rrt_star_reeds_shepp.py": {
      "comment_ratio": 9.299174775218622,
      "cyclomatic_complexity": 25,
      "fanout_external": 13,
      "fanout_internal": 1,
      "halstead_bugprop": 3.601278322965957,
      "halstead_difficulty": 66.25490196078431,
      "halstead_effort": 715807.0266648217,
      "halstead_timerequired": 39767.05703693454,
      "halstead_volume": 10803.83496889787,
      "lang": [
        "Python"
      ],
      "loc": 1,
      "operands_sum": 654,
      "operands_uniq": 153,
      "operators_sum": 782,
      "operators_uniq": 31
    }
  },
  "overall": {
    "comment_ratio": 9.299174775218622,
    "cyclomatic_complexity": 25,
    "fanout_external": 13,
    "fanout_internal": 1,
    "halstead_bugprop": 3.601278322965957,
    "halstead_difficulty": 66.25490196078431,
    "halstead_effort": 715807.0266648217,
    "halstead_timerequired": 39767.05703693454,
    "halstead_volume": 10803.83496889787,
    "loc": 1,
    "maintainability_index": 100,
    "operands_sum": 654,
    "operands_uniq": 153,
    "operators_sum": 782,
    "operators_uniq": 31,
    "pylint": 100.0,
    "tiobe": 84.36382978723404,
    "tiobe_compiler": 100.0,
    "tiobe_complexity": 0.425531914893617,
    "tiobe_coverage": 100.0,
    "tiobe_duplication": 100.0,
    "tiobe_fanout": 86.0,
    "tiobe_functional": 100.0,
    "tiobe_security": 100.0,
    "tiobe_standard": 100.0
  },
  "stats": {
    "max": {
      "comment_ratio": 9.299174775218622,
      "cyclomatic_complexity": 25,
      "fanout_external": 13,
      "fanout_internal": 1,
      "halstead_bugprop": 3.601278322965957,
      "halstead_difficulty": 66.25490196078431,
      "halstead_effort": 715807.0266648217,
      "halstead_timerequired": 39767.05703693454,
      "halstead_volume": 10803.83496889787,
      "loc": 1,
      "operands_sum": 654,
      "operands_uniq": 153,
      "operators_sum": 782,
      "operators_uniq": 31
    },
    "mean": {
      "comment_ratio": 9.299174775218622,
      "cyclomatic_complexity": 25,
      "fanout_external": 13,
      "fanout_internal": 1,
      "halstead_bugprop": 3.601278322965957,
      "halstead_difficulty": 66.25490196078431,
      "halstead_effort": 715807.0266648217,
      "halstead_timerequired": 39767.05703693454,
      "halstead_volume": 10803.83496889787,
      "loc": 1,
      "operands_sum": 654,
      "operands_uniq": 153,
      "operators_sum": 782,
      "operators_uniq": 31
    },
    "median": {
      "comment_ratio": 9.299174775218622,
      "cyclomatic_complexity": 25,
      "fanout_external": 13,
      "fanout_internal": 1,
      "halstead_bugprop": 3.601278322965957,
      "halstead_difficulty": 66.25490196078431,
      "halstead_effort": 715807.0266648217,
      "halstead_timerequired": 39767.05703693454,
      "halstead_volume": 10803.83496889787,
      "loc": 1,
      "operands_sum": 654,
      "operands_uniq": 153,
      "operators_sum": 782,
      "operators_uniq": 31
    },
    "min": {
      "comment_ratio": 9.299174775218622,
      "cyclomatic_complexity": 25,
      "fanout_external": 13,
      "fanout_internal": 1,
      "halstead_bugprop": 3.601278322965957,
      "halstead_difficulty": 66.25490196078431,
      "halstead_effort": 715807.0266648217,
      "halstead_timerequired": 39767.05703693454,
      "halstead_volume": 10803.83496889787,
      "loc": 1,
      "operands_sum": 654,
      "operands_uniq": 153,
      "operators_sum": 782,
      "operators_uniq": 31
    }
  }
}
