{
  "files": {
    "/Users/lorraynereis/Documents/PUC /Engenharia de Sofware/7 Peri\u0301odo/TCC 1/plf-es-2022-2-tcci-5308100-pes-lorrayne-reis/Instrumentos/Codigos/Collect-repositories/Repositories/Cloned-repositories/PythonRobotics/PathPlanning/RRTStar/rrt_star.py": {
      "comment_ratio": 25.153895139036297,
      "cyclomatic_complexity": 30,
      "fanout_external": 8,
      "fanout_internal": 1,
      "halstead_bugprop": 2.777160414470388,
      "halstead_difficulty": 63.41463414634146,
      "halstead_effort": 528337.8349480251,
      "halstead_timerequired": 29352.101941556946,
      "halstead_volume": 8331.481243411165,
      "lang": [
        "Python"
      ],
      "loc": 1,
      "operands_sum": 520,
      "operands_uniq": 123,
      "operators_sum": 628,
      "operators_uniq": 30
    }
  },
  "overall": {
    "comment_ratio": 25.153895139036297,
    "cyclomatic_complexity": 30,
    "fanout_external": 8,
    "fanout_internal": 1,
    "halstead_bugprop": 2.777160414470388,
    "halstead_difficulty": 63.41463414634146,
    "halstead_effort": 528337.8349480251,
    "halstead_timerequired": 29352.101941556946,
    "halstead_volume": 8331.481243411165,
    "loc": 1,
    "maintainability_index": 100,
    "operands_sum": 520,
    "operands_uniq": 123,
    "operators_sum": 628,
    "operators_uniq": 30,
    "pylint": 100.0,
    "tiobe": 84.8367323512531,
    "tiobe_compiler": 100.0,
    "tiobe_complexity": 0.2448823416873924,
    "tiobe_coverage": 100.0,
    "tiobe_duplication": 100.0,
    "tiobe_fanout": 96.0,
    "tiobe_functional": 100.0,
    "tiobe_security": 100.0,
    "tiobe_standard": 100.0
  },
  "stats": {
    "max": {
      "comment_ratio": 25.153895139036297,
      "cyclomatic_complexity": 30,
      "fanout_external": 8,
      "fanout_internal": 1,
      "halstead_bugprop": 2.777160414470388,
      "halstead_difficulty": 63.41463414634146,
      "halstead_effort": 528337.8349480251,
      "halstead_timerequired": 29352.101941556946,
      "halstead_volume": 8331.481243411165,
      "loc": 1,
      "operands_sum": 520,
      "operands_uniq": 123,
      "operators_sum": 628,
      "operators_uniq": 30
    },
    "mean": {
      "comment_ratio": 25.153895139036297,
      "cyclomatic_complexity": 30,
      "fanout_external": 8,
      "fanout_internal": 1,
      "halstead_bugprop": 2.777160414470388,
      "halstead_difficulty": 63.41463414634146,
      "halstead_effort": 528337.8349480251,
      "halstead_timerequired": 29352.101941556946,
      "halstead_volume": 8331.481243411165,
      "loc": 1,
      "operands_sum": 520,
      "operands_uniq": 123,
      "operators_sum": 628,
      "operators_uniq": 30
    },
    "median": {
      "comment_ratio": 25.153895139036297,
      "cyclomatic_complexity": 30,
      "fanout_external": 8,
      "fanout_internal": 1,
      "halstead_bugprop": 2.777160414470388,
      "halstead_difficulty": 63.41463414634146,
      "halstead_effort": 528337.8349480251,
      "halstead_timerequired": 29352.101941556946,
      "halstead_volume": 8331.481243411165,
      "loc": 1,
      "operands_sum": 520,
      "operands_uniq": 123,
      "operators_sum": 628,
      "operators_uniq": 30
    },
    "min": {
      "comment_ratio": 25.153895139036297,
      "cyclomatic_complexity": 30,
      "fanout_external": 8,
      "fanout_internal": 1,
      "halstead_bugprop": 2.777160414470388,
      "halstead_difficulty": 63.41463414634146,
      "halstead_effort": 528337.8349480251,
      "halstead_timerequired": 29352.101941556946,
      "halstead_volume": 8331.481243411165,
      "loc": 1,
      "operands_sum": 520,
      "operands_uniq": 123,
      "operators_sum": 628,
      "operators_uniq": 30
    }
  }
}
