{
  "files": {
    "/Users/lorraynereis/Documents/PUC /Engenharia de Sofware/7 Peri\u0301odo/TCC 1/plf-es-2022-2-tcci-5308100-pes-lorrayne-reis/Instrumentos/Codigos/Collect-repositories/Repositories/Cloned-repositories/PythonRobotics/PathPlanning/RRT/rrt_with_sobol_sampler.py": {
      "comment_ratio": 19.858479799132617,
      "cyclomatic_complexity": 26,
      "fanout_external": 9,
      "fanout_internal": 1,
      "halstead_bugprop": 3.5364048269458683,
      "halstead_difficulty": 82.55434782608695,
      "halstead_effort": 875836.7824126262,
      "halstead_timerequired": 48657.59902292368,
      "halstead_volume": 10609.214480837605,
      "lang": [
        "Python"
      ],
      "loc": 1,
      "operands_sum": 651,
      "operands_uniq": 138,
      "operators_sum": 776,
      "operators_uniq": 35
    }
  },
  "overall": {
    "comment_ratio": 19.858479799132617,
    "cyclomatic_complexity": 26,
    "fanout_external": 9,
    "fanout_internal": 1,
    "halstead_bugprop": 3.5364048269458683,
    "halstead_difficulty": 82.55434782608695,
    "halstead_effort": 875836.7824126262,
    "halstead_timerequired": 48657.59902292368,
    "halstead_volume": 10609.214480837605,
    "loc": 1,
    "maintainability_index": 100,
    "operands_sum": 651,
    "operands_uniq": 138,
    "operators_sum": 776,
    "operators_uniq": 35,
    "pylint": 100.0,
    "tiobe": 84.75667394769467,
    "tiobe_compiler": 100.0,
    "tiobe_complexity": 0.3778263179644607,
    "tiobe_coverage": 100.0,
    "tiobe_duplication": 100.0,
    "tiobe_fanout": 94.0,
    "tiobe_functional": 100.0,
    "tiobe_security": 100.0,
    "tiobe_standard": 100.0
  },
  "stats": {
    "max": {
      "comment_ratio": 19.858479799132617,
      "cyclomatic_complexity": 26,
      "fanout_external": 9,
      "fanout_internal": 1,
      "halstead_bugprop": 3.5364048269458683,
      "halstead_difficulty": 82.55434782608695,
      "halstead_effort": 875836.7824126262,
      "halstead_timerequired": 48657.59902292368,
      "halstead_volume": 10609.214480837605,
      "loc": 1,
      "operands_sum": 651,
      "operands_uniq": 138,
      "operators_sum": 776,
      "operators_uniq": 35
    },
    "mean": {
      "comment_ratio": 19.858479799132617,
      "cyclomatic_complexity": 26,
      "fanout_external": 9,
      "fanout_internal": 1,
      "halstead_bugprop": 3.5364048269458683,
      "halstead_difficulty": 82.55434782608695,
      "halstead_effort": 875836.7824126262,
      "halstead_timerequired": 48657.59902292368,
      "halstead_volume": 10609.214480837605,
      "loc": 1,
      "operands_sum": 651,
      "operands_uniq": 138,
      "operators_sum": 776,
      "operators_uniq": 35
    },
    "median": {
      "comment_ratio": 19.858479799132617,
      "cyclomatic_complexity": 26,
      "fanout_external": 9,
      "fanout_internal": 1,
      "halstead_bugprop": 3.5364048269458683,
      "halstead_difficulty": 82.55434782608695,
      "halstead_effort": 875836.7824126262,
      "halstead_timerequired": 48657.59902292368,
      "halstead_volume": 10609.214480837605,
      "loc": 1,
      "operands_sum": 651,
      "operands_uniq": 138,
      "operators_sum": 776,
      "operators_uniq": 35
    },
    "min": {
      "comment_ratio": 19.858479799132617,
      "cyclomatic_complexity": 26,
      "fanout_external": 9,
      "fanout_internal": 1,
      "halstead_bugprop": 3.5364048269458683,
      "halstead_difficulty": 82.55434782608695,
      "halstead_effort": 875836.7824126262,
      "halstead_timerequired": 48657.59902292368,
      "halstead_volume": 10609.214480837605,
      "loc": 1,
      "operands_sum": 651,
      "operands_uniq": 138,
      "operators_sum": 776,
      "operators_uniq": 35
    }
  }
}
