{
  "files": {
    "/Users/lorraynereis/Documents/PUC /Engenharia de Sofware/7 Peri\u0301odo/TCC 1/plf-es-2022-2-tcci-5308100-pes-lorrayne-reis/Instrumentos/Codigos/Collect-repositories/Repositories/Cloned-repositories/l5kit/l5kit/l5kit/prediction/vectorized/safepathnet.py": {
      "comment_ratio": 43.35246573737847,
      "cyclomatic_complexity": 0,
      "fanout_external": 7,
      "fanout_internal": 1,
      "halstead_bugprop": 3.291570523845148,
      "halstead_difficulty": 57.5187969924812,
      "halstead_effort": 567981.5302424522,
      "halstead_timerequired": 31554.52945791401,
      "halstead_volume": 9874.711571535443,
      "lang": [
        "Python"
      ],
      "loc": 6,
      "operands_sum": 612,
      "operands_uniq": 133,
      "operators_sum": 740,
      "operators_uniq": 25
    }
  },
  "overall": {
    "comment_ratio": 43.35246573737847,
    "cyclomatic_complexity": 0,
    "fanout_external": 7,
    "fanout_internal": 1,
    "halstead_bugprop": 3.291570523845148,
    "halstead_difficulty": 57.5187969924812,
    "halstead_effort": 567981.5302424522,
    "halstead_timerequired": 31554.52945791401,
    "halstead_volume": 9874.711571535443,
    "loc": 6,
    "maintainability_index": 94.14528821524118,
    "operands_sum": 612,
    "operands_uniq": 133,
    "operators_sum": 740,
    "operators_uniq": 25,
    "pylint": 100.0,
    "tiobe": 99.66923076923078,
    "tiobe_compiler": 100.0,
    "tiobe_complexity": 98.46153846153847,
    "tiobe_coverage": 100.0,
    "tiobe_duplication": 100.0,
    "tiobe_fanout": 98.0,
    "tiobe_functional": 100.0,
    "tiobe_security": 100.0,
    "tiobe_standard": 100.0
  },
  "stats": {
    "max": {
      "comment_ratio": 43.35246573737847,
      "cyclomatic_complexity": 0,
      "fanout_external": 7,
      "fanout_internal": 1,
      "halstead_bugprop": 3.291570523845148,
      "halstead_difficulty": 57.5187969924812,
      "halstead_effort": 567981.5302424522,
      "halstead_timerequired": 31554.52945791401,
      "halstead_volume": 9874.711571535443,
      "loc": 6,
      "operands_sum": 612,
      "operands_uniq": 133,
      "operators_sum": 740,
      "operators_uniq": 25
    },
    "mean": {
      "comment_ratio": 43.35246573737847,
      "cyclomatic_complexity": 0,
      "fanout_external": 7,
      "fanout_internal": 1,
      "halstead_bugprop": 3.291570523845148,
      "halstead_difficulty": 57.5187969924812,
      "halstead_effort": 567981.5302424522,
      "halstead_timerequired": 31554.52945791401,
      "halstead_volume": 9874.711571535443,
      "loc": 6,
      "operands_sum": 612,
      "operands_uniq": 133,
      "operators_sum": 740,
      "operators_uniq": 25
    },
    "median": {
      "comment_ratio": 43.35246573737847,
      "cyclomatic_complexity": 0,
      "fanout_external": 7,
      "fanout_internal": 1,
      "halstead_bugprop": 3.291570523845148,
      "halstead_difficulty": 57.5187969924812,
      "halstead_effort": 567981.5302424522,
      "halstead_timerequired": 31554.52945791401,
      "halstead_volume": 9874.711571535443,
      "loc": 6,
      "operands_sum": 612,
      "operands_uniq": 133,
      "operators_sum": 740,
      "operators_uniq": 25
    },
    "min": {
      "comment_ratio": 43.35246573737847,
      "cyclomatic_complexity": 0,
      "fanout_external": 7,
      "fanout_internal": 1,
      "halstead_bugprop": 3.291570523845148,
      "halstead_difficulty": 57.5187969924812,
      "halstead_effort": 567981.5302424522,
      "halstead_timerequired": 31554.52945791401,
      "halstead_volume": 9874.711571535443,
      "loc": 6,
      "operands_sum": 612,
      "operands_uniq": 133,
      "operators_sum": 740,
      "operators_uniq": 25
    }
  }
}
