{
  "files": {
    "/Users/lorraynereis/Documents/PUC /Engenharia de Sofware/7 Peri\u0301odo/TCC 1/plf-es-2022-2-tcci-5308100-pes-lorrayne-reis/Instrumentos/Codigos/Collect-repositories/Repositories/Cloned-repositories/l5kit/l5kit/l5kit/tests/prediction/safepathnet_model_test.py": {
      "comment_ratio": 6.948480845442536,
      "cyclomatic_complexity": 0,
      "fanout_external": 10,
      "fanout_internal": 1,
      "halstead_bugprop": 1.2287590776439052,
      "halstead_difficulty": 47.172413793103445,
      "halstead_effort": 173890.59498795125,
      "halstead_timerequired": 9660.588610441737,
      "halstead_volume": 3686.2772329317154,
      "lang": [
        "Python"
      ],
      "loc": 1,
      "operands_sum": 304,
      "operands_uniq": 58,
      "operators_sum": 286,
      "operators_uniq": 18
    }
  },
  "overall": {
    "comment_ratio": 6.948480845442536,
    "cyclomatic_complexity": 0,
    "fanout_external": 10,
    "fanout_internal": 1,
    "halstead_bugprop": 1.2287590776439052,
    "halstead_difficulty": 47.172413793103445,
    "halstead_effort": 173890.59498795125,
    "halstead_timerequired": 9660.588610441737,
    "halstead_volume": 3686.2772329317154,
    "loc": 1,
    "maintainability_index": 100,
    "operands_sum": 304,
    "operands_uniq": 58,
    "operators_sum": 286,
    "operators_uniq": 18,
    "pylint": 100.0,
    "tiobe": 99.36923076923077,
    "tiobe_compiler": 100.0,
    "tiobe_complexity": 98.46153846153847,
    "tiobe_coverage": 100.0,
    "tiobe_duplication": 100.0,
    "tiobe_fanout": 92.0,
    "tiobe_functional": 100.0,
    "tiobe_security": 100.0,
    "tiobe_standard": 100.0
  },
  "stats": {
    "max": {
      "comment_ratio": 6.948480845442536,
      "cyclomatic_complexity": 0,
      "fanout_external": 10,
      "fanout_internal": 1,
      "halstead_bugprop": 1.2287590776439052,
      "halstead_difficulty": 47.172413793103445,
      "halstead_effort": 173890.59498795125,
      "halstead_timerequired": 9660.588610441737,
      "halstead_volume": 3686.2772329317154,
      "loc": 1,
      "operands_sum": 304,
      "operands_uniq": 58,
      "operators_sum": 286,
      "operators_uniq": 18
    },
    "mean": {
      "comment_ratio": 6.948480845442536,
      "cyclomatic_complexity": 0,
      "fanout_external": 10,
      "fanout_internal": 1,
      "halstead_bugprop": 1.2287590776439052,
      "halstead_difficulty": 47.172413793103445,
      "halstead_effort": 173890.59498795125,
      "halstead_timerequired": 9660.588610441737,
      "halstead_volume": 3686.2772329317154,
      "loc": 1,
      "operands_sum": 304,
      "operands_uniq": 58,
      "operators_sum": 286,
      "operators_uniq": 18
    },
    "median": {
      "comment_ratio": 6.948480845442536,
      "cyclomatic_complexity": 0,
      "fanout_external": 10,
      "fanout_internal": 1,
      "halstead_bugprop": 1.2287590776439052,
      "halstead_difficulty": 47.172413793103445,
      "halstead_effort": 173890.59498795125,
      "halstead_timerequired": 9660.588610441737,
      "halstead_volume": 3686.2772329317154,
      "loc": 1,
      "operands_sum": 304,
      "operands_uniq": 58,
      "operators_sum": 286,
      "operators_uniq": 18
    },
    "min": {
      "comment_ratio": 6.948480845442536,
      "cyclomatic_complexity": 0,
      "fanout_external": 10,
      "fanout_internal": 1,
      "halstead_bugprop": 1.2287590776439052,
      "halstead_difficulty": 47.172413793103445,
      "halstead_effort": 173890.59498795125,
      "halstead_timerequired": 9660.588610441737,
      "halstead_volume": 3686.2772329317154,
      "loc": 1,
      "operands_sum": 304,
      "operands_uniq": 58,
      "operators_sum": 286,
      "operators_uniq": 18
    }
  }
}
