{
  "files": {
    "/Users/lorraynereis/Documents/PUC /Engenharia de Sofware/7 Peri\u0301odo/TCC 1/plf-es-2022-2-tcci-5308100-pes-lorrayne-reis/Instrumentos/Codigos/Collect-repositories/Repositories/Cloned-repositories/l5kit/l5kit/l5kit/prediction/vectorized/safepathnet_model.py": {
      "comment_ratio": 27.67214523579332,
      "cyclomatic_complexity": 14,
      "fanout_external": 14,
      "fanout_internal": 1,
      "halstead_bugprop": 5.641832803625974,
      "halstead_difficulty": 53.45022624434389,
      "halstead_effort": 904671.7193597078,
      "halstead_timerequired": 50259.53996442821,
      "halstead_volume": 16925.49841087792,
      "lang": [
        "Python"
      ],
      "loc": 1,
      "operands_sum": 945,
      "operands_uniq": 221,
      "operators_sum": 1186,
      "operators_uniq": 25
    }
  },
  "overall": {
    "comment_ratio": 27.67214523579332,
    "cyclomatic_complexity": 14,
    "fanout_external": 14,
    "fanout_internal": 1,
    "halstead_bugprop": 5.641832803625974,
    "halstead_difficulty": 53.45022624434389,
    "halstead_effort": 904671.7193597078,
    "halstead_timerequired": 50259.53996442821,
    "halstead_volume": 16925.49841087792,
    "loc": 1,
    "maintainability_index": 100,
    "operands_sum": 945,
    "operands_uniq": 221,
    "operators_sum": 1186,
    "operators_uniq": 25,
    "pylint": 100.0,
    "tiobe": 84.56937283570603,
    "tiobe_compiler": 100.0,
    "tiobe_complexity": 2.4624855713736054,
    "tiobe_coverage": 100.0,
    "tiobe_duplication": 100.0,
    "tiobe_fanout": 84.0,
    "tiobe_functional": 100.0,
    "tiobe_security": 100.0,
    "tiobe_standard": 100.0
  },
  "stats": {
    "max": {
      "comment_ratio": 27.67214523579332,
      "cyclomatic_complexity": 14,
      "fanout_external": 14,
      "fanout_internal": 1,
      "halstead_bugprop": 5.641832803625974,
      "halstead_difficulty": 53.45022624434389,
      "halstead_effort": 904671.7193597078,
      "halstead_timerequired": 50259.53996442821,
      "halstead_volume": 16925.49841087792,
      "loc": 1,
      "operands_sum": 945,
      "operands_uniq": 221,
      "operators_sum": 1186,
      "operators_uniq": 25
    },
    "mean": {
      "comment_ratio": 27.67214523579332,
      "cyclomatic_complexity": 14,
      "fanout_external": 14,
      "fanout_internal": 1,
      "halstead_bugprop": 5.641832803625974,
      "halstead_difficulty": 53.45022624434389,
      "halstead_effort": 904671.7193597078,
      "halstead_timerequired": 50259.53996442821,
      "halstead_volume": 16925.49841087792,
      "loc": 1,
      "operands_sum": 945,
      "operands_uniq": 221,
      "operators_sum": 1186,
      "operators_uniq": 25
    },
    "median": {
      "comment_ratio": 27.67214523579332,
      "cyclomatic_complexity": 14,
      "fanout_external": 14,
      "fanout_internal": 1,
      "halstead_bugprop": 5.641832803625974,
      "halstead_difficulty": 53.45022624434389,
      "halstead_effort": 904671.7193597078,
      "halstead_timerequired": 50259.53996442821,
      "halstead_volume": 16925.49841087792,
      "loc": 1,
      "operands_sum": 945,
      "operands_uniq": 221,
      "operators_sum": 1186,
      "operators_uniq": 25
    },
    "min": {
      "comment_ratio": 27.67214523579332,
      "cyclomatic_complexity": 14,
      "fanout_external": 14,
      "fanout_internal": 1,
      "halstead_bugprop": 5.641832803625974,
      "halstead_difficulty": 53.45022624434389,
      "halstead_effort": 904671.7193597078,
      "halstead_timerequired": 50259.53996442821,
      "halstead_volume": 16925.49841087792,
      "loc": 1,
      "operands_sum": 945,
      "operands_uniq": 221,
      "operators_sum": 1186,
      "operators_uniq": 25
    }
  }
}
