{
  "files": {
    "/Users/lorraynereis/Documents/PUC /Engenharia de Sofware/7 Peri\u0301odo/TCC 1/plf-es-2022-2-tcci-5308100-pes-lorrayne-reis/Instrumentos/Codigos/Collect-repositories/Repositories/Cloned-repositories/l5kit/l5kit/l5kit/rasterization/satellite_rasterizer.py": {
      "comment_ratio": 24.479166666666668,
      "cyclomatic_complexity": 2,
      "fanout_external": 8,
      "fanout_internal": 1,
      "halstead_bugprop": 0.8443390314004954,
      "halstead_difficulty": 32.06896551724138,
      "halstead_effort": 81231.23784853042,
      "halstead_timerequired": 4512.846547140579,
      "halstead_volume": 2533.017094201486,
      "lang": [
        "Python"
      ],
      "loc": 1,
      "operands_sum": 186,
      "operands_uniq": 58,
      "operators_sum": 217,
      "operators_uniq": 20
    }
  },
  "overall": {
    "comment_ratio": 24.479166666666668,
    "cyclomatic_complexity": 2,
    "fanout_external": 8,
    "fanout_internal": 1,
    "halstead_bugprop": 0.8443390314004954,
    "halstead_difficulty": 32.06896551724138,
    "halstead_effort": 81231.23784853042,
    "halstead_timerequired": 4512.846547140579,
    "halstead_volume": 2533.017094201486,
    "loc": 1,
    "maintainability_index": 100,
    "operands_sum": 186,
    "operands_uniq": 58,
    "operators_sum": 217,
    "operators_uniq": 20,
    "pylint": 100.0,
    "tiobe": 99.12835820895522,
    "tiobe_compiler": 100.0,
    "tiobe_complexity": 95.5223880597015,
    "tiobe_coverage": 100.0,
    "tiobe_duplication": 100.0,
    "tiobe_fanout": 96.0,
    "tiobe_functional": 100.0,
    "tiobe_security": 100.0,
    "tiobe_standard": 100.0
  },
  "stats": {
    "max": {
      "comment_ratio": 24.479166666666668,
      "cyclomatic_complexity": 2,
      "fanout_external": 8,
      "fanout_internal": 1,
      "halstead_bugprop": 0.8443390314004954,
      "halstead_difficulty": 32.06896551724138,
      "halstead_effort": 81231.23784853042,
      "halstead_timerequired": 4512.846547140579,
      "halstead_volume": 2533.017094201486,
      "loc": 1,
      "operands_sum": 186,
      "operands_uniq": 58,
      "operators_sum": 217,
      "operators_uniq": 20
    },
    "mean": {
      "comment_ratio": 24.479166666666668,
      "cyclomatic_complexity": 2,
      "fanout_external": 8,
      "fanout_internal": 1,
      "halstead_bugprop": 0.8443390314004954,
      "halstead_difficulty": 32.06896551724138,
      "halstead_effort": 81231.23784853042,
      "halstead_timerequired": 4512.846547140579,
      "halstead_volume": 2533.017094201486,
      "loc": 1,
      "operands_sum": 186,
      "operands_uniq": 58,
      "operators_sum": 217,
      "operators_uniq": 20
    },
    "median": {
      "comment_ratio": 24.479166666666668,
      "cyclomatic_complexity": 2,
      "fanout_external": 8,
      "fanout_internal": 1,
      "halstead_bugprop": 0.8443390314004954,
      "halstead_difficulty": 32.06896551724138,
      "halstead_effort": 81231.23784853042,
      "halstead_timerequired": 4512.846547140579,
      "halstead_volume": 2533.017094201486,
      "loc": 1,
      "operands_sum": 186,
      "operands_uniq": 58,
      "operators_sum": 217,
      "operators_uniq": 20
    },
    "min": {
      "comment_ratio": 24.479166666666668,
      "cyclomatic_complexity": 2,
      "fanout_external": 8,
      "fanout_internal": 1,
      "halstead_bugprop": 0.8443390314004954,
      "halstead_difficulty": 32.06896551724138,
      "halstead_effort": 81231.23784853042,
      "halstead_timerequired": 4512.846547140579,
      "halstead_volume": 2533.017094201486,
      "loc": 1,
      "operands_sum": 186,
      "operands_uniq": 58,
      "operators_sum": 217,
      "operators_uniq": 20
    }
  }
}
