{
  "files": {
    "/Users/lorraynereis/Documents/PUC /Engenharia de Sofware/7 Peri\u0301odo/TCC 1/plf-es-2022-2-tcci-5308100-pes-lorrayne-reis/Instrumentos/Codigos/Collect-repositories/Repositories/Cloned-repositories/l5kit/l5kit/l5kit/rasterization/satellite_image.py": {
      "comment_ratio": 42.99427416638599,
      "cyclomatic_complexity": 0,
      "fanout_external": 6,
      "fanout_internal": 1,
      "halstead_bugprop": 1.4330570402985676,
      "halstead_difficulty": 48.784615384615385,
      "halstead_effort": 209733.4096055427,
      "halstead_timerequired": 11651.856089196815,
      "halstead_volume": 4299.171120895703,
      "lang": [
        "Python"
      ],
      "loc": 1,
      "operands_sum": 302,
      "operands_uniq": 65,
      "operators_sum": 367,
      "operators_uniq": 21
    }
  },
  "overall": {
    "comment_ratio": 42.99427416638599,
    "cyclomatic_complexity": 0,
    "fanout_external": 6,
    "fanout_internal": 1,
    "halstead_bugprop": 1.4330570402985676,
    "halstead_difficulty": 48.784615384615385,
    "halstead_effort": 209733.4096055427,
    "halstead_timerequired": 11651.856089196815,
    "halstead_volume": 4299.171120895703,
    "loc": 1,
    "maintainability_index": 100,
    "operands_sum": 302,
    "operands_uniq": 65,
    "operators_sum": 367,
    "operators_uniq": 21,
    "pylint": 100.0,
    "tiobe": 99.76923076923077,
    "tiobe_compiler": 100.0,
    "tiobe_complexity": 98.46153846153847,
    "tiobe_coverage": 100.0,
    "tiobe_duplication": 100.0,
    "tiobe_fanout": 100.0,
    "tiobe_functional": 100.0,
    "tiobe_security": 100.0,
    "tiobe_standard": 100.0
  },
  "stats": {
    "max": {
      "comment_ratio": 42.99427416638599,
      "cyclomatic_complexity": 0,
      "fanout_external": 6,
      "fanout_internal": 1,
      "halstead_bugprop": 1.4330570402985676,
      "halstead_difficulty": 48.784615384615385,
      "halstead_effort": 209733.4096055427,
      "halstead_timerequired": 11651.856089196815,
      "halstead_volume": 4299.171120895703,
      "loc": 1,
      "operands_sum": 302,
      "operands_uniq": 65,
      "operators_sum": 367,
      "operators_uniq": 21
    },
    "mean": {
      "comment_ratio": 42.99427416638599,
      "cyclomatic_complexity": 0,
      "fanout_external": 6,
      "fanout_internal": 1,
      "halstead_bugprop": 1.4330570402985676,
      "halstead_difficulty": 48.784615384615385,
      "halstead_effort": 209733.4096055427,
      "halstead_timerequired": 11651.856089196815,
      "halstead_volume": 4299.171120895703,
      "loc": 1,
      "operands_sum": 302,
      "operands_uniq": 65,
      "operators_sum": 367,
      "operators_uniq": 21
    },
    "median": {
      "comment_ratio": 42.99427416638599,
      "cyclomatic_complexity": 0,
      "fanout_external": 6,
      "fanout_internal": 1,
      "halstead_bugprop": 1.4330570402985676,
      "halstead_difficulty": 48.784615384615385,
      "halstead_effort": 209733.4096055427,
      "halstead_timerequired": 11651.856089196815,
      "halstead_volume": 4299.171120895703,
      "loc": 1,
      "operands_sum": 302,
      "operands_uniq": 65,
      "operators_sum": 367,
      "operators_uniq": 21
    },
    "min": {
      "comment_ratio": 42.99427416638599,
      "cyclomatic_complexity": 0,
      "fanout_external": 6,
      "fanout_internal": 1,
      "halstead_bugprop": 1.4330570402985676,
      "halstead_difficulty": 48.784615384615385,
      "halstead_effort": 209733.4096055427,
      "halstead_timerequired": 11651.856089196815,
      "halstead_volume": 4299.171120895703,
      "loc": 1,
      "operands_sum": 302,
      "operands_uniq": 65,
      "operators_sum": 367,
      "operators_uniq": 21
    }
  }
}
