{
  "files": {
    "/Users/lorraynereis/Documents/PUC /Engenharia de Sofware/7 Peri\u0301odo/TCC 1/plf-es-2022-2-tcci-5308100-pes-lorrayne-reis/Instrumentos/Codigos/Collect-repositories/Repositories/Cloned-repositories/l5kit/l5kit/l5kit/cle/scene_type_agg.py": {
      "comment_ratio": 25.1937984496124,
      "cyclomatic_complexity": 10,
      "fanout_external": 6,
      "fanout_internal": 1,
      "halstead_bugprop": 0.4841298711756735,
      "halstead_difficulty": 21.658536585365855,
      "halstead_effort": 31456.63358078035,
      "halstead_timerequired": 1747.5907544877973,
      "halstead_volume": 1452.3896135270206,
      "lang": [
        "Python"
      ],
      "loc": 1,
      "operands_sum": 111,
      "operands_uniq": 41,
      "operators_sum": 138,
      "operators_uniq": 16
    }
  },
  "overall": {
    "comment_ratio": 25.1937984496124,
    "cyclomatic_complexity": 10,
    "fanout_external": 6,
    "fanout_internal": 1,
    "halstead_bugprop": 0.4841298711756735,
    "halstead_difficulty": 21.658536585365855,
    "halstead_effort": 31456.63358078035,
    "halstead_timerequired": 1747.5907544877973,
    "halstead_volume": 1452.3896135270206,
    "loc": 1,
    "maintainability_index": 100,
    "operands_sum": 111,
    "operands_uniq": 41,
    "operators_sum": 138,
    "operators_uniq": 16,
    "pylint": 100.0,
    "tiobe": 86.00523560209425,
    "tiobe_compiler": 100.0,
    "tiobe_complexity": 6.701570680628272,
    "tiobe_coverage": 100.0,
    "tiobe_duplication": 100.0,
    "tiobe_fanout": 100.0,
    "tiobe_functional": 100.0,
    "tiobe_security": 100.0,
    "tiobe_standard": 100.0
  },
  "stats": {
    "max": {
      "comment_ratio": 25.1937984496124,
      "cyclomatic_complexity": 10,
      "fanout_external": 6,
      "fanout_internal": 1,
      "halstead_bugprop": 0.4841298711756735,
      "halstead_difficulty": 21.658536585365855,
      "halstead_effort": 31456.63358078035,
      "halstead_timerequired": 1747.5907544877973,
      "halstead_volume": 1452.3896135270206,
      "loc": 1,
      "operands_sum": 111,
      "operands_uniq": 41,
      "operators_sum": 138,
      "operators_uniq": 16
    },
    "mean": {
      "comment_ratio": 25.1937984496124,
      "cyclomatic_complexity": 10,
      "fanout_external": 6,
      "fanout_internal": 1,
      "halstead_bugprop": 0.4841298711756735,
      "halstead_difficulty": 21.658536585365855,
      "halstead_effort": 31456.63358078035,
      "halstead_timerequired": 1747.5907544877973,
      "halstead_volume": 1452.3896135270206,
      "loc": 1,
      "operands_sum": 111,
      "operands_uniq": 41,
      "operators_sum": 138,
      "operators_uniq": 16
    },
    "median": {
      "comment_ratio": 25.1937984496124,
      "cyclomatic_complexity": 10,
      "fanout_external": 6,
      "fanout_internal": 1,
      "halstead_bugprop": 0.4841298711756735,
      "halstead_difficulty": 21.658536585365855,
      "halstead_effort": 31456.63358078035,
      "halstead_timerequired": 1747.5907544877973,
      "halstead_volume": 1452.3896135270206,
      "loc": 1,
      "operands_sum": 111,
      "operands_uniq": 41,
      "operators_sum": 138,
      "operators_uniq": 16
    },
    "min": {
      "comment_ratio": 25.1937984496124,
      "cyclomatic_complexity": 10,
      "fanout_external": 6,
      "fanout_internal": 1,
      "halstead_bugprop": 0.4841298711756735,
      "halstead_difficulty": 21.658536585365855,
      "halstead_effort": 31456.63358078035,
      "halstead_timerequired": 1747.5907544877973,
      "halstead_volume": 1452.3896135270206,
      "loc": 1,
      "operands_sum": 111,
      "operands_uniq": 41,
      "operators_sum": 138,
      "operators_uniq": 16
    }
  }
}
