{
  "files": {
    "/Users/lorraynereis/Documents/PUC /Engenharia de Sofware/7 Peri\u0301odo/TCC 1/plf-es-2022-2-tcci-5308100-pes-lorrayne-reis/Instrumentos/Codigos/Collect-repositories/Repositories/Cloned-repositories/PythonRobotics/SLAM/GraphBasedSLAM/graphslam/pose/se2.py": {
      "comment_ratio": 60.15531660692951,
      "cyclomatic_complexity": 0,
      "fanout_external": 4,
      "fanout_internal": 1,
      "halstead_bugprop": 0.9807026527721231,
      "halstead_difficulty": 99.47916666666666,
      "halstead_effort": 292678.44793668046,
      "halstead_timerequired": 16259.913774260025,
      "halstead_volume": 2942.107958316369,
      "lang": [
        "Python"
      ],
      "loc": 1,
      "operands_sum": 191,
      "operands_uniq": 24,
      "operators_sum": 333,
      "operators_uniq": 25
    }
  },
  "overall": {
    "comment_ratio": 60.15531660692951,
    "cyclomatic_complexity": 0,
    "fanout_external": 4,
    "fanout_internal": 1,
    "halstead_bugprop": 0.9807026527721231,
    "halstead_difficulty": 99.47916666666666,
    "halstead_effort": 292678.44793668046,
    "halstead_timerequired": 16259.913774260025,
    "halstead_volume": 2942.107958316369,
    "loc": 1,
    "maintainability_index": 100,
    "operands_sum": 191,
    "operands_uniq": 24,
    "operators_sum": 333,
    "operators_uniq": 25,
    "pylint": 100.0,
    "tiobe": 99.76923076923077,
    "tiobe_compiler": 100.0,
    "tiobe_complexity": 98.46153846153847,
    "tiobe_coverage": 100.0,
    "tiobe_duplication": 100.0,
    "tiobe_fanout": 100.0,
    "tiobe_functional": 100.0,
    "tiobe_security": 100.0,
    "tiobe_standard": 100.0
  },
  "stats": {
    "max": {
      "comment_ratio": 60.15531660692951,
      "cyclomatic_complexity": 0,
      "fanout_external": 4,
      "fanout_internal": 1,
      "halstead_bugprop": 0.9807026527721231,
      "halstead_difficulty": 99.47916666666666,
      "halstead_effort": 292678.44793668046,
      "halstead_timerequired": 16259.913774260025,
      "halstead_volume": 2942.107958316369,
      "loc": 1,
      "operands_sum": 191,
      "operands_uniq": 24,
      "operators_sum": 333,
      "operators_uniq": 25
    },
    "mean": {
      "comment_ratio": 60.15531660692951,
      "cyclomatic_complexity": 0,
      "fanout_external": 4,
      "fanout_internal": 1,
      "halstead_bugprop": 0.9807026527721231,
      "halstead_difficulty": 99.47916666666666,
      "halstead_effort": 292678.44793668046,
      "halstead_timerequired": 16259.913774260025,
      "halstead_volume": 2942.107958316369,
      "loc": 1,
      "operands_sum": 191,
      "operands_uniq": 24,
      "operators_sum": 333,
      "operators_uniq": 25
    },
    "median": {
      "comment_ratio": 60.15531660692951,
      "cyclomatic_complexity": 0,
      "fanout_external": 4,
      "fanout_internal": 1,
      "halstead_bugprop": 0.9807026527721231,
      "halstead_difficulty": 99.47916666666666,
      "halstead_effort": 292678.44793668046,
      "halstead_timerequired": 16259.913774260025,
      "halstead_volume": 2942.107958316369,
      "loc": 1,
      "operands_sum": 191,
      "operands_uniq": 24,
      "operators_sum": 333,
      "operators_uniq": 25
    },
    "min": {
      "comment_ratio": 60.15531660692951,
      "cyclomatic_complexity": 0,
      "fanout_external": 4,
      "fanout_internal": 1,
      "halstead_bugprop": 0.9807026527721231,
      "halstead_difficulty": 99.47916666666666,
      "halstead_effort": 292678.44793668046,
      "halstead_timerequired": 16259.913774260025,
      "halstead_volume": 2942.107958316369,
      "loc": 1,
      "operands_sum": 191,
      "operands_uniq": 24,
      "operators_sum": 333,
      "operators_uniq": 25
    }
  }
}
