{
  "files": {
    "/Users/lorraynereis/Documents/PUC /Engenharia de Sofware/7 Peri\u0301odo/TCC 1/plf-es-2022-2-tcci-5308100-pes-lorrayne-reis/Instrumentos/Codigos/Collect-repositories/Repositories/Cloned-repositories/CVPR2023-3D-Occupancy-Prediction/projects/configs/_base_/schedules/seg_cosine_50e.py": {
      "comment_ratio": 27.953890489913544,
      "cyclomatic_complexity": 2,
      "fanout_external": 0,
      "fanout_internal": 0,
      "halstead_bugprop": 0.07174118457205308,
      "halstead_difficulty": 2.588235294117647,
      "halstead_effort": 557.0491978535887,
      "halstead_timerequired": 30.947177658532706,
      "halstead_volume": 215.22355371615927,
      "lang": [
        "Python"
      ],
      "loc": 1,
      "operands_sum": 22,
      "operands_uniq": 17,
      "operators_sum": 27,
      "operators_uniq": 4
    }
  },
  "overall": {
    "comment_ratio": 27.953890489913544,
    "cyclomatic_complexity": 2,
    "fanout_external": 0,
    "fanout_internal": 0,
    "halstead_bugprop": 0.07174118457205308,
    "halstead_difficulty": 2.588235294117647,
    "halstead_effort": 557.0491978535887,
    "halstead_timerequired": 30.947177658532706,
    "halstead_volume": 215.22355371615927,
    "loc": 1,
    "maintainability_index": 100,
    "operands_sum": 22,
    "operands_uniq": 17,
    "operators_sum": 27,
    "operators_uniq": 4,
    "pylint": 100.0,
    "tiobe": 99.32835820895522,
    "tiobe_compiler": 100.0,
    "tiobe_complexity": 95.5223880597015,
    "tiobe_coverage": 100.0,
    "tiobe_duplication": 100.0,
    "tiobe_fanout": 100.0,
    "tiobe_functional": 100.0,
    "tiobe_security": 100.0,
    "tiobe_standard": 100.0
  },
  "stats": {
    "max": {
      "comment_ratio": 27.953890489913544,
      "cyclomatic_complexity": 2,
      "fanout_external": 0,
      "fanout_internal": 0,
      "halstead_bugprop": 0.07174118457205308,
      "halstead_difficulty": 2.588235294117647,
      "halstead_effort": 557.0491978535887,
      "halstead_timerequired": 30.947177658532706,
      "halstead_volume": 215.22355371615927,
      "loc": 1,
      "operands_sum": 22,
      "operands_uniq": 17,
      "operators_sum": 27,
      "operators_uniq": 4
    },
    "mean": {
      "comment_ratio": 27.953890489913544,
      "cyclomatic_complexity": 2,
      "fanout_external": 0,
      "fanout_internal": 0,
      "halstead_bugprop": 0.07174118457205308,
      "halstead_difficulty": 2.588235294117647,
      "halstead_effort": 557.0491978535887,
      "halstead_timerequired": 30.947177658532706,
      "halstead_volume": 215.22355371615927,
      "loc": 1,
      "operands_sum": 22,
      "operands_uniq": 17,
      "operators_sum": 27,
      "operators_uniq": 4
    },
    "median": {
      "comment_ratio": 27.953890489913544,
      "cyclomatic_complexity": 2,
      "fanout_external": 0,
      "fanout_internal": 0,
      "halstead_bugprop": 0.07174118457205308,
      "halstead_difficulty": 2.588235294117647,
      "halstead_effort": 557.0491978535887,
      "halstead_timerequired": 30.947177658532706,
      "halstead_volume": 215.22355371615927,
      "loc": 1,
      "operands_sum": 22,
      "operands_uniq": 17,
      "operators_sum": 27,
      "operators_uniq": 4
    },
    "min": {
      "comment_ratio": 27.953890489913544,
      "cyclomatic_complexity": 2,
      "fanout_external": 0,
      "fanout_internal": 0,
      "halstead_bugprop": 0.07174118457205308,
      "halstead_difficulty": 2.588235294117647,
      "halstead_effort": 557.0491978535887,
      "halstead_timerequired": 30.947177658532706,
      "halstead_volume": 215.22355371615927,
      "loc": 1,
      "operands_sum": 22,
      "operands_uniq": 17,
      "operators_sum": 27,
      "operators_uniq": 4
    }
  }
}
