{
  "files": {
    "/Users/lorraynereis/Documents/PUC /Engenharia de Sofware/7 Peri\u0301odo/TCC 1/plf-es-2022-2-tcci-5308100-pes-lorrayne-reis/Instrumentos/Codigos/Collect-repositories/Repositories/Cloned-repositories/pylot/pylot/perception/segmentation/segmented_frame.py": {
      "comment_ratio": 28.897805437274812,
      "cyclomatic_complexity": 5,
      "fanout_external": 13,
      "fanout_internal": 1,
      "halstead_bugprop": 4.335469744534378,
      "halstead_difficulty": 75.26732673267327,
      "halstead_effort": 978957.6534044655,
      "halstead_timerequired": 54386.53630024809,
      "halstead_volume": 13006.409233603134,
      "lang": [
        "Python"
      ],
      "loc": 5,
      "operands_sum": 724,
      "operands_uniq": 202,
      "operators_sum": 916,
      "operators_uniq": 42
    }
  },
  "overall": {
    "comment_ratio": 28.897805437274812,
    "cyclomatic_complexity": 5,
    "fanout_external": 13,
    "fanout_internal": 1,
    "halstead_bugprop": 4.335469744534378,
    "halstead_difficulty": 75.26732673267327,
    "halstead_effort": 978957.6534044655,
    "halstead_timerequired": 54386.53630024809,
    "halstead_volume": 13006.409233603134,
    "loc": 5,
    "maintainability_index": 94.51647864738504,
    "operands_sum": 724,
    "operands_uniq": 202,
    "operators_sum": 916,
    "operators_uniq": 42,
    "pylint": 100.0,
    "tiobe": 90.3,
    "tiobe_compiler": 100.0,
    "tiobe_complexity": 40.0,
    "tiobe_coverage": 100.0,
    "tiobe_duplication": 100.0,
    "tiobe_fanout": 86.0,
    "tiobe_functional": 100.0,
    "tiobe_security": 100.0,
    "tiobe_standard": 100.0
  },
  "stats": {
    "max": {
      "comment_ratio": 28.897805437274812,
      "cyclomatic_complexity": 5,
      "fanout_external": 13,
      "fanout_internal": 1,
      "halstead_bugprop": 4.335469744534378,
      "halstead_difficulty": 75.26732673267327,
      "halstead_effort": 978957.6534044655,
      "halstead_timerequired": 54386.53630024809,
      "halstead_volume": 13006.409233603134,
      "loc": 5,
      "operands_sum": 724,
      "operands_uniq": 202,
      "operators_sum": 916,
      "operators_uniq": 42
    },
    "mean": {
      "comment_ratio": 28.897805437274812,
      "cyclomatic_complexity": 5,
      "fanout_external": 13,
      "fanout_internal": 1,
      "halstead_bugprop": 4.335469744534378,
      "halstead_difficulty": 75.26732673267327,
      "halstead_effort": 978957.6534044655,
      "halstead_timerequired": 54386.53630024809,
      "halstead_volume": 13006.409233603134,
      "loc": 5,
      "operands_sum": 724,
      "operands_uniq": 202,
      "operators_sum": 916,
      "operators_uniq": 42
    },
    "median": {
      "comment_ratio": 28.897805437274812,
      "cyclomatic_complexity": 5,
      "fanout_external": 13,
      "fanout_internal": 1,
      "halstead_bugprop": 4.335469744534378,
      "halstead_difficulty": 75.26732673267327,
      "halstead_effort": 978957.6534044655,
      "halstead_timerequired": 54386.53630024809,
      "halstead_volume": 13006.409233603134,
      "loc": 5,
      "operands_sum": 724,
      "operands_uniq": 202,
      "operators_sum": 916,
      "operators_uniq": 42
    },
    "min": {
      "comment_ratio": 28.897805437274812,
      "cyclomatic_complexity": 5,
      "fanout_external": 13,
      "fanout_internal": 1,
      "halstead_bugprop": 4.335469744534378,
      "halstead_difficulty": 75.26732673267327,
      "halstead_effort": 978957.6534044655,
      "halstead_timerequired": 54386.53630024809,
      "halstead_volume": 13006.409233603134,
      "loc": 5,
      "operands_sum": 724,
      "operands_uniq": 202,
      "operators_sum": 916,
      "operators_uniq": 42
    }
  }
}
