{
  "files": {
    "/Users/lorraynereis/Documents/PUC /Engenharia de Sofware/7 Peri\u0301odo/TCC 1/plf-es-2022-2-tcci-5308100-pes-lorrayne-reis/Instrumentos/Codigos/Collect-repositories/Repositories/Cloned-repositories/pylot/pylot/perception/segmentation/segmentation_drn_operator.py": {
      "comment_ratio": 39.862825788751714,
      "cyclomatic_complexity": 1,
      "fanout_external": 11,
      "fanout_internal": 1,
      "halstead_bugprop": 0.7292514978210335,
      "halstead_difficulty": 17.232876712328768,
      "halstead_effort": 37701.303462692886,
      "halstead_timerequired": 2094.5168590384937,
      "halstead_volume": 2187.7544934631005,
      "lang": [
        "Python"
      ],
      "loc": 1,
      "operands_sum": 148,
      "operands_uniq": 73,
      "operators_sum": 189,
      "operators_uniq": 17
    }
  },
  "overall": {
    "comment_ratio": 39.862825788751714,
    "cyclomatic_complexity": 1,
    "fanout_external": 11,
    "fanout_internal": 1,
    "halstead_bugprop": 0.7292514978210335,
    "halstead_difficulty": 17.232876712328768,
    "halstead_effort": 37701.303462692886,
    "halstead_timerequired": 2094.5168590384937,
    "halstead_volume": 2187.7544934631005,
    "loc": 1,
    "maintainability_index": 100,
    "operands_sum": 148,
    "operands_uniq": 73,
    "operators_sum": 189,
    "operators_uniq": 17,
    "pylint": 100.0,
    "tiobe": 99.5,
    "tiobe_compiler": 100.0,
    "tiobe_complexity": 100.0,
    "tiobe_coverage": 100.0,
    "tiobe_duplication": 100.0,
    "tiobe_fanout": 90.0,
    "tiobe_functional": 100.0,
    "tiobe_security": 100.0,
    "tiobe_standard": 100.0
  },
  "stats": {
    "max": {
      "comment_ratio": 39.862825788751714,
      "cyclomatic_complexity": 1,
      "fanout_external": 11,
      "fanout_internal": 1,
      "halstead_bugprop": 0.7292514978210335,
      "halstead_difficulty": 17.232876712328768,
      "halstead_effort": 37701.303462692886,
      "halstead_timerequired": 2094.5168590384937,
      "halstead_volume": 2187.7544934631005,
      "loc": 1,
      "operands_sum": 148,
      "operands_uniq": 73,
      "operators_sum": 189,
      "operators_uniq": 17
    },
    "mean": {
      "comment_ratio": 39.862825788751714,
      "cyclomatic_complexity": 1,
      "fanout_external": 11,
      "fanout_internal": 1,
      "halstead_bugprop": 0.7292514978210335,
      "halstead_difficulty": 17.232876712328768,
      "halstead_effort": 37701.303462692886,
      "halstead_timerequired": 2094.5168590384937,
      "halstead_volume": 2187.7544934631005,
      "loc": 1,
      "operands_sum": 148,
      "operands_uniq": 73,
      "operators_sum": 189,
      "operators_uniq": 17
    },
    "median": {
      "comment_ratio": 39.862825788751714,
      "cyclomatic_complexity": 1,
      "fanout_external": 11,
      "fanout_internal": 1,
      "halstead_bugprop": 0.7292514978210335,
      "halstead_difficulty": 17.232876712328768,
      "halstead_effort": 37701.303462692886,
      "halstead_timerequired": 2094.5168590384937,
      "halstead_volume": 2187.7544934631005,
      "loc": 1,
      "operands_sum": 148,
      "operands_uniq": 73,
      "operators_sum": 189,
      "operators_uniq": 17
    },
    "min": {
      "comment_ratio": 39.862825788751714,
      "cyclomatic_complexity": 1,
      "fanout_external": 11,
      "fanout_internal": 1,
      "halstead_bugprop": 0.7292514978210335,
      "halstead_difficulty": 17.232876712328768,
      "halstead_effort": 37701.303462692886,
      "halstead_timerequired": 2094.5168590384937,
      "halstead_volume": 2187.7544934631005,
      "loc": 1,
      "operands_sum": 148,
      "operands_uniq": 73,
      "operators_sum": 189,
      "operators_uniq": 17
    }
  }
}
