{
  "files": {
    "/Users/lorraynereis/Documents/PUC /Engenharia de Sofware/7 Peri\u0301odo/TCC 1/plf-es-2022-2-tcci-5308100-pes-lorrayne-reis/Instrumentos/Codigos/Collect-repositories/Repositories/Cloned-repositories/pylot/pylot/perception/segmentation/segmentation_eval_operator.py": {
      "comment_ratio": 27.433514071778983,
      "cyclomatic_complexity": 17,
      "fanout_external": 4,
      "fanout_internal": 1,
      "halstead_bugprop": 1.6939134668864153,
      "halstead_difficulty": 77.31428571428572,
      "halstead_effort": 392891.1292623977,
      "halstead_timerequired": 21827.284959022094,
      "halstead_volume": 5081.740400659246,
      "lang": [
        "Python"
      ],
      "loc": 1,
      "operands_sum": 328,
      "operands_uniq": 70,
      "operators_sum": 432,
      "operators_uniq": 33
    }
  },
  "overall": {
    "comment_ratio": 27.433514071778983,
    "cyclomatic_complexity": 17,
    "fanout_external": 4,
    "fanout_internal": 1,
    "halstead_bugprop": 1.6939134668864153,
    "halstead_difficulty": 77.31428571428572,
    "halstead_effort": 392891.1292623977,
    "halstead_timerequired": 21827.284959022094,
    "halstead_volume": 5081.740400659246,
    "loc": 1,
    "maintainability_index": 100,
    "operands_sum": 328,
    "operands_uniq": 70,
    "operators_sum": 432,
    "operators_uniq": 33,
    "pylint": 100.0,
    "tiobe": 85.20547945205479,
    "tiobe_compiler": 100.0,
    "tiobe_complexity": 1.36986301369863,
    "tiobe_coverage": 100.0,
    "tiobe_duplication": 100.0,
    "tiobe_fanout": 100.0,
    "tiobe_functional": 100.0,
    "tiobe_security": 100.0,
    "tiobe_standard": 100.0
  },
  "stats": {
    "max": {
      "comment_ratio": 27.433514071778983,
      "cyclomatic_complexity": 17,
      "fanout_external": 4,
      "fanout_internal": 1,
      "halstead_bugprop": 1.6939134668864153,
      "halstead_difficulty": 77.31428571428572,
      "halstead_effort": 392891.1292623977,
      "halstead_timerequired": 21827.284959022094,
      "halstead_volume": 5081.740400659246,
      "loc": 1,
      "operands_sum": 328,
      "operands_uniq": 70,
      "operators_sum": 432,
      "operators_uniq": 33
    },
    "mean": {
      "comment_ratio": 27.433514071778983,
      "cyclomatic_complexity": 17,
      "fanout_external": 4,
      "fanout_internal": 1,
      "halstead_bugprop": 1.6939134668864153,
      "halstead_difficulty": 77.31428571428572,
      "halstead_effort": 392891.1292623977,
      "halstead_timerequired": 21827.284959022094,
      "halstead_volume": 5081.740400659246,
      "loc": 1,
      "operands_sum": 328,
      "operands_uniq": 70,
      "operators_sum": 432,
      "operators_uniq": 33
    },
    "median": {
      "comment_ratio": 27.433514071778983,
      "cyclomatic_complexity": 17,
      "fanout_external": 4,
      "fanout_internal": 1,
      "halstead_bugprop": 1.6939134668864153,
      "halstead_difficulty": 77.31428571428572,
      "halstead_effort": 392891.1292623977,
      "halstead_timerequired": 21827.284959022094,
      "halstead_volume": 5081.740400659246,
      "loc": 1,
      "operands_sum": 328,
      "operands_uniq": 70,
      "operators_sum": 432,
      "operators_uniq": 33
    },
    "min": {
      "comment_ratio": 27.433514071778983,
      "cyclomatic_complexity": 17,
      "fanout_external": 4,
      "fanout_internal": 1,
      "halstead_bugprop": 1.6939134668864153,
      "halstead_difficulty": 77.31428571428572,
      "halstead_effort": 392891.1292623977,
      "halstead_timerequired": 21827.284959022094,
      "halstead_volume": 5081.740400659246,
      "loc": 1,
      "operands_sum": 328,
      "operands_uniq": 70,
      "operators_sum": 432,
      "operators_uniq": 33
    }
  }
}
