{
  "files": {
    "/Users/lorraynereis/Documents/PUC /Engenharia de Sofware/7 Peri\u0301odo/TCC 1/plf-es-2022-2-tcci-5308100-pes-lorrayne-reis/Instrumentos/Codigos/Collect-repositories/Repositories/Cloned-repositories/l5kit/l5kit/l5kit/dataset/select_agents.py": {
      "comment_ratio": 12.734229373099186,
      "cyclomatic_complexity": 19,
      "fanout_external": 21,
      "fanout_internal": 1,
      "halstead_bugprop": 4.168451376896641,
      "halstead_difficulty": 51.69859813084112,
      "halstead_effort": 646509.2776863923,
      "halstead_timerequired": 35917.18209368846,
      "halstead_volume": 12505.354130689922,
      "lang": [
        "Python"
      ],
      "loc": 1,
      "operands_sum": 763,
      "operands_uniq": 214,
      "operators_sum": 815,
      "operators_uniq": 29
    }
  },
  "overall": {
    "comment_ratio": 12.734229373099186,
    "cyclomatic_complexity": 19,
    "fanout_external": 21,
    "fanout_internal": 1,
    "halstead_bugprop": 4.168451376896641,
    "halstead_difficulty": 51.69859813084112,
    "halstead_effort": 646509.2776863923,
    "halstead_timerequired": 35917.18209368846,
    "halstead_volume": 12505.354130689922,
    "loc": 1,
    "maintainability_index": 100,
    "operands_sum": 763,
    "operands_uniq": 214,
    "operators_sum": 815,
    "operators_uniq": 29,
    "pylint": 100.0,
    "tiobe": 83.64669926650367,
    "tiobe_compiler": 100.0,
    "tiobe_complexity": 0.9779951100244498,
    "tiobe_coverage": 100.0,
    "tiobe_duplication": 100.0,
    "tiobe_fanout": 70.0,
    "tiobe_functional": 100.0,
    "tiobe_security": 100.0,
    "tiobe_standard": 100.0
  },
  "stats": {
    "max": {
      "comment_ratio": 12.734229373099186,
      "cyclomatic_complexity": 19,
      "fanout_external": 21,
      "fanout_internal": 1,
      "halstead_bugprop": 4.168451376896641,
      "halstead_difficulty": 51.69859813084112,
      "halstead_effort": 646509.2776863923,
      "halstead_timerequired": 35917.18209368846,
      "halstead_volume": 12505.354130689922,
      "loc": 1,
      "operands_sum": 763,
      "operands_uniq": 214,
      "operators_sum": 815,
      "operators_uniq": 29
    },
    "mean": {
      "comment_ratio": 12.734229373099186,
      "cyclomatic_complexity": 19,
      "fanout_external": 21,
      "fanout_internal": 1,
      "halstead_bugprop": 4.168451376896641,
      "halstead_difficulty": 51.69859813084112,
      "halstead_effort": 646509.2776863923,
      "halstead_timerequired": 35917.18209368846,
      "halstead_volume": 12505.354130689922,
      "loc": 1,
      "operands_sum": 763,
      "operands_uniq": 214,
      "operators_sum": 815,
      "operators_uniq": 29
    },
    "median": {
      "comment_ratio": 12.734229373099186,
      "cyclomatic_complexity": 19,
      "fanout_external": 21,
      "fanout_internal": 1,
      "halstead_bugprop": 4.168451376896641,
      "halstead_difficulty": 51.69859813084112,
      "halstead_effort": 646509.2776863923,
      "halstead_timerequired": 35917.18209368846,
      "halstead_volume": 12505.354130689922,
      "loc": 1,
      "operands_sum": 763,
      "operands_uniq": 214,
      "operators_sum": 815,
      "operators_uniq": 29
    },
    "min": {
      "comment_ratio": 12.734229373099186,
      "cyclomatic_complexity": 19,
      "fanout_external": 21,
      "fanout_internal": 1,
      "halstead_bugprop": 4.168451376896641,
      "halstead_difficulty": 51.69859813084112,
      "halstead_effort": 646509.2776863923,
      "halstead_timerequired": 35917.18209368846,
      "halstead_volume": 12505.354130689922,
      "loc": 1,
      "operands_sum": 763,
      "operands_uniq": 214,
      "operators_sum": 815,
      "operators_uniq": 29
    }
  }
}
