{
  "files": {
    "/Users/lorraynereis/Documents/PUC /Engenharia de Sofware/7 Peri\u0301odo/TCC 1/plf-es-2022-2-tcci-5308100-pes-lorrayne-reis/Instrumentos/Codigos/Collect-repositories/Repositories/Cloned-repositories/l5kit/l5kit/l5kit/rasterization/semantic_rasterizer.py": {
      "comment_ratio": 21.22404668204641,
      "cyclomatic_complexity": 4,
      "fanout_external": 12,
      "fanout_internal": 1,
      "halstead_bugprop": 2.769366796564349,
      "halstead_difficulty": 48.57142857142857,
      "halstead_effort": 403536.3046422337,
      "halstead_timerequired": 22418.683591235207,
      "halstead_volume": 8308.100389693047,
      "lang": [
        "Python"
      ],
      "loc": 1,
      "operands_sum": 510,
      "operands_uniq": 147,
      "operators_sum": 605,
      "operators_uniq": 28
    }
  },
  "overall": {
    "comment_ratio": 21.22404668204641,
    "cyclomatic_complexity": 4,
    "fanout_external": 12,
    "fanout_internal": 1,
    "halstead_bugprop": 2.769366796564349,
    "halstead_difficulty": 48.57142857142857,
    "halstead_effort": 403536.3046422337,
    "halstead_timerequired": 22418.683591235207,
    "halstead_volume": 8308.100389693047,
    "loc": 1,
    "maintainability_index": 100,
    "operands_sum": 510,
    "operands_uniq": 147,
    "operators_sum": 605,
    "operators_uniq": 28,
    "pylint": 100.0,
    "tiobe": 93.2073394495413,
    "tiobe_compiler": 100.0,
    "tiobe_complexity": 58.71559633027523,
    "tiobe_coverage": 100.0,
    "tiobe_duplication": 100.0,
    "tiobe_fanout": 88.0,
    "tiobe_functional": 100.0,
    "tiobe_security": 100.0,
    "tiobe_standard": 100.0
  },
  "stats": {
    "max": {
      "comment_ratio": 21.22404668204641,
      "cyclomatic_complexity": 4,
      "fanout_external": 12,
      "fanout_internal": 1,
      "halstead_bugprop": 2.769366796564349,
      "halstead_difficulty": 48.57142857142857,
      "halstead_effort": 403536.3046422337,
      "halstead_timerequired": 22418.683591235207,
      "halstead_volume": 8308.100389693047,
      "loc": 1,
      "operands_sum": 510,
      "operands_uniq": 147,
      "operators_sum": 605,
      "operators_uniq": 28
    },
    "mean": {
      "comment_ratio": 21.22404668204641,
      "cyclomatic_complexity": 4,
      "fanout_external": 12,
      "fanout_internal": 1,
      "halstead_bugprop": 2.769366796564349,
      "halstead_difficulty": 48.57142857142857,
      "halstead_effort": 403536.3046422337,
      "halstead_timerequired": 22418.683591235207,
      "halstead_volume": 8308.100389693047,
      "loc": 1,
      "operands_sum": 510,
      "operands_uniq": 147,
      "operators_sum": 605,
      "operators_uniq": 28
    },
    "median": {
      "comment_ratio": 21.22404668204641,
      "cyclomatic_complexity": 4,
      "fanout_external": 12,
      "fanout_internal": 1,
      "halstead_bugprop": 2.769366796564349,
      "halstead_difficulty": 48.57142857142857,
      "halstead_effort": 403536.3046422337,
      "halstead_timerequired": 22418.683591235207,
      "halstead_volume": 8308.100389693047,
      "loc": 1,
      "operands_sum": 510,
      "operands_uniq": 147,
      "operators_sum": 605,
      "operators_uniq": 28
    },
    "min": {
      "comment_ratio": 21.22404668204641,
      "cyclomatic_complexity": 4,
      "fanout_external": 12,
      "fanout_internal": 1,
      "halstead_bugprop": 2.769366796564349,
      "halstead_difficulty": 48.57142857142857,
      "halstead_effort": 403536.3046422337,
      "halstead_timerequired": 22418.683591235207,
      "halstead_volume": 8308.100389693047,
      "loc": 1,
      "operands_sum": 510,
      "operands_uniq": 147,
      "operators_sum": 605,
      "operators_uniq": 28
    }
  }
}
