{
  "files": {
    "/Users/lorraynereis/Documents/PUC /Engenharia de Sofware/7 Peri\u0301odo/TCC 1/plf-es-2022-2-tcci-5308100-pes-lorrayne-reis/Instrumentos/Codigos/Collect-repositories/Repositories/Cloned-repositories/VoxFormer/projects/mmdet3d_plugin/datasets/semantic_kitti_dataset_stage2.py": {
      "comment_ratio": 23.242924528301888,
      "cyclomatic_complexity": 15,
      "fanout_external": 20,
      "fanout_internal": 1,
      "halstead_bugprop": 7.271320029447067,
      "halstead_difficulty": 103.72602739726027,
      "halstead_effort": 2262675.4217660218,
      "halstead_timerequired": 125704.19009811232,
      "halstead_volume": 21813.960088341202,
      "lang": [
        "Python"
      ],
      "loc": 1,
      "operands_sum": 1262,
      "operands_uniq": 292,
      "operators_sum": 1332,
      "operators_uniq": 48
    }
  },
  "overall": {
    "comment_ratio": 23.242924528301888,
    "cyclomatic_complexity": 15,
    "fanout_external": 20,
    "fanout_internal": 1,
    "halstead_bugprop": 7.271320029447067,
    "halstead_difficulty": 103.72602739726027,
    "halstead_effort": 2262675.4217660218,
    "halstead_timerequired": 125704.19009811232,
    "halstead_volume": 21813.960088341202,
    "loc": 1,
    "maintainability_index": 100,
    "operands_sum": 1262,
    "operands_uniq": 292,
    "operators_sum": 1332,
    "operators_uniq": 48,
    "pylint": 100.0,
    "tiobe": 83.89999999999999,
    "tiobe_compiler": 100.0,
    "tiobe_complexity": 2.0,
    "tiobe_coverage": 100.0,
    "tiobe_duplication": 100.0,
    "tiobe_fanout": 72.0,
    "tiobe_functional": 100.0,
    "tiobe_security": 100.0,
    "tiobe_standard": 100.0
  },
  "stats": {
    "max": {
      "comment_ratio": 23.242924528301888,
      "cyclomatic_complexity": 15,
      "fanout_external": 20,
      "fanout_internal": 1,
      "halstead_bugprop": 7.271320029447067,
      "halstead_difficulty": 103.72602739726027,
      "halstead_effort": 2262675.4217660218,
      "halstead_timerequired": 125704.19009811232,
      "halstead_volume": 21813.960088341202,
      "loc": 1,
      "operands_sum": 1262,
      "operands_uniq": 292,
      "operators_sum": 1332,
      "operators_uniq": 48
    },
    "mean": {
      "comment_ratio": 23.242924528301888,
      "cyclomatic_complexity": 15,
      "fanout_external": 20,
      "fanout_internal": 1,
      "halstead_bugprop": 7.271320029447067,
      "halstead_difficulty": 103.72602739726027,
      "halstead_effort": 2262675.4217660218,
      "halstead_timerequired": 125704.19009811232,
      "halstead_volume": 21813.960088341202,
      "loc": 1,
      "operands_sum": 1262,
      "operands_uniq": 292,
      "operators_sum": 1332,
      "operators_uniq": 48
    },
    "median": {
      "comment_ratio": 23.242924528301888,
      "cyclomatic_complexity": 15,
      "fanout_external": 20,
      "fanout_internal": 1,
      "halstead_bugprop": 7.271320029447067,
      "halstead_difficulty": 103.72602739726027,
      "halstead_effort": 2262675.4217660218,
      "halstead_timerequired": 125704.19009811232,
      "halstead_volume": 21813.960088341202,
      "loc": 1,
      "operands_sum": 1262,
      "operands_uniq": 292,
      "operators_sum": 1332,
      "operators_uniq": 48
    },
    "min": {
      "comment_ratio": 23.242924528301888,
      "cyclomatic_complexity": 15,
      "fanout_external": 20,
      "fanout_internal": 1,
      "halstead_bugprop": 7.271320029447067,
      "halstead_difficulty": 103.72602739726027,
      "halstead_effort": 2262675.4217660218,
      "halstead_timerequired": 125704.19009811232,
      "halstead_volume": 21813.960088341202,
      "loc": 1,
      "operands_sum": 1262,
      "operands_uniq": 292,
      "operators_sum": 1332,
      "operators_uniq": 48
    }
  }
}
