{
  "files": {
    "/Users/lorraynereis/Documents/PUC /Engenharia de Sofware/7 Peri\u0301odo/TCC 1/plf-es-2022-2-tcci-5308100-pes-lorrayne-reis/Instrumentos/Codigos/Collect-repositories/Repositories/Cloned-repositories/pylot/pylot/drivers/sensor_setup.py": {
      "comment_ratio": 56.42499263188918,
      "cyclomatic_complexity": 0,
      "fanout_external": 4,
      "fanout_internal": 1,
      "halstead_bugprop": 4.005417714510631,
      "halstead_difficulty": 167.24519230769232,
      "halstead_effort": 2009660.5678079037,
      "halstead_timerequired": 111647.80932266131,
      "halstead_volume": 12016.253143531892,
      "lang": [
        "Python"
      ],
      "loc": 10,
      "operands_sum": 809,
      "operands_uniq": 104,
      "operators_sum": 860,
      "operators_uniq": 43
    }
  },
  "overall": {
    "comment_ratio": 56.42499263188918,
    "cyclomatic_complexity": 0,
    "fanout_external": 4,
    "fanout_internal": 1,
    "halstead_bugprop": 4.005417714510631,
    "halstead_difficulty": 167.24519230769232,
    "halstead_effort": 2009660.5678079037,
    "halstead_timerequired": 111647.80932266131,
    "halstead_volume": 12016.253143531892,
    "loc": 10,
    "maintainability_index": 84.84924120036548,
    "operands_sum": 809,
    "operands_uniq": 104,
    "operators_sum": 860,
    "operators_uniq": 43,
    "pylint": 100.0,
    "tiobe": 99.76923076923077,
    "tiobe_compiler": 100.0,
    "tiobe_complexity": 98.46153846153847,
    "tiobe_coverage": 100.0,
    "tiobe_duplication": 100.0,
    "tiobe_fanout": 100.0,
    "tiobe_functional": 100.0,
    "tiobe_security": 100.0,
    "tiobe_standard": 100.0
  },
  "stats": {
    "max": {
      "comment_ratio": 56.42499263188918,
      "cyclomatic_complexity": 0,
      "fanout_external": 4,
      "fanout_internal": 1,
      "halstead_bugprop": 4.005417714510631,
      "halstead_difficulty": 167.24519230769232,
      "halstead_effort": 2009660.5678079037,
      "halstead_timerequired": 111647.80932266131,
      "halstead_volume": 12016.253143531892,
      "loc": 10,
      "operands_sum": 809,
      "operands_uniq": 104,
      "operators_sum": 860,
      "operators_uniq": 43
    },
    "mean": {
      "comment_ratio": 56.42499263188918,
      "cyclomatic_complexity": 0,
      "fanout_external": 4,
      "fanout_internal": 1,
      "halstead_bugprop": 4.005417714510631,
      "halstead_difficulty": 167.24519230769232,
      "halstead_effort": 2009660.5678079037,
      "halstead_timerequired": 111647.80932266131,
      "halstead_volume": 12016.253143531892,
      "loc": 10,
      "operands_sum": 809,
      "operands_uniq": 104,
      "operators_sum": 860,
      "operators_uniq": 43
    },
    "median": {
      "comment_ratio": 56.42499263188918,
      "cyclomatic_complexity": 0,
      "fanout_external": 4,
      "fanout_internal": 1,
      "halstead_bugprop": 4.005417714510631,
      "halstead_difficulty": 167.24519230769232,
      "halstead_effort": 2009660.5678079037,
      "halstead_timerequired": 111647.80932266131,
      "halstead_volume": 12016.253143531892,
      "loc": 10,
      "operands_sum": 809,
      "operands_uniq": 104,
      "operators_sum": 860,
      "operators_uniq": 43
    },
    "min": {
      "comment_ratio": 56.42499263188918,
      "cyclomatic_complexity": 0,
      "fanout_external": 4,
      "fanout_internal": 1,
      "halstead_bugprop": 4.005417714510631,
      "halstead_difficulty": 167.24519230769232,
      "halstead_effort": 2009660.5678079037,
      "halstead_timerequired": 111647.80932266131,
      "halstead_volume": 12016.253143531892,
      "loc": 10,
      "operands_sum": 809,
      "operands_uniq": 104,
      "operators_sum": 860,
      "operators_uniq": 43
    }
  }
}
