{
  "files": {
    "/Users/lorraynereis/Documents/PUC /Engenharia de Sofware/7 Peri\u0301odo/TCC 1/plf-es-2022-2-tcci-5308100-pes-lorrayne-reis/Instrumentos/Codigos/Collect-repositories/Repositories/Cloned-repositories/pylot/scripts/sign_data_gatherer.py": {
      "comment_ratio": 6.322511974454497,
      "cyclomatic_complexity": 39,
      "fanout_external": 23,
      "fanout_internal": 1,
      "halstead_bugprop": 6.1047160335469925,
      "halstead_difficulty": 96.30396475770925,
      "halstead_effort": 1763725.0732515967,
      "halstead_timerequired": 97984.72629175537,
      "halstead_volume": 18314.148100640978,
      "lang": [
        "Python"
      ],
      "loc": 8,
      "operands_sum": 1041,
      "operands_uniq": 227,
      "operators_sum": 1228,
      "operators_uniq": 42
    }
  },
  "overall": {
    "comment_ratio": 6.322511974454497,
    "cyclomatic_complexity": 39,
    "fanout_external": 23,
    "fanout_internal": 1,
    "halstead_bugprop": 6.1047160335469925,
    "halstead_difficulty": 96.30396475770925,
    "halstead_effort": 1763725.0732515967,
    "halstead_timerequired": 97984.72629175537,
    "halstead_volume": 18314.148100640978,
    "loc": 8,
    "maintainability_index": 77.30281539081275,
    "operands_sum": 1041,
    "operands_uniq": 227,
    "operators_sum": 1228,
    "operators_uniq": 42,
    "pylint": 100.0,
    "tiobe": 83.31660210293303,
    "tiobe_compiler": 100.0,
    "tiobe_complexity": 0.11068068622025456,
    "tiobe_coverage": 100.0,
    "tiobe_duplication": 100.0,
    "tiobe_fanout": 66.0,
    "tiobe_functional": 100.0,
    "tiobe_security": 100.0,
    "tiobe_standard": 100.0
  },
  "stats": {
    "max": {
      "comment_ratio": 6.322511974454497,
      "cyclomatic_complexity": 39,
      "fanout_external": 23,
      "fanout_internal": 1,
      "halstead_bugprop": 6.1047160335469925,
      "halstead_difficulty": 96.30396475770925,
      "halstead_effort": 1763725.0732515967,
      "halstead_timerequired": 97984.72629175537,
      "halstead_volume": 18314.148100640978,
      "loc": 8,
      "operands_sum": 1041,
      "operands_uniq": 227,
      "operators_sum": 1228,
      "operators_uniq": 42
    },
    "mean": {
      "comment_ratio": 6.322511974454497,
      "cyclomatic_complexity": 39,
      "fanout_external": 23,
      "fanout_internal": 1,
      "halstead_bugprop": 6.1047160335469925,
      "halstead_difficulty": 96.30396475770925,
      "halstead_effort": 1763725.0732515967,
      "halstead_timerequired": 97984.72629175537,
      "halstead_volume": 18314.148100640978,
      "loc": 8,
      "operands_sum": 1041,
      "operands_uniq": 227,
      "operators_sum": 1228,
      "operators_uniq": 42
    },
    "median": {
      "comment_ratio": 6.322511974454497,
      "cyclomatic_complexity": 39,
      "fanout_external": 23,
      "fanout_internal": 1,
      "halstead_bugprop": 6.1047160335469925,
      "halstead_difficulty": 96.30396475770925,
      "halstead_effort": 1763725.0732515967,
      "halstead_timerequired": 97984.72629175537,
      "halstead_volume": 18314.148100640978,
      "loc": 8,
      "operands_sum": 1041,
      "operands_uniq": 227,
      "operators_sum": 1228,
      "operators_uniq": 42
    },
    "min": {
      "comment_ratio": 6.322511974454497,
      "cyclomatic_complexity": 39,
      "fanout_external": 23,
      "fanout_internal": 1,
      "halstead_bugprop": 6.1047160335469925,
      "halstead_difficulty": 96.30396475770925,
      "halstead_effort": 1763725.0732515967,
      "halstead_timerequired": 97984.72629175537,
      "halstead_volume": 18314.148100640978,
      "loc": 8,
      "operands_sum": 1041,
      "operands_uniq": 227,
      "operators_sum": 1228,
      "operators_uniq": 42
    }
  }
}
