{
  "files": {
    "/Users/lorraynereis/Documents/PUC /Engenharia de Sofware/7 Peri\u0301odo/TCC 1/plf-es-2022-2-tcci-5308100-pes-lorrayne-reis/Instrumentos/Codigos/Collect-repositories/Repositories/Cloned-repositories/PythonRobotics/Mapping/rectangle_fitting/simulator.py": {
      "comment_ratio": 2.8279654359780046,
      "cyclomatic_complexity": 11,
      "fanout_external": 11,
      "fanout_internal": 1,
      "halstead_bugprop": 2.0908643443344106,
      "halstead_difficulty": 63.1551724137931,
      "halstead_effort": 396146.69448087655,
      "halstead_timerequired": 22008.14969338203,
      "halstead_volume": 6272.593033003232,
      "lang": [
        "Python"
      ],
      "loc": 1,
      "operands_sum": 407,
      "operands_uniq": 87,
      "operators_sum": 511,
      "operators_uniq": 27
    }
  },
  "overall": {
    "comment_ratio": 2.8279654359780046,
    "cyclomatic_complexity": 11,
    "fanout_external": 11,
    "fanout_internal": 1,
    "halstead_bugprop": 2.0908643443344106,
    "halstead_difficulty": 63.1551724137931,
    "halstead_effort": 396146.69448087655,
    "halstead_timerequired": 22008.14969338203,
    "halstead_volume": 6272.593033003232,
    "loc": 1,
    "maintainability_index": 100,
    "operands_sum": 407,
    "operands_uniq": 87,
    "operators_sum": 511,
    "operators_uniq": 27,
    "pylint": 100.0,
    "tiobe": 85.25949367088607,
    "tiobe_compiler": 100.0,
    "tiobe_complexity": 5.063291139240507,
    "tiobe_coverage": 100.0,
    "tiobe_duplication": 100.0,
    "tiobe_fanout": 90.0,
    "tiobe_functional": 100.0,
    "tiobe_security": 100.0,
    "tiobe_standard": 100.0
  },
  "stats": {
    "max": {
      "comment_ratio": 2.8279654359780046,
      "cyclomatic_complexity": 11,
      "fanout_external": 11,
      "fanout_internal": 1,
      "halstead_bugprop": 2.0908643443344106,
      "halstead_difficulty": 63.1551724137931,
      "halstead_effort": 396146.69448087655,
      "halstead_timerequired": 22008.14969338203,
      "halstead_volume": 6272.593033003232,
      "loc": 1,
      "operands_sum": 407,
      "operands_uniq": 87,
      "operators_sum": 511,
      "operators_uniq": 27
    },
    "mean": {
      "comment_ratio": 2.8279654359780046,
      "cyclomatic_complexity": 11,
      "fanout_external": 11,
      "fanout_internal": 1,
      "halstead_bugprop": 2.0908643443344106,
      "halstead_difficulty": 63.1551724137931,
      "halstead_effort": 396146.69448087655,
      "halstead_timerequired": 22008.14969338203,
      "halstead_volume": 6272.593033003232,
      "loc": 1,
      "operands_sum": 407,
      "operands_uniq": 87,
      "operators_sum": 511,
      "operators_uniq": 27
    },
    "median": {
      "comment_ratio": 2.8279654359780046,
      "cyclomatic_complexity": 11,
      "fanout_external": 11,
      "fanout_internal": 1,
      "halstead_bugprop": 2.0908643443344106,
      "halstead_difficulty": 63.1551724137931,
      "halstead_effort": 396146.69448087655,
      "halstead_timerequired": 22008.14969338203,
      "halstead_volume": 6272.593033003232,
      "loc": 1,
      "operands_sum": 407,
      "operands_uniq": 87,
      "operators_sum": 511,
      "operators_uniq": 27
    },
    "min": {
      "comment_ratio": 2.8279654359780046,
      "cyclomatic_complexity": 11,
      "fanout_external": 11,
      "fanout_internal": 1,
      "halstead_bugprop": 2.0908643443344106,
      "halstead_difficulty": 63.1551724137931,
      "halstead_effort": 396146.69448087655,
      "halstead_timerequired": 22008.14969338203,
      "halstead_volume": 6272.593033003232,
      "loc": 1,
      "operands_sum": 407,
      "operands_uniq": 87,
      "operators_sum": 511,
      "operators_uniq": 27
    }
  }
}
