{
  "files": {
    "/Users/lorraynereis/Documents/PUC /Engenharia de Sofware/7 Peri\u0301odo/TCC 1/plf-es-2022-2-tcci-5308100-pes-lorrayne-reis/Instrumentos/Codigos/Collect-repositories/Repositories/Cloned-repositories/l5kit/l5kit/l5kit/tests/sampling/slicing_test.py": {
      "comment_ratio": 22.679045092838198,
      "cyclomatic_complexity": 0,
      "fanout_external": 3,
      "fanout_internal": 1,
      "halstead_bugprop": 0.4744628105241262,
      "halstead_difficulty": 32.89473684210526,
      "halstead_effort": 46821.98788067034,
      "halstead_timerequired": 2601.2215489261303,
      "halstead_volume": 1423.3884315723785,
      "lang": [
        "Python"
      ],
      "loc": 1,
      "operands_sum": 125,
      "operands_uniq": 19,
      "operators_sum": 168,
      "operators_uniq": 10
    }
  },
  "overall": {
    "comment_ratio": 22.679045092838198,
    "cyclomatic_complexity": 0,
    "fanout_external": 3,
    "fanout_internal": 1,
    "halstead_bugprop": 0.4744628105241262,
    "halstead_difficulty": 32.89473684210526,
    "halstead_effort": 46821.98788067034,
    "halstead_timerequired": 2601.2215489261303,
    "halstead_volume": 1423.3884315723785,
    "loc": 1,
    "maintainability_index": 100,
    "operands_sum": 125,
    "operands_uniq": 19,
    "operators_sum": 168,
    "operators_uniq": 10,
    "pylint": 100.0,
    "tiobe": 99.76923076923077,
    "tiobe_compiler": 100.0,
    "tiobe_complexity": 98.46153846153847,
    "tiobe_coverage": 100.0,
    "tiobe_duplication": 100.0,
    "tiobe_fanout": 100.0,
    "tiobe_functional": 100.0,
    "tiobe_security": 100.0,
    "tiobe_standard": 100.0
  },
  "stats": {
    "max": {
      "comment_ratio": 22.679045092838198,
      "cyclomatic_complexity": 0,
      "fanout_external": 3,
      "fanout_internal": 1,
      "halstead_bugprop": 0.4744628105241262,
      "halstead_difficulty": 32.89473684210526,
      "halstead_effort": 46821.98788067034,
      "halstead_timerequired": 2601.2215489261303,
      "halstead_volume": 1423.3884315723785,
      "loc": 1,
      "operands_sum": 125,
      "operands_uniq": 19,
      "operators_sum": 168,
      "operators_uniq": 10
    },
    "mean": {
      "comment_ratio": 22.679045092838198,
      "cyclomatic_complexity": 0,
      "fanout_external": 3,
      "fanout_internal": 1,
      "halstead_bugprop": 0.4744628105241262,
      "halstead_difficulty": 32.89473684210526,
      "halstead_effort": 46821.98788067034,
      "halstead_timerequired": 2601.2215489261303,
      "halstead_volume": 1423.3884315723785,
      "loc": 1,
      "operands_sum": 125,
      "operands_uniq": 19,
      "operators_sum": 168,
      "operators_uniq": 10
    },
    "median": {
      "comment_ratio": 22.679045092838198,
      "cyclomatic_complexity": 0,
      "fanout_external": 3,
      "fanout_internal": 1,
      "halstead_bugprop": 0.4744628105241262,
      "halstead_difficulty": 32.89473684210526,
      "halstead_effort": 46821.98788067034,
      "halstead_timerequired": 2601.2215489261303,
      "halstead_volume": 1423.3884315723785,
      "loc": 1,
      "operands_sum": 125,
      "operands_uniq": 19,
      "operators_sum": 168,
      "operators_uniq": 10
    },
    "min": {
      "comment_ratio": 22.679045092838198,
      "cyclomatic_complexity": 0,
      "fanout_external": 3,
      "fanout_internal": 1,
      "halstead_bugprop": 0.4744628105241262,
      "halstead_difficulty": 32.89473684210526,
      "halstead_effort": 46821.98788067034,
      "halstead_timerequired": 2601.2215489261303,
      "halstead_volume": 1423.3884315723785,
      "loc": 1,
      "operands_sum": 125,
      "operands_uniq": 19,
      "operators_sum": 168,
      "operators_uniq": 10
    }
  }
}
