{
  "files": {
    "/Users/lorraynereis/Documents/PUC /Engenharia de Sofware/7 Peri\u0301odo/TCC 1/plf-es-2022-2-tcci-5308100-pes-lorrayne-reis/Instrumentos/Codigos/Collect-repositories/Repositories/Cloned-repositories/l5kit/l5kit/l5kit/sampling/slicing.py": {
      "comment_ratio": 62.968515742128936,
      "cyclomatic_complexity": 7,
      "fanout_external": 0,
      "fanout_internal": 0,
      "halstead_bugprop": 0.2633031948698416,
      "halstead_difficulty": 29.05263157894737,
      "halstead_effort": 22948.95214233988,
      "halstead_timerequired": 1274.941785685549,
      "halstead_volume": 789.9095846095248,
      "lang": [
        "Python"
      ],
      "loc": 1,
      "operands_sum": 69,
      "operands_uniq": 19,
      "operators_sum": 85,
      "operators_uniq": 16
    }
  },
  "overall": {
    "comment_ratio": 62.968515742128936,
    "cyclomatic_complexity": 7,
    "fanout_external": 0,
    "fanout_internal": 0,
    "halstead_bugprop": 0.2633031948698416,
    "halstead_difficulty": 29.05263157894737,
    "halstead_effort": 22948.95214233988,
    "halstead_timerequired": 1274.941785685549,
    "halstead_volume": 789.9095846095248,
    "loc": 1,
    "maintainability_index": 100,
    "operands_sum": 69,
    "operands_uniq": 19,
    "operators_sum": 85,
    "operators_uniq": 16,
    "pylint": 100.0,
    "tiobe": 87.72727272727272,
    "tiobe_compiler": 100.0,
    "tiobe_complexity": 18.181818181818183,
    "tiobe_coverage": 100.0,
    "tiobe_duplication": 100.0,
    "tiobe_fanout": 100.0,
    "tiobe_functional": 100.0,
    "tiobe_security": 100.0,
    "tiobe_standard": 100.0
  },
  "stats": {
    "max": {
      "comment_ratio": 62.968515742128936,
      "cyclomatic_complexity": 7,
      "fanout_external": 0,
      "fanout_internal": 0,
      "halstead_bugprop": 0.2633031948698416,
      "halstead_difficulty": 29.05263157894737,
      "halstead_effort": 22948.95214233988,
      "halstead_timerequired": 1274.941785685549,
      "halstead_volume": 789.9095846095248,
      "loc": 1,
      "operands_sum": 69,
      "operands_uniq": 19,
      "operators_sum": 85,
      "operators_uniq": 16
    },
    "mean": {
      "comment_ratio": 62.968515742128936,
      "cyclomatic_complexity": 7,
      "fanout_external": 0,
      "fanout_internal": 0,
      "halstead_bugprop": 0.2633031948698416,
      "halstead_difficulty": 29.05263157894737,
      "halstead_effort": 22948.95214233988,
      "halstead_timerequired": 1274.941785685549,
      "halstead_volume": 789.9095846095248,
      "loc": 1,
      "operands_sum": 69,
      "operands_uniq": 19,
      "operators_sum": 85,
      "operators_uniq": 16
    },
    "median": {
      "comment_ratio": 62.968515742128936,
      "cyclomatic_complexity": 7,
      "fanout_external": 0,
      "fanout_internal": 0,
      "halstead_bugprop": 0.2633031948698416,
      "halstead_difficulty": 29.05263157894737,
      "halstead_effort": 22948.95214233988,
      "halstead_timerequired": 1274.941785685549,
      "halstead_volume": 789.9095846095248,
      "loc": 1,
      "operands_sum": 69,
      "operands_uniq": 19,
      "operators_sum": 85,
      "operators_uniq": 16
    },
    "min": {
      "comment_ratio": 62.968515742128936,
      "cyclomatic_complexity": 7,
      "fanout_external": 0,
      "fanout_internal": 0,
      "halstead_bugprop": 0.2633031948698416,
      "halstead_difficulty": 29.05263157894737,
      "halstead_effort": 22948.95214233988,
      "halstead_timerequired": 1274.941785685549,
      "halstead_volume": 789.9095846095248,
      "loc": 1,
      "operands_sum": 69,
      "operands_uniq": 19,
      "operators_sum": 85,
      "operators_uniq": 16
    }
  }
}
