{
  "files": {
    "/Users/lorraynereis/Documents/PUC /Engenharia de Sofware/7 Peri\u0301odo/TCC 1/plf-es-2022-2-tcci-5308100-pes-lorrayne-reis/Instrumentos/Codigos/Collect-repositories/Repositories/Cloned-repositories/PythonRobotics/PathPlanning/RRT/sobol/sobol.py": {
      "comment_ratio": 63.05360241073875,
      "cyclomatic_complexity": 28,
      "fanout_external": 4,
      "fanout_internal": 0,
      "halstead_bugprop": 4.7864005909441545,
      "halstead_difficulty": 96.41970802919708,
      "halstead_effort": 1384510.0424688351,
      "halstead_timerequired": 76917.22458160196,
      "halstead_volume": 14359.201772832463,
      "lang": [
        "Python"
      ],
      "loc": 1,
      "operands_sum": 911,
      "operands_uniq": 137,
      "operators_sum": 1036,
      "operators_uniq": 29
    }
  },
  "overall": {
    "comment_ratio": 63.05360241073875,
    "cyclomatic_complexity": 28,
    "fanout_external": 4,
    "fanout_internal": 0,
    "halstead_bugprop": 4.7864005909441545,
    "halstead_difficulty": 96.41970802919708,
    "halstead_effort": 1384510.0424688351,
    "halstead_timerequired": 76917.22458160196,
    "halstead_volume": 14359.201772832463,
    "loc": 1,
    "maintainability_index": 100,
    "operands_sum": 911,
    "operands_uniq": 137,
    "operators_sum": 1036,
    "operators_uniq": 29,
    "pylint": 100.0,
    "tiobe": 85.0452723414289,
    "tiobe_compiler": 100.0,
    "tiobe_complexity": 0.3018156095260552,
    "tiobe_coverage": 100.0,
    "tiobe_duplication": 100.0,
    "tiobe_fanout": 100.0,
    "tiobe_functional": 100.0,
    "tiobe_security": 100.0,
    "tiobe_standard": 100.0
  },
  "stats": {
    "max": {
      "comment_ratio": 63.05360241073875,
      "cyclomatic_complexity": 28,
      "fanout_external": 4,
      "fanout_internal": 0,
      "halstead_bugprop": 4.7864005909441545,
      "halstead_difficulty": 96.41970802919708,
      "halstead_effort": 1384510.0424688351,
      "halstead_timerequired": 76917.22458160196,
      "halstead_volume": 14359.201772832463,
      "loc": 1,
      "operands_sum": 911,
      "operands_uniq": 137,
      "operators_sum": 1036,
      "operators_uniq": 29
    },
    "mean": {
      "comment_ratio": 63.05360241073875,
      "cyclomatic_complexity": 28,
      "fanout_external": 4,
      "fanout_internal": 0,
      "halstead_bugprop": 4.7864005909441545,
      "halstead_difficulty": 96.41970802919708,
      "halstead_effort": 1384510.0424688351,
      "halstead_timerequired": 76917.22458160196,
      "halstead_volume": 14359.201772832463,
      "loc": 1,
      "operands_sum": 911,
      "operands_uniq": 137,
      "operators_sum": 1036,
      "operators_uniq": 29
    },
    "median": {
      "comment_ratio": 63.05360241073875,
      "cyclomatic_complexity": 28,
      "fanout_external": 4,
      "fanout_internal": 0,
      "halstead_bugprop": 4.7864005909441545,
      "halstead_difficulty": 96.41970802919708,
      "halstead_effort": 1384510.0424688351,
      "halstead_timerequired": 76917.22458160196,
      "halstead_volume": 14359.201772832463,
      "loc": 1,
      "operands_sum": 911,
      "operands_uniq": 137,
      "operators_sum": 1036,
      "operators_uniq": 29
    },
    "min": {
      "comment_ratio": 63.05360241073875,
      "cyclomatic_complexity": 28,
      "fanout_external": 4,
      "fanout_internal": 0,
      "halstead_bugprop": 4.7864005909441545,
      "halstead_difficulty": 96.41970802919708,
      "halstead_effort": 1384510.0424688351,
      "halstead_timerequired": 76917.22458160196,
      "halstead_volume": 14359.201772832463,
      "loc": 1,
      "operands_sum": 911,
      "operands_uniq": 137,
      "operators_sum": 1036,
      "operators_uniq": 29
    }
  }
}
