{
  "files": {
    "/Users/lorraynereis/Documents/PUC /Engenharia de Sofware/7 Peri\u0301odo/TCC 1/plf-es-2022-2-tcci-5308100-pes-lorrayne-reis/Instrumentos/Codigos/Collect-repositories/Repositories/Cloned-repositories/pylot/pylot/perception/tracking/sort_tracker.py": {
      "comment_ratio": 21.180148495506057,
      "cyclomatic_complexity": 5,
      "fanout_external": 10,
      "fanout_internal": 1,
      "halstead_bugprop": 0.6149713960334783,
      "halstead_difficulty": 20.296296296296298,
      "halstead_effort": 37444.925002927346,
      "halstead_timerequired": 2080.2736112737416,
      "halstead_volume": 1844.9141881004348,
      "lang": [
        "Python"
      ],
      "loc": 1,
      "operands_sum": 137,
      "operands_uniq": 54,
      "operators_sum": 164,
      "operators_uniq": 16
    }
  },
  "overall": {
    "comment_ratio": 21.180148495506057,
    "cyclomatic_complexity": 5,
    "fanout_external": 10,
    "fanout_internal": 1,
    "halstead_bugprop": 0.6149713960334783,
    "halstead_difficulty": 20.296296296296298,
    "halstead_effort": 37444.925002927346,
    "halstead_timerequired": 2080.2736112737416,
    "halstead_volume": 1844.9141881004348,
    "loc": 1,
    "maintainability_index": 100,
    "operands_sum": 137,
    "operands_uniq": 54,
    "operators_sum": 164,
    "operators_uniq": 16,
    "pylint": 100.0,
    "tiobe": 90.6,
    "tiobe_compiler": 100.0,
    "tiobe_complexity": 40.0,
    "tiobe_coverage": 100.0,
    "tiobe_duplication": 100.0,
    "tiobe_fanout": 92.0,
    "tiobe_functional": 100.0,
    "tiobe_security": 100.0,
    "tiobe_standard": 100.0
  },
  "stats": {
    "max": {
      "comment_ratio": 21.180148495506057,
      "cyclomatic_complexity": 5,
      "fanout_external": 10,
      "fanout_internal": 1,
      "halstead_bugprop": 0.6149713960334783,
      "halstead_difficulty": 20.296296296296298,
      "halstead_effort": 37444.925002927346,
      "halstead_timerequired": 2080.2736112737416,
      "halstead_volume": 1844.9141881004348,
      "loc": 1,
      "operands_sum": 137,
      "operands_uniq": 54,
      "operators_sum": 164,
      "operators_uniq": 16
    },
    "mean": {
      "comment_ratio": 21.180148495506057,
      "cyclomatic_complexity": 5,
      "fanout_external": 10,
      "fanout_internal": 1,
      "halstead_bugprop": 0.6149713960334783,
      "halstead_difficulty": 20.296296296296298,
      "halstead_effort": 37444.925002927346,
      "halstead_timerequired": 2080.2736112737416,
      "halstead_volume": 1844.9141881004348,
      "loc": 1,
      "operands_sum": 137,
      "operands_uniq": 54,
      "operators_sum": 164,
      "operators_uniq": 16
    },
    "median": {
      "comment_ratio": 21.180148495506057,
      "cyclomatic_complexity": 5,
      "fanout_external": 10,
      "fanout_internal": 1,
      "halstead_bugprop": 0.6149713960334783,
      "halstead_difficulty": 20.296296296296298,
      "halstead_effort": 37444.925002927346,
      "halstead_timerequired": 2080.2736112737416,
      "halstead_volume": 1844.9141881004348,
      "loc": 1,
      "operands_sum": 137,
      "operands_uniq": 54,
      "operators_sum": 164,
      "operators_uniq": 16
    },
    "min": {
      "comment_ratio": 21.180148495506057,
      "cyclomatic_complexity": 5,
      "fanout_external": 10,
      "fanout_internal": 1,
      "halstead_bugprop": 0.6149713960334783,
      "halstead_difficulty": 20.296296296296298,
      "halstead_effort": 37444.925002927346,
      "halstead_timerequired": 2080.2736112737416,
      "halstead_volume": 1844.9141881004348,
      "loc": 1,
      "operands_sum": 137,
      "operands_uniq": 54,
      "operators_sum": 164,
      "operators_uniq": 16
    }
  }
}
