{
  "files": {
    "/Users/lorraynereis/Documents/PUC /Engenharia de Sofware/7 Peri\u0301odo/TCC 1/plf-es-2022-2-tcci-5308100-pes-lorrayne-reis/Instrumentos/Codigos/Collect-repositories/Repositories/Cloned-repositories/CVPR2023-3D-Occupancy-Prediction/projects/mmdet3d_plugin/bevformer/modules/spatial_cross_attention.py": {
      "comment_ratio": 35.15168698610717,
      "cyclomatic_complexity": 26,
      "fanout_external": 20,
      "fanout_internal": 1,
      "halstead_bugprop": 4.143234302959805,
      "halstead_difficulty": 75.03821656050955,
      "halstead_effort": 932702.7386592892,
      "halstead_timerequired": 51816.818814404956,
      "halstead_volume": 12429.702908879417,
      "lang": [
        "Python"
      ],
      "loc": 2,
      "operands_sum": 714,
      "operands_uniq": 157,
      "operators_sum": 928,
      "operators_uniq": 33
    }
  },
  "overall": {
    "comment_ratio": 35.15168698610717,
    "cyclomatic_complexity": 26,
    "fanout_external": 20,
    "fanout_internal": 1,
    "halstead_bugprop": 4.143234302959805,
    "halstead_difficulty": 75.03821656050955,
    "halstead_effort": 932702.7386592892,
    "halstead_timerequired": 51816.818814404956,
    "halstead_volume": 12429.702908879417,
    "loc": 2,
    "maintainability_index": 100,
    "operands_sum": 714,
    "operands_uniq": 157,
    "operators_sum": 928,
    "operators_uniq": 33,
    "pylint": 100.0,
    "tiobe": 83.65667394769466,
    "tiobe_compiler": 100.0,
    "tiobe_complexity": 0.3778263179644607,
    "tiobe_coverage": 100.0,
    "tiobe_duplication": 100.0,
    "tiobe_fanout": 72.0,
    "tiobe_functional": 100.0,
    "tiobe_security": 100.0,
    "tiobe_standard": 100.0
  },
  "stats": {
    "max": {
      "comment_ratio": 35.15168698610717,
      "cyclomatic_complexity": 26,
      "fanout_external": 20,
      "fanout_internal": 1,
      "halstead_bugprop": 4.143234302959805,
      "halstead_difficulty": 75.03821656050955,
      "halstead_effort": 932702.7386592892,
      "halstead_timerequired": 51816.818814404956,
      "halstead_volume": 12429.702908879417,
      "loc": 2,
      "operands_sum": 714,
      "operands_uniq": 157,
      "operators_sum": 928,
      "operators_uniq": 33
    },
    "mean": {
      "comment_ratio": 35.15168698610717,
      "cyclomatic_complexity": 26,
      "fanout_external": 20,
      "fanout_internal": 1,
      "halstead_bugprop": 4.143234302959805,
      "halstead_difficulty": 75.03821656050955,
      "halstead_effort": 932702.7386592892,
      "halstead_timerequired": 51816.818814404956,
      "halstead_volume": 12429.702908879417,
      "loc": 2,
      "operands_sum": 714,
      "operands_uniq": 157,
      "operators_sum": 928,
      "operators_uniq": 33
    },
    "median": {
      "comment_ratio": 35.15168698610717,
      "cyclomatic_complexity": 26,
      "fanout_external": 20,
      "fanout_internal": 1,
      "halstead_bugprop": 4.143234302959805,
      "halstead_difficulty": 75.03821656050955,
      "halstead_effort": 932702.7386592892,
      "halstead_timerequired": 51816.818814404956,
      "halstead_volume": 12429.702908879417,
      "loc": 2,
      "operands_sum": 714,
      "operands_uniq": 157,
      "operators_sum": 928,
      "operators_uniq": 33
    },
    "min": {
      "comment_ratio": 35.15168698610717,
      "cyclomatic_complexity": 26,
      "fanout_external": 20,
      "fanout_internal": 1,
      "halstead_bugprop": 4.143234302959805,
      "halstead_difficulty": 75.03821656050955,
      "halstead_effort": 932702.7386592892,
      "halstead_timerequired": 51816.818814404956,
      "halstead_volume": 12429.702908879417,
      "loc": 2,
      "operands_sum": 714,
      "operands_uniq": 157,
      "operators_sum": 928,
      "operators_uniq": 33
    }
  }
}
