{
  "files": {
    "/Users/lorraynereis/Documents/PUC /Engenharia de Sofware/7 Peri\u0301odo/TCC 1/plf-es-2022-2-tcci-5308100-pes-lorrayne-reis/Instrumentos/Codigos/Collect-repositories/Repositories/Cloned-repositories/Cam2BEV/model/architecture/third_party/spatial_transformer.py": {
      "comment_ratio": 16.870254209310005,
      "cyclomatic_complexity": 0,
      "fanout_external": 7,
      "fanout_internal": 1,
      "halstead_bugprop": 4.370724434453992,
      "halstead_difficulty": 69.47852760736197,
      "halstead_effort": 911014.4948501495,
      "halstead_timerequired": 50611.91638056386,
      "halstead_volume": 13112.173303361975,
      "lang": [
        "Python"
      ],
      "loc": 1,
      "operands_sum": 755,
      "operands_uniq": 163,
      "operators_sum": 972,
      "operators_uniq": 30
    }
  },
  "overall": {
    "comment_ratio": 16.870254209310005,
    "cyclomatic_complexity": 0,
    "fanout_external": 7,
    "fanout_internal": 1,
    "halstead_bugprop": 4.370724434453992,
    "halstead_difficulty": 69.47852760736197,
    "halstead_effort": 911014.4948501495,
    "halstead_timerequired": 50611.91638056386,
    "halstead_volume": 13112.173303361975,
    "loc": 1,
    "maintainability_index": 100,
    "operands_sum": 755,
    "operands_uniq": 163,
    "operators_sum": 972,
    "operators_uniq": 30,
    "pylint": 100.0,
    "tiobe": 99.66923076923078,
    "tiobe_compiler": 100.0,
    "tiobe_complexity": 98.46153846153847,
    "tiobe_coverage": 100.0,
    "tiobe_duplication": 100.0,
    "tiobe_fanout": 98.0,
    "tiobe_functional": 100.0,
    "tiobe_security": 100.0,
    "tiobe_standard": 100.0
  },
  "stats": {
    "max": {
      "comment_ratio": 16.870254209310005,
      "cyclomatic_complexity": 0,
      "fanout_external": 7,
      "fanout_internal": 1,
      "halstead_bugprop": 4.370724434453992,
      "halstead_difficulty": 69.47852760736197,
      "halstead_effort": 911014.4948501495,
      "halstead_timerequired": 50611.91638056386,
      "halstead_volume": 13112.173303361975,
      "loc": 1,
      "operands_sum": 755,
      "operands_uniq": 163,
      "operators_sum": 972,
      "operators_uniq": 30
    },
    "mean": {
      "comment_ratio": 16.870254209310005,
      "cyclomatic_complexity": 0,
      "fanout_external": 7,
      "fanout_internal": 1,
      "halstead_bugprop": 4.370724434453992,
      "halstead_difficulty": 69.47852760736197,
      "halstead_effort": 911014.4948501495,
      "halstead_timerequired": 50611.91638056386,
      "halstead_volume": 13112.173303361975,
      "loc": 1,
      "operands_sum": 755,
      "operands_uniq": 163,
      "operators_sum": 972,
      "operators_uniq": 30
    },
    "median": {
      "comment_ratio": 16.870254209310005,
      "cyclomatic_complexity": 0,
      "fanout_external": 7,
      "fanout_internal": 1,
      "halstead_bugprop": 4.370724434453992,
      "halstead_difficulty": 69.47852760736197,
      "halstead_effort": 911014.4948501495,
      "halstead_timerequired": 50611.91638056386,
      "halstead_volume": 13112.173303361975,
      "loc": 1,
      "operands_sum": 755,
      "operands_uniq": 163,
      "operators_sum": 972,
      "operators_uniq": 30
    },
    "min": {
      "comment_ratio": 16.870254209310005,
      "cyclomatic_complexity": 0,
      "fanout_external": 7,
      "fanout_internal": 1,
      "halstead_bugprop": 4.370724434453992,
      "halstead_difficulty": 69.47852760736197,
      "halstead_effort": 911014.4948501495,
      "halstead_timerequired": 50611.91638056386,
      "halstead_volume": 13112.173303361975,
      "loc": 1,
      "operands_sum": 755,
      "operands_uniq": 163,
      "operators_sum": 972,
      "operators_uniq": 30
    }
  }
}
