{
  "files": {
    "/Users/lorraynereis/Documents/PUC /Engenharia de Sofware/7 Peri\u0301odo/TCC 1/plf-es-2022-2-tcci-5308100-pes-lorrayne-reis/Instrumentos/Codigos/Collect-repositories/Repositories/Cloned-repositories/Ultra-Fast-Lane-Detection/speed_real.py": {
      "comment_ratio": 21.123853211009173,
      "cyclomatic_complexity": 9,
      "fanout_external": 10,
      "fanout_internal": 1,
      "halstead_bugprop": 1.6823412036866348,
      "halstead_difficulty": 35.88888888888889,
      "halstead_effort": 181132.0695969277,
      "halstead_timerequired": 10062.892755384872,
      "halstead_volume": 5047.023611059904,
      "lang": [
        "Python"
      ],
      "loc": 1,
      "operands_sum": 342,
      "operands_uniq": 81,
      "operators_sum": 421,
      "operators_uniq": 17
    }
  },
  "overall": {
    "comment_ratio": 21.123853211009173,
    "cyclomatic_complexity": 9,
    "fanout_external": 10,
    "fanout_internal": 1,
    "halstead_bugprop": 1.6823412036866348,
    "halstead_difficulty": 35.88888888888889,
    "halstead_effort": 181132.0695969277,
    "halstead_timerequired": 10062.892755384872,
    "halstead_volume": 5047.023611059904,
    "loc": 1,
    "maintainability_index": 100,
    "operands_sum": 342,
    "operands_uniq": 81,
    "operators_sum": 421,
    "operators_uniq": 17,
    "pylint": 100.0,
    "tiobe": 85.96363636363637,
    "tiobe_compiler": 100.0,
    "tiobe_complexity": 9.090909090909092,
    "tiobe_coverage": 100.0,
    "tiobe_duplication": 100.0,
    "tiobe_fanout": 92.0,
    "tiobe_functional": 100.0,
    "tiobe_security": 100.0,
    "tiobe_standard": 100.0
  },
  "stats": {
    "max": {
      "comment_ratio": 21.123853211009173,
      "cyclomatic_complexity": 9,
      "fanout_external": 10,
      "fanout_internal": 1,
      "halstead_bugprop": 1.6823412036866348,
      "halstead_difficulty": 35.88888888888889,
      "halstead_effort": 181132.0695969277,
      "halstead_timerequired": 10062.892755384872,
      "halstead_volume": 5047.023611059904,
      "loc": 1,
      "operands_sum": 342,
      "operands_uniq": 81,
      "operators_sum": 421,
      "operators_uniq": 17
    },
    "mean": {
      "comment_ratio": 21.123853211009173,
      "cyclomatic_complexity": 9,
      "fanout_external": 10,
      "fanout_internal": 1,
      "halstead_bugprop": 1.6823412036866348,
      "halstead_difficulty": 35.88888888888889,
      "halstead_effort": 181132.0695969277,
      "halstead_timerequired": 10062.892755384872,
      "halstead_volume": 5047.023611059904,
      "loc": 1,
      "operands_sum": 342,
      "operands_uniq": 81,
      "operators_sum": 421,
      "operators_uniq": 17
    },
    "median": {
      "comment_ratio": 21.123853211009173,
      "cyclomatic_complexity": 9,
      "fanout_external": 10,
      "fanout_internal": 1,
      "halstead_bugprop": 1.6823412036866348,
      "halstead_difficulty": 35.88888888888889,
      "halstead_effort": 181132.0695969277,
      "halstead_timerequired": 10062.892755384872,
      "halstead_volume": 5047.023611059904,
      "loc": 1,
      "operands_sum": 342,
      "operands_uniq": 81,
      "operators_sum": 421,
      "operators_uniq": 17
    },
    "min": {
      "comment_ratio": 21.123853211009173,
      "cyclomatic_complexity": 9,
      "fanout_external": 10,
      "fanout_internal": 1,
      "halstead_bugprop": 1.6823412036866348,
      "halstead_difficulty": 35.88888888888889,
      "halstead_effort": 181132.0695969277,
      "halstead_timerequired": 10062.892755384872,
      "halstead_volume": 5047.023611059904,
      "loc": 1,
      "operands_sum": 342,
      "operands_uniq": 81,
      "operators_sum": 421,
      "operators_uniq": 17
    }
  }
}
