{
  "files": {
    "/Users/lorraynereis/Documents/PUC /Engenharia de Sofware/7 Peri\u0301odo/TCC 1/plf-es-2022-2-tcci-5308100-pes-lorrayne-reis/Instrumentos/Codigos/Collect-repositories/Repositories/Cloned-repositories/Ultra-Fast-Lane-Detection/speed_simple.py": {
      "comment_ratio": 17.559153175591533,
      "cyclomatic_complexity": 4,
      "fanout_external": 5,
      "fanout_internal": 1,
      "halstead_bugprop": 0.33512686071788417,
      "halstead_difficulty": 13.028571428571428,
      "halstead_effort": 13098.672727487587,
      "halstead_timerequired": 727.704040415977,
      "halstead_volume": 1005.3805821536524,
      "lang": [
        "Python"
      ],
      "loc": 1,
      "operands_sum": 76,
      "operands_uniq": 35,
      "operators_sum": 105,
      "operators_uniq": 12
    }
  },
  "overall": {
    "comment_ratio": 17.559153175591533,
    "cyclomatic_complexity": 4,
    "fanout_external": 5,
    "fanout_internal": 1,
    "halstead_bugprop": 0.33512686071788417,
    "halstead_difficulty": 13.028571428571428,
    "halstead_effort": 13098.672727487587,
    "halstead_timerequired": 727.704040415977,
    "halstead_volume": 1005.3805821536524,
    "loc": 1,
    "maintainability_index": 100,
    "operands_sum": 76,
    "operands_uniq": 35,
    "operators_sum": 105,
    "operators_uniq": 12,
    "pylint": 100.0,
    "tiobe": 93.80733944954129,
    "tiobe_compiler": 100.0,
    "tiobe_complexity": 58.71559633027523,
    "tiobe_coverage": 100.0,
    "tiobe_duplication": 100.0,
    "tiobe_fanout": 100.0,
    "tiobe_functional": 100.0,
    "tiobe_security": 100.0,
    "tiobe_standard": 100.0
  },
  "stats": {
    "max": {
      "comment_ratio": 17.559153175591533,
      "cyclomatic_complexity": 4,
      "fanout_external": 5,
      "fanout_internal": 1,
      "halstead_bugprop": 0.33512686071788417,
      "halstead_difficulty": 13.028571428571428,
      "halstead_effort": 13098.672727487587,
      "halstead_timerequired": 727.704040415977,
      "halstead_volume": 1005.3805821536524,
      "loc": 1,
      "operands_sum": 76,
      "operands_uniq": 35,
      "operators_sum": 105,
      "operators_uniq": 12
    },
    "mean": {
      "comment_ratio": 17.559153175591533,
      "cyclomatic_complexity": 4,
      "fanout_external": 5,
      "fanout_internal": 1,
      "halstead_bugprop": 0.33512686071788417,
      "halstead_difficulty": 13.028571428571428,
      "halstead_effort": 13098.672727487587,
      "halstead_timerequired": 727.704040415977,
      "halstead_volume": 1005.3805821536524,
      "loc": 1,
      "operands_sum": 76,
      "operands_uniq": 35,
      "operators_sum": 105,
      "operators_uniq": 12
    },
    "median": {
      "comment_ratio": 17.559153175591533,
      "cyclomatic_complexity": 4,
      "fanout_external": 5,
      "fanout_internal": 1,
      "halstead_bugprop": 0.33512686071788417,
      "halstead_difficulty": 13.028571428571428,
      "halstead_effort": 13098.672727487587,
      "halstead_timerequired": 727.704040415977,
      "halstead_volume": 1005.3805821536524,
      "loc": 1,
      "operands_sum": 76,
      "operands_uniq": 35,
      "operators_sum": 105,
      "operators_uniq": 12
    },
    "min": {
      "comment_ratio": 17.559153175591533,
      "cyclomatic_complexity": 4,
      "fanout_external": 5,
      "fanout_internal": 1,
      "halstead_bugprop": 0.33512686071788417,
      "halstead_difficulty": 13.028571428571428,
      "halstead_effort": 13098.672727487587,
      "halstead_timerequired": 727.704040415977,
      "halstead_volume": 1005.3805821536524,
      "loc": 1,
      "operands_sum": 76,
      "operands_uniq": 35,
      "operators_sum": 105,
      "operators_uniq": 12
    }
  }
}
