{
  "files": {
    "/Users/lorraynereis/Documents/PUC /Engenharia de Sofware/7 Peri\u0301odo/TCC 1/plf-es-2022-2-tcci-5308100-pes-lorrayne-reis/Instrumentos/Codigos/Collect-repositories/Repositories/Cloned-repositories/pylot/pylot/perception/detection/speed_limit_sign.py": {
      "comment_ratio": 35.49689440993789,
      "cyclomatic_complexity": 0,
      "fanout_external": 6,
      "fanout_internal": 1,
      "halstead_bugprop": 0.5369815912200274,
      "halstead_difficulty": 29.210526315789473,
      "halstead_effort": 47056.54470428135,
      "halstead_timerequired": 2614.252483571186,
      "halstead_volume": 1610.9447736600823,
      "lang": [
        "Python"
      ],
      "loc": 2,
      "operands_sum": 111,
      "operands_uniq": 38,
      "operators_sum": 164,
      "operators_uniq": 20
    }
  },
  "overall": {
    "comment_ratio": 35.49689440993789,
    "cyclomatic_complexity": 0,
    "fanout_external": 6,
    "fanout_internal": 1,
    "halstead_bugprop": 0.5369815912200274,
    "halstead_difficulty": 29.210526315789473,
    "halstead_effort": 47056.54470428135,
    "halstead_timerequired": 2614.252483571186,
    "halstead_volume": 1610.9447736600823,
    "loc": 2,
    "maintainability_index": 100,
    "operands_sum": 111,
    "operands_uniq": 38,
    "operators_sum": 164,
    "operators_uniq": 20,
    "pylint": 100.0,
    "tiobe": 99.76923076923077,
    "tiobe_compiler": 100.0,
    "tiobe_complexity": 98.46153846153847,
    "tiobe_coverage": 100.0,
    "tiobe_duplication": 100.0,
    "tiobe_fanout": 100.0,
    "tiobe_functional": 100.0,
    "tiobe_security": 100.0,
    "tiobe_standard": 100.0
  },
  "stats": {
    "max": {
      "comment_ratio": 35.49689440993789,
      "cyclomatic_complexity": 0,
      "fanout_external": 6,
      "fanout_internal": 1,
      "halstead_bugprop": 0.5369815912200274,
      "halstead_difficulty": 29.210526315789473,
      "halstead_effort": 47056.54470428135,
      "halstead_timerequired": 2614.252483571186,
      "halstead_volume": 1610.9447736600823,
      "loc": 2,
      "operands_sum": 111,
      "operands_uniq": 38,
      "operators_sum": 164,
      "operators_uniq": 20
    },
    "mean": {
      "comment_ratio": 35.49689440993789,
      "cyclomatic_complexity": 0,
      "fanout_external": 6,
      "fanout_internal": 1,
      "halstead_bugprop": 0.5369815912200274,
      "halstead_difficulty": 29.210526315789473,
      "halstead_effort": 47056.54470428135,
      "halstead_timerequired": 2614.252483571186,
      "halstead_volume": 1610.9447736600823,
      "loc": 2,
      "operands_sum": 111,
      "operands_uniq": 38,
      "operators_sum": 164,
      "operators_uniq": 20
    },
    "median": {
      "comment_ratio": 35.49689440993789,
      "cyclomatic_complexity": 0,
      "fanout_external": 6,
      "fanout_internal": 1,
      "halstead_bugprop": 0.5369815912200274,
      "halstead_difficulty": 29.210526315789473,
      "halstead_effort": 47056.54470428135,
      "halstead_timerequired": 2614.252483571186,
      "halstead_volume": 1610.9447736600823,
      "loc": 2,
      "operands_sum": 111,
      "operands_uniq": 38,
      "operators_sum": 164,
      "operators_uniq": 20
    },
    "min": {
      "comment_ratio": 35.49689440993789,
      "cyclomatic_complexity": 0,
      "fanout_external": 6,
      "fanout_internal": 1,
      "halstead_bugprop": 0.5369815912200274,
      "halstead_difficulty": 29.210526315789473,
      "halstead_effort": 47056.54470428135,
      "halstead_timerequired": 2614.252483571186,
      "halstead_volume": 1610.9447736600823,
      "loc": 2,
      "operands_sum": 111,
      "operands_uniq": 38,
      "operators_sum": 164,
      "operators_uniq": 20
    }
  }
}
