{
  "files": {
    "/Users/lorraynereis/Documents/PUC /Engenharia de Sofware/7 Peri\u0301odo/TCC 1/plf-es-2022-2-tcci-5308100-pes-lorrayne-reis/Instrumentos/Codigos/Collect-repositories/Repositories/Cloned-repositories/PythonRobotics/PathPlanning/SpiralSpanningTreeCPP/spiral_spanning_tree_coverage_path_planner.py": {
      "comment_ratio": 11.53562200073828,
      "cyclomatic_complexity": 41,
      "fanout_external": 8,
      "fanout_internal": 1,
      "halstead_bugprop": 4.704963080561301,
      "halstead_difficulty": 121.74568965517241,
      "halstead_effort": 1718426.9251351804,
      "halstead_timerequired": 95468.16250751002,
      "halstead_volume": 14114.889241683903,
      "lang": [
        "Python"
      ],
      "loc": 1,
      "operands_sum": 807,
      "operands_uniq": 116,
      "operators_sum": 1143,
      "operators_uniq": 35
    }
  },
  "overall": {
    "comment_ratio": 11.53562200073828,
    "cyclomatic_complexity": 41,
    "fanout_external": 8,
    "fanout_internal": 1,
    "halstead_bugprop": 4.704963080561301,
    "halstead_difficulty": 121.74568965517241,
    "halstead_effort": 1718426.9251351804,
    "halstead_timerequired": 95468.16250751002,
    "halstead_volume": 14114.889241683903,
    "loc": 1,
    "maintainability_index": 100,
    "operands_sum": 807,
    "operands_uniq": 116,
    "operators_sum": 1143,
    "operators_uniq": 35,
    "pylint": 100.0,
    "tiobe": 84.81427212178876,
    "tiobe_compiler": 100.0,
    "tiobe_complexity": 0.09514747859181731,
    "tiobe_coverage": 100.0,
    "tiobe_duplication": 100.0,
    "tiobe_fanout": 96.0,
    "tiobe_functional": 100.0,
    "tiobe_security": 100.0,
    "tiobe_standard": 100.0
  },
  "stats": {
    "max": {
      "comment_ratio": 11.53562200073828,
      "cyclomatic_complexity": 41,
      "fanout_external": 8,
      "fanout_internal": 1,
      "halstead_bugprop": 4.704963080561301,
      "halstead_difficulty": 121.74568965517241,
      "halstead_effort": 1718426.9251351804,
      "halstead_timerequired": 95468.16250751002,
      "halstead_volume": 14114.889241683903,
      "loc": 1,
      "operands_sum": 807,
      "operands_uniq": 116,
      "operators_sum": 1143,
      "operators_uniq": 35
    },
    "mean": {
      "comment_ratio": 11.53562200073828,
      "cyclomatic_complexity": 41,
      "fanout_external": 8,
      "fanout_internal": 1,
      "halstead_bugprop": 4.704963080561301,
      "halstead_difficulty": 121.74568965517241,
      "halstead_effort": 1718426.9251351804,
      "halstead_timerequired": 95468.16250751002,
      "halstead_volume": 14114.889241683903,
      "loc": 1,
      "operands_sum": 807,
      "operands_uniq": 116,
      "operators_sum": 1143,
      "operators_uniq": 35
    },
    "median": {
      "comment_ratio": 11.53562200073828,
      "cyclomatic_complexity": 41,
      "fanout_external": 8,
      "fanout_internal": 1,
      "halstead_bugprop": 4.704963080561301,
      "halstead_difficulty": 121.74568965517241,
      "halstead_effort": 1718426.9251351804,
      "halstead_timerequired": 95468.16250751002,
      "halstead_volume": 14114.889241683903,
      "loc": 1,
      "operands_sum": 807,
      "operands_uniq": 116,
      "operators_sum": 1143,
      "operators_uniq": 35
    },
    "min": {
      "comment_ratio": 11.53562200073828,
      "cyclomatic_complexity": 41,
      "fanout_external": 8,
      "fanout_internal": 1,
      "halstead_bugprop": 4.704963080561301,
      "halstead_difficulty": 121.74568965517241,
      "halstead_effort": 1718426.9251351804,
      "halstead_timerequired": 95468.16250751002,
      "halstead_volume": 14114.889241683903,
      "loc": 1,
      "operands_sum": 807,
      "operands_uniq": 116,
      "operators_sum": 1143,
      "operators_uniq": 35
    }
  }
}
