{
  "files": {
    "/Users/lorraynereis/Documents/PUC /Engenharia de Sofware/7 Peri\u0301odo/TCC 1/plf-es-2022-2-tcci-5308100-pes-lorrayne-reis/Instrumentos/Codigos/Collect-repositories/Repositories/Cloned-repositories/SqueezeSeg/src/nets/squeezeSeg.py": {
      "comment_ratio": 14.256066411238825,
      "cyclomatic_complexity": 0,
      "fanout_external": 10,
      "fanout_internal": 0,
      "halstead_bugprop": 2.57037440104031,
      "halstead_difficulty": 41.55140186915888,
      "halstead_effort": 320407.97907547344,
      "halstead_timerequired": 17800.443281970747,
      "halstead_volume": 7711.12320312093,
      "lang": [
        "Python"
      ],
      "loc": 2,
      "operands_sum": 494,
      "operands_uniq": 107,
      "operators_sum": 613,
      "operators_uniq": 18
    }
  },
  "overall": {
    "comment_ratio": 14.256066411238825,
    "cyclomatic_complexity": 0,
    "fanout_external": 10,
    "fanout_internal": 0,
    "halstead_bugprop": 2.57037440104031,
    "halstead_difficulty": 41.55140186915888,
    "halstead_effort": 320407.97907547344,
    "halstead_timerequired": 17800.443281970747,
    "halstead_volume": 7711.12320312093,
    "loc": 2,
    "maintainability_index": 100,
    "operands_sum": 494,
    "operands_uniq": 107,
    "operators_sum": 613,
    "operators_uniq": 18,
    "pylint": 100.0,
    "tiobe": 99.76923076923077,
    "tiobe_compiler": 100.0,
    "tiobe_complexity": 98.46153846153847,
    "tiobe_coverage": 100.0,
    "tiobe_duplication": 100.0,
    "tiobe_fanout": 100.0,
    "tiobe_functional": 100.0,
    "tiobe_security": 100.0,
    "tiobe_standard": 100.0
  },
  "stats": {
    "max": {
      "comment_ratio": 14.256066411238825,
      "cyclomatic_complexity": 0,
      "fanout_external": 10,
      "fanout_internal": 0,
      "halstead_bugprop": 2.57037440104031,
      "halstead_difficulty": 41.55140186915888,
      "halstead_effort": 320407.97907547344,
      "halstead_timerequired": 17800.443281970747,
      "halstead_volume": 7711.12320312093,
      "loc": 2,
      "operands_sum": 494,
      "operands_uniq": 107,
      "operators_sum": 613,
      "operators_uniq": 18
    },
    "mean": {
      "comment_ratio": 14.256066411238825,
      "cyclomatic_complexity": 0,
      "fanout_external": 10,
      "fanout_internal": 0,
      "halstead_bugprop": 2.57037440104031,
      "halstead_difficulty": 41.55140186915888,
      "halstead_effort": 320407.97907547344,
      "halstead_timerequired": 17800.443281970747,
      "halstead_volume": 7711.12320312093,
      "loc": 2,
      "operands_sum": 494,
      "operands_uniq": 107,
      "operators_sum": 613,
      "operators_uniq": 18
    },
    "median": {
      "comment_ratio": 14.256066411238825,
      "cyclomatic_complexity": 0,
      "fanout_external": 10,
      "fanout_internal": 0,
      "halstead_bugprop": 2.57037440104031,
      "halstead_difficulty": 41.55140186915888,
      "halstead_effort": 320407.97907547344,
      "halstead_timerequired": 17800.443281970747,
      "halstead_volume": 7711.12320312093,
      "loc": 2,
      "operands_sum": 494,
      "operands_uniq": 107,
      "operators_sum": 613,
      "operators_uniq": 18
    },
    "min": {
      "comment_ratio": 14.256066411238825,
      "cyclomatic_complexity": 0,
      "fanout_external": 10,
      "fanout_internal": 0,
      "halstead_bugprop": 2.57037440104031,
      "halstead_difficulty": 41.55140186915888,
      "halstead_effort": 320407.97907547344,
      "halstead_timerequired": 17800.443281970747,
      "halstead_volume": 7711.12320312093,
      "loc": 2,
      "operands_sum": 494,
      "operands_uniq": 107,
      "operators_sum": 613,
      "operators_uniq": 18
    }
  }
}
