{
  "files": {
    "/Users/lorraynereis/Documents/PUC /Engenharia de Sofware/7 Peri\u0301odo/TCC 1/plf-es-2022-2-tcci-5308100-pes-lorrayne-reis/Instrumentos/Codigos/Collect-repositories/Repositories/Cloned-repositories/VoxFormer/projects/mmdet3d_plugin/voxformer/utils/ssc_metric.py": {
      "comment_ratio": 9.85430463576159,
      "cyclomatic_complexity": 14,
      "fanout_external": 4,
      "fanout_internal": 1,
      "halstead_bugprop": 3.5221970596792267,
      "halstead_difficulty": 120.90816326530613,
      "halstead_effort": 1277587.1314328313,
      "halstead_timerequired": 70977.06285737951,
      "halstead_volume": 10566.59117903768,
      "lang": [
        "Python"
      ],
      "loc": 1,
      "operands_sum": 697,
      "operands_uniq": 98,
      "operators_sum": 803,
      "operators_uniq": 34
    }
  },
  "overall": {
    "comment_ratio": 9.85430463576159,
    "cyclomatic_complexity": 14,
    "fanout_external": 4,
    "fanout_internal": 1,
    "halstead_bugprop": 3.5221970596792267,
    "halstead_difficulty": 120.90816326530613,
    "halstead_effort": 1277587.1314328313,
    "halstead_timerequired": 70977.06285737951,
    "halstead_volume": 10566.59117903768,
    "loc": 1,
    "maintainability_index": 100,
    "operands_sum": 697,
    "operands_uniq": 98,
    "operators_sum": 803,
    "operators_uniq": 34,
    "pylint": 100.0,
    "tiobe": 85.36937283570603,
    "tiobe_compiler": 100.0,
    "tiobe_complexity": 2.4624855713736054,
    "tiobe_coverage": 100.0,
    "tiobe_duplication": 100.0,
    "tiobe_fanout": 100.0,
    "tiobe_functional": 100.0,
    "tiobe_security": 100.0,
    "tiobe_standard": 100.0
  },
  "stats": {
    "max": {
      "comment_ratio": 9.85430463576159,
      "cyclomatic_complexity": 14,
      "fanout_external": 4,
      "fanout_internal": 1,
      "halstead_bugprop": 3.5221970596792267,
      "halstead_difficulty": 120.90816326530613,
      "halstead_effort": 1277587.1314328313,
      "halstead_timerequired": 70977.06285737951,
      "halstead_volume": 10566.59117903768,
      "loc": 1,
      "operands_sum": 697,
      "operands_uniq": 98,
      "operators_sum": 803,
      "operators_uniq": 34
    },
    "mean": {
      "comment_ratio": 9.85430463576159,
      "cyclomatic_complexity": 14,
      "fanout_external": 4,
      "fanout_internal": 1,
      "halstead_bugprop": 3.5221970596792267,
      "halstead_difficulty": 120.90816326530613,
      "halstead_effort": 1277587.1314328313,
      "halstead_timerequired": 70977.06285737951,
      "halstead_volume": 10566.59117903768,
      "loc": 1,
      "operands_sum": 697,
      "operands_uniq": 98,
      "operators_sum": 803,
      "operators_uniq": 34
    },
    "median": {
      "comment_ratio": 9.85430463576159,
      "cyclomatic_complexity": 14,
      "fanout_external": 4,
      "fanout_internal": 1,
      "halstead_bugprop": 3.5221970596792267,
      "halstead_difficulty": 120.90816326530613,
      "halstead_effort": 1277587.1314328313,
      "halstead_timerequired": 70977.06285737951,
      "halstead_volume": 10566.59117903768,
      "loc": 1,
      "operands_sum": 697,
      "operands_uniq": 98,
      "operators_sum": 803,
      "operators_uniq": 34
    },
    "min": {
      "comment_ratio": 9.85430463576159,
      "cyclomatic_complexity": 14,
      "fanout_external": 4,
      "fanout_internal": 1,
      "halstead_bugprop": 3.5221970596792267,
      "halstead_difficulty": 120.90816326530613,
      "halstead_effort": 1277587.1314328313,
      "halstead_timerequired": 70977.06285737951,
      "halstead_volume": 10566.59117903768,
      "loc": 1,
      "operands_sum": 697,
      "operands_uniq": 98,
      "operators_sum": 803,
      "operators_uniq": 34
    }
  }
}
