{
  "files": {
    "/Users/lorraynereis/Documents/PUC /Engenharia de Sofware/7 Peri\u0301odo/TCC 1/plf-es-2022-2-tcci-5308100-pes-lorrayne-reis/Instrumentos/Codigos/Collect-repositories/Repositories/Cloned-repositories/MotionPlanning/Control/Stanley.py": {
      "comment_ratio": 17.903348554033485,
      "cyclomatic_complexity": 6,
      "fanout_external": 15,
      "fanout_internal": 1,
      "halstead_bugprop": 2.492398445001662,
      "halstead_difficulty": 46.50349650349651,
      "halstead_effort": 347715.7271173647,
      "halstead_timerequired": 19317.54039540915,
      "halstead_volume": 7477.195335004985,
      "lang": [
        "Python"
      ],
      "loc": 1,
      "operands_sum": 475,
      "operands_uniq": 143,
      "operators_sum": 533,
      "operators_uniq": 28
    }
  },
  "overall": {
    "comment_ratio": 17.903348554033485,
    "cyclomatic_complexity": 6,
    "fanout_external": 15,
    "fanout_internal": 1,
    "halstead_bugprop": 2.492398445001662,
    "halstead_difficulty": 46.50349650349651,
    "halstead_effort": 347715.7271173647,
    "halstead_timerequired": 19317.54039540915,
    "halstead_volume": 7477.195335004985,
    "loc": 1,
    "maintainability_index": 100,
    "operands_sum": 475,
    "operands_uniq": 143,
    "operators_sum": 533,
    "operators_uniq": 28,
    "pylint": 100.0,
    "tiobe": 88.11673640167363,
    "tiobe_compiler": 100.0,
    "tiobe_complexity": 26.778242677824267,
    "tiobe_coverage": 100.0,
    "tiobe_duplication": 100.0,
    "tiobe_fanout": 82.0,
    "tiobe_functional": 100.0,
    "tiobe_security": 100.0,
    "tiobe_standard": 100.0
  },
  "stats": {
    "max": {
      "comment_ratio": 17.903348554033485,
      "cyclomatic_complexity": 6,
      "fanout_external": 15,
      "fanout_internal": 1,
      "halstead_bugprop": 2.492398445001662,
      "halstead_difficulty": 46.50349650349651,
      "halstead_effort": 347715.7271173647,
      "halstead_timerequired": 19317.54039540915,
      "halstead_volume": 7477.195335004985,
      "loc": 1,
      "operands_sum": 475,
      "operands_uniq": 143,
      "operators_sum": 533,
      "operators_uniq": 28
    },
    "mean": {
      "comment_ratio": 17.903348554033485,
      "cyclomatic_complexity": 6,
      "fanout_external": 15,
      "fanout_internal": 1,
      "halstead_bugprop": 2.492398445001662,
      "halstead_difficulty": 46.50349650349651,
      "halstead_effort": 347715.7271173647,
      "halstead_timerequired": 19317.54039540915,
      "halstead_volume": 7477.195335004985,
      "loc": 1,
      "operands_sum": 475,
      "operands_uniq": 143,
      "operators_sum": 533,
      "operators_uniq": 28
    },
    "median": {
      "comment_ratio": 17.903348554033485,
      "cyclomatic_complexity": 6,
      "fanout_external": 15,
      "fanout_internal": 1,
      "halstead_bugprop": 2.492398445001662,
      "halstead_difficulty": 46.50349650349651,
      "halstead_effort": 347715.7271173647,
      "halstead_timerequired": 19317.54039540915,
      "halstead_volume": 7477.195335004985,
      "loc": 1,
      "operands_sum": 475,
      "operands_uniq": 143,
      "operators_sum": 533,
      "operators_uniq": 28
    },
    "min": {
      "comment_ratio": 17.903348554033485,
      "cyclomatic_complexity": 6,
      "fanout_external": 15,
      "fanout_internal": 1,
      "halstead_bugprop": 2.492398445001662,
      "halstead_difficulty": 46.50349650349651,
      "halstead_effort": 347715.7271173647,
      "halstead_timerequired": 19317.54039540915,
      "halstead_volume": 7477.195335004985,
      "loc": 1,
      "operands_sum": 475,
      "operands_uniq": 143,
      "operators_sum": 533,
      "operators_uniq": 28
    }
  }
}
