{
  "files": {
    "/Users/lorraynereis/Documents/PUC /Engenharia de Sofware/7 Peri\u0301odo/TCC 1/plf-es-2022-2-tcci-5308100-pes-lorrayne-reis/Instrumentos/Codigos/Collect-repositories/Repositories/Cloned-repositories/PythonRobotics/PathTracking/stanley_controller/stanley_controller.py": {
      "comment_ratio": 33.07510946446615,
      "cyclomatic_complexity": 9,
      "fanout_external": 9,
      "fanout_internal": 1,
      "halstead_bugprop": 2.304615568566758,
      "halstead_difficulty": 44.083969465648856,
      "halstead_effort": 304789.8070642678,
      "halstead_timerequired": 16932.76705912599,
      "halstead_volume": 6913.8467057002745,
      "lang": [
        "Python"
      ],
      "loc": 1,
      "operands_sum": 462,
      "operands_uniq": 131,
      "operators_sum": 487,
      "operators_uniq": 25
    }
  },
  "overall": {
    "comment_ratio": 33.07510946446615,
    "cyclomatic_complexity": 9,
    "fanout_external": 9,
    "fanout_internal": 1,
    "halstead_bugprop": 2.304615568566758,
    "halstead_difficulty": 44.083969465648856,
    "halstead_effort": 304789.8070642678,
    "halstead_timerequired": 16932.76705912599,
    "halstead_volume": 6913.8467057002745,
    "loc": 1,
    "maintainability_index": 100,
    "operands_sum": 462,
    "operands_uniq": 131,
    "operators_sum": 487,
    "operators_uniq": 25,
    "pylint": 100.0,
    "tiobe": 86.06363636363638,
    "tiobe_compiler": 100.0,
    "tiobe_complexity": 9.090909090909092,
    "tiobe_coverage": 100.0,
    "tiobe_duplication": 100.0,
    "tiobe_fanout": 94.0,
    "tiobe_functional": 100.0,
    "tiobe_security": 100.0,
    "tiobe_standard": 100.0
  },
  "stats": {
    "max": {
      "comment_ratio": 33.07510946446615,
      "cyclomatic_complexity": 9,
      "fanout_external": 9,
      "fanout_internal": 1,
      "halstead_bugprop": 2.304615568566758,
      "halstead_difficulty": 44.083969465648856,
      "halstead_effort": 304789.8070642678,
      "halstead_timerequired": 16932.76705912599,
      "halstead_volume": 6913.8467057002745,
      "loc": 1,
      "operands_sum": 462,
      "operands_uniq": 131,
      "operators_sum": 487,
      "operators_uniq": 25
    },
    "mean": {
      "comment_ratio": 33.07510946446615,
      "cyclomatic_complexity": 9,
      "fanout_external": 9,
      "fanout_internal": 1,
      "halstead_bugprop": 2.304615568566758,
      "halstead_difficulty": 44.083969465648856,
      "halstead_effort": 304789.8070642678,
      "halstead_timerequired": 16932.76705912599,
      "halstead_volume": 6913.8467057002745,
      "loc": 1,
      "operands_sum": 462,
      "operands_uniq": 131,
      "operators_sum": 487,
      "operators_uniq": 25
    },
    "median": {
      "comment_ratio": 33.07510946446615,
      "cyclomatic_complexity": 9,
      "fanout_external": 9,
      "fanout_internal": 1,
      "halstead_bugprop": 2.304615568566758,
      "halstead_difficulty": 44.083969465648856,
      "halstead_effort": 304789.8070642678,
      "halstead_timerequired": 16932.76705912599,
      "halstead_volume": 6913.8467057002745,
      "loc": 1,
      "operands_sum": 462,
      "operands_uniq": 131,
      "operators_sum": 487,
      "operators_uniq": 25
    },
    "min": {
      "comment_ratio": 33.07510946446615,
      "cyclomatic_complexity": 9,
      "fanout_external": 9,
      "fanout_internal": 1,
      "halstead_bugprop": 2.304615568566758,
      "halstead_difficulty": 44.083969465648856,
      "halstead_effort": 304789.8070642678,
      "halstead_timerequired": 16932.76705912599,
      "halstead_volume": 6913.8467057002745,
      "loc": 1,
      "operands_sum": 462,
      "operands_uniq": 131,
      "operators_sum": 487,
      "operators_uniq": 25
    }
  }
}
