{
  "files": {
    "/Users/lorraynereis/Documents/PUC /Engenharia de Sofware/7 Peri\u0301odo/TCC 1/plf-es-2022-2-tcci-5308100-pes-lorrayne-reis/Instrumentos/Codigos/Collect-repositories/Repositories/Cloned-repositories/PythonRobotics/PathPlanning/StateLatticePlanner/state_lattice_planner.py": {
      "comment_ratio": 19.601328903654483,
      "cyclomatic_complexity": 27,
      "fanout_external": 11,
      "fanout_internal": 1,
      "halstead_bugprop": 3.882397561815216,
      "halstead_difficulty": 76.86734693877551,
      "halstead_effort": 895288.801014919,
      "halstead_timerequired": 49738.266723051056,
      "halstead_volume": 11647.192685445647,
      "lang": [
        "Python"
      ],
      "loc": 1,
      "operands_sum": 729,
      "operands_uniq": 147,
      "operators_sum": 829,
      "operators_uniq": 31
    }
  },
  "overall": {
    "comment_ratio": 19.601328903654483,
    "cyclomatic_complexity": 27,
    "fanout_external": 11,
    "fanout_internal": 1,
    "halstead_bugprop": 3.882397561815216,
    "halstead_difficulty": 76.86734693877551,
    "halstead_effort": 895288.801014919,
    "halstead_timerequired": 49738.266723051056,
    "halstead_volume": 11647.192685445647,
    "loc": 1,
    "maintainability_index": 100,
    "operands_sum": 729,
    "operands_uniq": 147,
    "operators_sum": 829,
    "operators_uniq": 31,
    "pylint": 100.0,
    "tiobe": 84.55054759898906,
    "tiobe_compiler": 100.0,
    "tiobe_complexity": 0.33698399326032014,
    "tiobe_coverage": 100.0,
    "tiobe_duplication": 100.0,
    "tiobe_fanout": 90.0,
    "tiobe_functional": 100.0,
    "tiobe_security": 100.0,
    "tiobe_standard": 100.0
  },
  "stats": {
    "max": {
      "comment_ratio": 19.601328903654483,
      "cyclomatic_complexity": 27,
      "fanout_external": 11,
      "fanout_internal": 1,
      "halstead_bugprop": 3.882397561815216,
      "halstead_difficulty": 76.86734693877551,
      "halstead_effort": 895288.801014919,
      "halstead_timerequired": 49738.266723051056,
      "halstead_volume": 11647.192685445647,
      "loc": 1,
      "operands_sum": 729,
      "operands_uniq": 147,
      "operators_sum": 829,
      "operators_uniq": 31
    },
    "mean": {
      "comment_ratio": 19.601328903654483,
      "cyclomatic_complexity": 27,
      "fanout_external": 11,
      "fanout_internal": 1,
      "halstead_bugprop": 3.882397561815216,
      "halstead_difficulty": 76.86734693877551,
      "halstead_effort": 895288.801014919,
      "halstead_timerequired": 49738.266723051056,
      "halstead_volume": 11647.192685445647,
      "loc": 1,
      "operands_sum": 729,
      "operands_uniq": 147,
      "operators_sum": 829,
      "operators_uniq": 31
    },
    "median": {
      "comment_ratio": 19.601328903654483,
      "cyclomatic_complexity": 27,
      "fanout_external": 11,
      "fanout_internal": 1,
      "halstead_bugprop": 3.882397561815216,
      "halstead_difficulty": 76.86734693877551,
      "halstead_effort": 895288.801014919,
      "halstead_timerequired": 49738.266723051056,
      "halstead_volume": 11647.192685445647,
      "loc": 1,
      "operands_sum": 729,
      "operands_uniq": 147,
      "operators_sum": 829,
      "operators_uniq": 31
    },
    "min": {
      "comment_ratio": 19.601328903654483,
      "cyclomatic_complexity": 27,
      "fanout_external": 11,
      "fanout_internal": 1,
      "halstead_bugprop": 3.882397561815216,
      "halstead_difficulty": 76.86734693877551,
      "halstead_effort": 895288.801014919,
      "halstead_timerequired": 49738.266723051056,
      "halstead_volume": 11647.192685445647,
      "loc": 1,
      "operands_sum": 729,
      "operands_uniq": 147,
      "operators_sum": 829,
      "operators_uniq": 31
    }
  }
}
