{
  "files": {
    "/Users/lorraynereis/Documents/PUC /Engenharia de Sofware/7 Peri\u0301odo/TCC 1/plf-es-2022-2-tcci-5308100-pes-lorrayne-reis/Instrumentos/Codigos/Collect-repositories/Repositories/Cloned-repositories/VoxFormer/preprocess/mobilestereonet/models/submodule.py": {
      "comment_ratio": 14.95628163828808,
      "cyclomatic_complexity": 10,
      "fanout_external": 7,
      "fanout_internal": 1,
      "halstead_bugprop": 4.342110426757859,
      "halstead_difficulty": 123.94736842105263,
      "halstead_effort": 1614579.4823707512,
      "halstead_timerequired": 89698.8601317084,
      "halstead_volume": 13026.331280273576,
      "lang": [
        "Python"
      ],
      "loc": 1,
      "operands_sum": 785,
      "operands_uniq": 114,
      "operators_sum": 1017,
      "operators_uniq": 36
    }
  },
  "overall": {
    "comment_ratio": 14.95628163828808,
    "cyclomatic_complexity": 10,
    "fanout_external": 7,
    "fanout_internal": 1,
    "halstead_bugprop": 4.342110426757859,
    "halstead_difficulty": 123.94736842105263,
    "halstead_effort": 1614579.4823707512,
    "halstead_timerequired": 89698.8601317084,
    "halstead_volume": 13026.331280273576,
    "loc": 1,
    "maintainability_index": 100,
    "operands_sum": 785,
    "operands_uniq": 114,
    "operators_sum": 1017,
    "operators_uniq": 36,
    "pylint": 100.0,
    "tiobe": 85.90523560209425,
    "tiobe_compiler": 100.0,
    "tiobe_complexity": 6.701570680628272,
    "tiobe_coverage": 100.0,
    "tiobe_duplication": 100.0,
    "tiobe_fanout": 98.0,
    "tiobe_functional": 100.0,
    "tiobe_security": 100.0,
    "tiobe_standard": 100.0
  },
  "stats": {
    "max": {
      "comment_ratio": 14.95628163828808,
      "cyclomatic_complexity": 10,
      "fanout_external": 7,
      "fanout_internal": 1,
      "halstead_bugprop": 4.342110426757859,
      "halstead_difficulty": 123.94736842105263,
      "halstead_effort": 1614579.4823707512,
      "halstead_timerequired": 89698.8601317084,
      "halstead_volume": 13026.331280273576,
      "loc": 1,
      "operands_sum": 785,
      "operands_uniq": 114,
      "operators_sum": 1017,
      "operators_uniq": 36
    },
    "mean": {
      "comment_ratio": 14.95628163828808,
      "cyclomatic_complexity": 10,
      "fanout_external": 7,
      "fanout_internal": 1,
      "halstead_bugprop": 4.342110426757859,
      "halstead_difficulty": 123.94736842105263,
      "halstead_effort": 1614579.4823707512,
      "halstead_timerequired": 89698.8601317084,
      "halstead_volume": 13026.331280273576,
      "loc": 1,
      "operands_sum": 785,
      "operands_uniq": 114,
      "operators_sum": 1017,
      "operators_uniq": 36
    },
    "median": {
      "comment_ratio": 14.95628163828808,
      "cyclomatic_complexity": 10,
      "fanout_external": 7,
      "fanout_internal": 1,
      "halstead_bugprop": 4.342110426757859,
      "halstead_difficulty": 123.94736842105263,
      "halstead_effort": 1614579.4823707512,
      "halstead_timerequired": 89698.8601317084,
      "halstead_volume": 13026.331280273576,
      "loc": 1,
      "operands_sum": 785,
      "operands_uniq": 114,
      "operators_sum": 1017,
      "operators_uniq": 36
    },
    "min": {
      "comment_ratio": 14.95628163828808,
      "cyclomatic_complexity": 10,
      "fanout_external": 7,
      "fanout_internal": 1,
      "halstead_bugprop": 4.342110426757859,
      "halstead_difficulty": 123.94736842105263,
      "halstead_effort": 1614579.4823707512,
      "halstead_timerequired": 89698.8601317084,
      "halstead_volume": 13026.331280273576,
      "loc": 1,
      "operands_sum": 785,
      "operands_uniq": 114,
      "operators_sum": 1017,
      "operators_uniq": 36
    }
  }
}
