{
  "files": {
    "/Users/lorraynereis/Documents/PUC /Engenharia de Sofware/7 Peri\u0301odo/TCC 1/plf-es-2022-2-tcci-5308100-pes-lorrayne-reis/Instrumentos/Codigos/Collect-repositories/Repositories/Cloned-repositories/CVPR2023-3D-Occupancy-Prediction/projects/configs/_base_/datasets/sunrgbd-3d-10class.py": {
      "comment_ratio": 7.783520826999088,
      "cyclomatic_complexity": 2,
      "fanout_external": 0,
      "fanout_internal": 0,
      "halstead_bugprop": 0.8732821255234083,
      "halstead_difficulty": 12.296296296296296,
      "halstead_effort": 32214.407297085727,
      "halstead_timerequired": 1789.6892942825405,
      "halstead_volume": 2619.846376570225,
      "lang": [
        "Python"
      ],
      "loc": 1,
      "operands_sum": 166,
      "operands_uniq": 54,
      "operators_sum": 274,
      "operators_uniq": 8
    }
  },
  "overall": {
    "comment_ratio": 7.783520826999088,
    "cyclomatic_complexity": 2,
    "fanout_external": 0,
    "fanout_internal": 0,
    "halstead_bugprop": 0.8732821255234083,
    "halstead_difficulty": 12.296296296296296,
    "halstead_effort": 32214.407297085727,
    "halstead_timerequired": 1789.6892942825405,
    "halstead_volume": 2619.846376570225,
    "loc": 1,
    "maintainability_index": 100,
    "operands_sum": 166,
    "operands_uniq": 54,
    "operators_sum": 274,
    "operators_uniq": 8,
    "pylint": 100.0,
    "tiobe": 99.32835820895522,
    "tiobe_compiler": 100.0,
    "tiobe_complexity": 95.5223880597015,
    "tiobe_coverage": 100.0,
    "tiobe_duplication": 100.0,
    "tiobe_fanout": 100.0,
    "tiobe_functional": 100.0,
    "tiobe_security": 100.0,
    "tiobe_standard": 100.0
  },
  "stats": {
    "max": {
      "comment_ratio": 7.783520826999088,
      "cyclomatic_complexity": 2,
      "fanout_external": 0,
      "fanout_internal": 0,
      "halstead_bugprop": 0.8732821255234083,
      "halstead_difficulty": 12.296296296296296,
      "halstead_effort": 32214.407297085727,
      "halstead_timerequired": 1789.6892942825405,
      "halstead_volume": 2619.846376570225,
      "loc": 1,
      "operands_sum": 166,
      "operands_uniq": 54,
      "operators_sum": 274,
      "operators_uniq": 8
    },
    "mean": {
      "comment_ratio": 7.783520826999088,
      "cyclomatic_complexity": 2,
      "fanout_external": 0,
      "fanout_internal": 0,
      "halstead_bugprop": 0.8732821255234083,
      "halstead_difficulty": 12.296296296296296,
      "halstead_effort": 32214.407297085727,
      "halstead_timerequired": 1789.6892942825405,
      "halstead_volume": 2619.846376570225,
      "loc": 1,
      "operands_sum": 166,
      "operands_uniq": 54,
      "operators_sum": 274,
      "operators_uniq": 8
    },
    "median": {
      "comment_ratio": 7.783520826999088,
      "cyclomatic_complexity": 2,
      "fanout_external": 0,
      "fanout_internal": 0,
      "halstead_bugprop": 0.8732821255234083,
      "halstead_difficulty": 12.296296296296296,
      "halstead_effort": 32214.407297085727,
      "halstead_timerequired": 1789.6892942825405,
      "halstead_volume": 2619.846376570225,
      "loc": 1,
      "operands_sum": 166,
      "operands_uniq": 54,
      "operators_sum": 274,
      "operators_uniq": 8
    },
    "min": {
      "comment_ratio": 7.783520826999088,
      "cyclomatic_complexity": 2,
      "fanout_external": 0,
      "fanout_internal": 0,
      "halstead_bugprop": 0.8732821255234083,
      "halstead_difficulty": 12.296296296296296,
      "halstead_effort": 32214.407297085727,
      "halstead_timerequired": 1789.6892942825405,
      "halstead_volume": 2619.846376570225,
      "loc": 1,
      "operands_sum": 166,
      "operands_uniq": 54,
      "operators_sum": 274,
      "operators_uniq": 8
    }
  }
}
