{
  "files": {
    "/Users/lorraynereis/Documents/PUC /Engenharia de Sofware/7 Peri\u0301odo/TCC 1/plf-es-2022-2-tcci-5308100-pes-lorrayne-reis/Instrumentos/Codigos/Collect-repositories/Repositories/Cloned-repositories/CVPR2023-3D-Occupancy-Prediction/projects/mmdet3d_plugin/bevformer/modules/temporal_self_attention.py": {
      "comment_ratio": 31.98856950748025,
      "cyclomatic_complexity": 17,
      "fanout_external": 17,
      "fanout_internal": 1,
      "halstead_bugprop": 2.898116878515266,
      "halstead_difficulty": 60.45564516129032,
      "halstead_effort": 525622.5769303957,
      "halstead_timerequired": 29201.254273910872,
      "halstead_volume": 8694.350635545798,
      "lang": [
        "Python"
      ],
      "loc": 7,
      "operands_sum": 517,
      "operands_uniq": 124,
      "operators_sum": 681,
      "operators_uniq": 29
    }
  },
  "overall": {
    "comment_ratio": 31.98856950748025,
    "cyclomatic_complexity": 17,
    "fanout_external": 17,
    "fanout_internal": 1,
    "halstead_bugprop": 2.898116878515266,
    "halstead_difficulty": 60.45564516129032,
    "halstead_effort": 525622.5769303957,
    "halstead_timerequired": 29201.254273910872,
    "halstead_volume": 8694.350635545798,
    "loc": 7,
    "maintainability_index": 88.40002612957629,
    "operands_sum": 517,
    "operands_uniq": 124,
    "operators_sum": 681,
    "operators_uniq": 29,
    "pylint": 100.0,
    "tiobe": 84.1054794520548,
    "tiobe_compiler": 100.0,
    "tiobe_complexity": 1.36986301369863,
    "tiobe_coverage": 100.0,
    "tiobe_duplication": 100.0,
    "tiobe_fanout": 78.0,
    "tiobe_functional": 100.0,
    "tiobe_security": 100.0,
    "tiobe_standard": 100.0
  },
  "stats": {
    "max": {
      "comment_ratio": 31.98856950748025,
      "cyclomatic_complexity": 17,
      "fanout_external": 17,
      "fanout_internal": 1,
      "halstead_bugprop": 2.898116878515266,
      "halstead_difficulty": 60.45564516129032,
      "halstead_effort": 525622.5769303957,
      "halstead_timerequired": 29201.254273910872,
      "halstead_volume": 8694.350635545798,
      "loc": 7,
      "operands_sum": 517,
      "operands_uniq": 124,
      "operators_sum": 681,
      "operators_uniq": 29
    },
    "mean": {
      "comment_ratio": 31.98856950748025,
      "cyclomatic_complexity": 17,
      "fanout_external": 17,
      "fanout_internal": 1,
      "halstead_bugprop": 2.898116878515266,
      "halstead_difficulty": 60.45564516129032,
      "halstead_effort": 525622.5769303957,
      "halstead_timerequired": 29201.254273910872,
      "halstead_volume": 8694.350635545798,
      "loc": 7,
      "operands_sum": 517,
      "operands_uniq": 124,
      "operators_sum": 681,
      "operators_uniq": 29
    },
    "median": {
      "comment_ratio": 31.98856950748025,
      "cyclomatic_complexity": 17,
      "fanout_external": 17,
      "fanout_internal": 1,
      "halstead_bugprop": 2.898116878515266,
      "halstead_difficulty": 60.45564516129032,
      "halstead_effort": 525622.5769303957,
      "halstead_timerequired": 29201.254273910872,
      "halstead_volume": 8694.350635545798,
      "loc": 7,
      "operands_sum": 517,
      "operands_uniq": 124,
      "operators_sum": 681,
      "operators_uniq": 29
    },
    "min": {
      "comment_ratio": 31.98856950748025,
      "cyclomatic_complexity": 17,
      "fanout_external": 17,
      "fanout_internal": 1,
      "halstead_bugprop": 2.898116878515266,
      "halstead_difficulty": 60.45564516129032,
      "halstead_effort": 525622.5769303957,
      "halstead_timerequired": 29201.254273910872,
      "halstead_volume": 8694.350635545798,
      "loc": 7,
      "operands_sum": 517,
      "operands_uniq": 124,
      "operators_sum": 681,
      "operators_uniq": 29
    }
  }
}
