{
  "files": {
    "/Users/lorraynereis/Documents/PUC /Engenharia de Sofware/7 Peri\u0301odo/TCC 1/plf-es-2022-2-tcci-5308100-pes-lorrayne-reis/Instrumentos/Codigos/Collect-repositories/Repositories/Cloned-repositories/pylot/pylot/control/time_to_decision_operator.py": {
      "comment_ratio": 11.466666666666667,
      "cyclomatic_complexity": 0,
      "fanout_external": 1,
      "fanout_internal": 0,
      "halstead_bugprop": 0.4451646979413988,
      "halstead_difficulty": 24.081081081081084,
      "halstead_effort": 32160.141556685383,
      "halstead_timerequired": 1786.6745309269656,
      "halstead_volume": 1335.4940938241964,
      "lang": [
        "Python"
      ],
      "loc": 1,
      "operands_sum": 99,
      "operands_uniq": 37,
      "operators_sum": 132,
      "operators_uniq": 18
    }
  },
  "overall": {
    "comment_ratio": 11.466666666666667,
    "cyclomatic_complexity": 0,
    "fanout_external": 1,
    "fanout_internal": 0,
    "halstead_bugprop": 0.4451646979413988,
    "halstead_difficulty": 24.081081081081084,
    "halstead_effort": 32160.141556685383,
    "halstead_timerequired": 1786.6745309269656,
    "halstead_volume": 1335.4940938241964,
    "loc": 1,
    "maintainability_index": 100,
    "operands_sum": 99,
    "operands_uniq": 37,
    "operators_sum": 132,
    "operators_uniq": 18,
    "pylint": 100.0,
    "tiobe": 99.76923076923077,
    "tiobe_compiler": 100.0,
    "tiobe_complexity": 98.46153846153847,
    "tiobe_coverage": 100.0,
    "tiobe_duplication": 100.0,
    "tiobe_fanout": 100.0,
    "tiobe_functional": 100.0,
    "tiobe_security": 100.0,
    "tiobe_standard": 100.0
  },
  "stats": {
    "max": {
      "comment_ratio": 11.466666666666667,
      "cyclomatic_complexity": 0,
      "fanout_external": 1,
      "fanout_internal": 0,
      "halstead_bugprop": 0.4451646979413988,
      "halstead_difficulty": 24.081081081081084,
      "halstead_effort": 32160.141556685383,
      "halstead_timerequired": 1786.6745309269656,
      "halstead_volume": 1335.4940938241964,
      "loc": 1,
      "operands_sum": 99,
      "operands_uniq": 37,
      "operators_sum": 132,
      "operators_uniq": 18
    },
    "mean": {
      "comment_ratio": 11.466666666666667,
      "cyclomatic_complexity": 0,
      "fanout_external": 1,
      "fanout_internal": 0,
      "halstead_bugprop": 0.4451646979413988,
      "halstead_difficulty": 24.081081081081084,
      "halstead_effort": 32160.141556685383,
      "halstead_timerequired": 1786.6745309269656,
      "halstead_volume": 1335.4940938241964,
      "loc": 1,
      "operands_sum": 99,
      "operands_uniq": 37,
      "operators_sum": 132,
      "operators_uniq": 18
    },
    "median": {
      "comment_ratio": 11.466666666666667,
      "cyclomatic_complexity": 0,
      "fanout_external": 1,
      "fanout_internal": 0,
      "halstead_bugprop": 0.4451646979413988,
      "halstead_difficulty": 24.081081081081084,
      "halstead_effort": 32160.141556685383,
      "halstead_timerequired": 1786.6745309269656,
      "halstead_volume": 1335.4940938241964,
      "loc": 1,
      "operands_sum": 99,
      "operands_uniq": 37,
      "operators_sum": 132,
      "operators_uniq": 18
    },
    "min": {
      "comment_ratio": 11.466666666666667,
      "cyclomatic_complexity": 0,
      "fanout_external": 1,
      "fanout_internal": 0,
      "halstead_bugprop": 0.4451646979413988,
      "halstead_difficulty": 24.081081081081084,
      "halstead_effort": 32160.141556685383,
      "halstead_timerequired": 1786.6745309269656,
      "halstead_volume": 1335.4940938241964,
      "loc": 1,
      "operands_sum": 99,
      "operands_uniq": 37,
      "operators_sum": 132,
      "operators_uniq": 18
    }
  }
}
