{
  "files": {
    "/Users/lorraynereis/Documents/PUC /Engenharia de Sofware/7 Peri\u0301odo/TCC 1/plf-es-2022-2-tcci-5308100-pes-lorrayne-reis/Instrumentos/Codigos/Collect-repositories/Repositories/Cloned-repositories/RTM3D/src/utils/torch_utils.py": {
      "comment_ratio": 36.1518550474547,
      "cyclomatic_complexity": 0,
      "fanout_external": 3,
      "fanout_internal": 1,
      "halstead_bugprop": 0.25994771322627125,
      "halstead_difficulty": 14.068965517241379,
      "halstead_effort": 10971.586240998484,
      "halstead_timerequired": 609.5325689443603,
      "halstead_volume": 779.8431396788138,
      "lang": [
        "Python"
      ],
      "loc": 1,
      "operands_sum": 51,
      "operands_uniq": 29,
      "operators_sum": 91,
      "operators_uniq": 16
    }
  },
  "overall": {
    "comment_ratio": 36.1518550474547,
    "cyclomatic_complexity": 0,
    "fanout_external": 3,
    "fanout_internal": 1,
    "halstead_bugprop": 0.25994771322627125,
    "halstead_difficulty": 14.068965517241379,
    "halstead_effort": 10971.586240998484,
    "halstead_timerequired": 609.5325689443603,
    "halstead_volume": 779.8431396788138,
    "loc": 1,
    "maintainability_index": 100,
    "operands_sum": 51,
    "operands_uniq": 29,
    "operators_sum": 91,
    "operators_uniq": 16,
    "pylint": 100.0,
    "tiobe": 99.76923076923077,
    "tiobe_compiler": 100.0,
    "tiobe_complexity": 98.46153846153847,
    "tiobe_coverage": 100.0,
    "tiobe_duplication": 100.0,
    "tiobe_fanout": 100.0,
    "tiobe_functional": 100.0,
    "tiobe_security": 100.0,
    "tiobe_standard": 100.0
  },
  "stats": {
    "max": {
      "comment_ratio": 36.1518550474547,
      "cyclomatic_complexity": 0,
      "fanout_external": 3,
      "fanout_internal": 1,
      "halstead_bugprop": 0.25994771322627125,
      "halstead_difficulty": 14.068965517241379,
      "halstead_effort": 10971.586240998484,
      "halstead_timerequired": 609.5325689443603,
      "halstead_volume": 779.8431396788138,
      "loc": 1,
      "operands_sum": 51,
      "operands_uniq": 29,
      "operators_sum": 91,
      "operators_uniq": 16
    },
    "mean": {
      "comment_ratio": 36.1518550474547,
      "cyclomatic_complexity": 0,
      "fanout_external": 3,
      "fanout_internal": 1,
      "halstead_bugprop": 0.25994771322627125,
      "halstead_difficulty": 14.068965517241379,
      "halstead_effort": 10971.586240998484,
      "halstead_timerequired": 609.5325689443603,
      "halstead_volume": 779.8431396788138,
      "loc": 1,
      "operands_sum": 51,
      "operands_uniq": 29,
      "operators_sum": 91,
      "operators_uniq": 16
    },
    "median": {
      "comment_ratio": 36.1518550474547,
      "cyclomatic_complexity": 0,
      "fanout_external": 3,
      "fanout_internal": 1,
      "halstead_bugprop": 0.25994771322627125,
      "halstead_difficulty": 14.068965517241379,
      "halstead_effort": 10971.586240998484,
      "halstead_timerequired": 609.5325689443603,
      "halstead_volume": 779.8431396788138,
      "loc": 1,
      "operands_sum": 51,
      "operands_uniq": 29,
      "operators_sum": 91,
      "operators_uniq": 16
    },
    "min": {
      "comment_ratio": 36.1518550474547,
      "cyclomatic_complexity": 0,
      "fanout_external": 3,
      "fanout_internal": 1,
      "halstead_bugprop": 0.25994771322627125,
      "halstead_difficulty": 14.068965517241379,
      "halstead_effort": 10971.586240998484,
      "halstead_timerequired": 609.5325689443603,
      "halstead_volume": 779.8431396788138,
      "loc": 1,
      "operands_sum": 51,
      "operands_uniq": 29,
      "operators_sum": 91,
      "operators_uniq": 16
    }
  }
}
