{
  "files": {
    "/Users/lorraynereis/Documents/PUC /Engenharia de Sofware/7 Peri\u0301odo/TCC 1/plf-es-2022-2-tcci-5308100-pes-lorrayne-reis/Instrumentos/Codigos/Collect-repositories/Repositories/Cloned-repositories/pylot/pylot/perception/detection/traffic_light.py": {
      "comment_ratio": 23.538826646062144,
      "cyclomatic_complexity": 19,
      "fanout_external": 9,
      "fanout_internal": 1,
      "halstead_bugprop": 6.485194550571452,
      "halstead_difficulty": 138.48726114649682,
      "halstead_effort": 2694350.4939324805,
      "halstead_timerequired": 149686.13855180447,
      "halstead_volume": 19455.583651714358,
      "lang": [
        "Python"
      ],
      "loc": 2,
      "operands_sum": 1115,
      "operands_uniq": 157,
      "operators_sum": 1440,
      "operators_uniq": 39
    }
  },
  "overall": {
    "comment_ratio": 23.538826646062144,
    "cyclomatic_complexity": 19,
    "fanout_external": 9,
    "fanout_internal": 1,
    "halstead_bugprop": 6.485194550571452,
    "halstead_difficulty": 138.48726114649682,
    "halstead_effort": 2694350.4939324805,
    "halstead_timerequired": 149686.13855180447,
    "halstead_volume": 19455.583651714358,
    "loc": 2,
    "maintainability_index": 100,
    "operands_sum": 1115,
    "operands_uniq": 157,
    "operators_sum": 1440,
    "operators_uniq": 39,
    "pylint": 100.0,
    "tiobe": 84.84669926650368,
    "tiobe_compiler": 100.0,
    "tiobe_complexity": 0.9779951100244498,
    "tiobe_coverage": 100.0,
    "tiobe_duplication": 100.0,
    "tiobe_fanout": 94.0,
    "tiobe_functional": 100.0,
    "tiobe_security": 100.0,
    "tiobe_standard": 100.0
  },
  "stats": {
    "max": {
      "comment_ratio": 23.538826646062144,
      "cyclomatic_complexity": 19,
      "fanout_external": 9,
      "fanout_internal": 1,
      "halstead_bugprop": 6.485194550571452,
      "halstead_difficulty": 138.48726114649682,
      "halstead_effort": 2694350.4939324805,
      "halstead_timerequired": 149686.13855180447,
      "halstead_volume": 19455.583651714358,
      "loc": 2,
      "operands_sum": 1115,
      "operands_uniq": 157,
      "operators_sum": 1440,
      "operators_uniq": 39
    },
    "mean": {
      "comment_ratio": 23.538826646062144,
      "cyclomatic_complexity": 19,
      "fanout_external": 9,
      "fanout_internal": 1,
      "halstead_bugprop": 6.485194550571452,
      "halstead_difficulty": 138.48726114649682,
      "halstead_effort": 2694350.4939324805,
      "halstead_timerequired": 149686.13855180447,
      "halstead_volume": 19455.583651714358,
      "loc": 2,
      "operands_sum": 1115,
      "operands_uniq": 157,
      "operators_sum": 1440,
      "operators_uniq": 39
    },
    "median": {
      "comment_ratio": 23.538826646062144,
      "cyclomatic_complexity": 19,
      "fanout_external": 9,
      "fanout_internal": 1,
      "halstead_bugprop": 6.485194550571452,
      "halstead_difficulty": 138.48726114649682,
      "halstead_effort": 2694350.4939324805,
      "halstead_timerequired": 149686.13855180447,
      "halstead_volume": 19455.583651714358,
      "loc": 2,
      "operands_sum": 1115,
      "operands_uniq": 157,
      "operators_sum": 1440,
      "operators_uniq": 39
    },
    "min": {
      "comment_ratio": 23.538826646062144,
      "cyclomatic_complexity": 19,
      "fanout_external": 9,
      "fanout_internal": 1,
      "halstead_bugprop": 6.485194550571452,
      "halstead_difficulty": 138.48726114649682,
      "halstead_effort": 2694350.4939324805,
      "halstead_timerequired": 149686.13855180447,
      "halstead_volume": 19455.583651714358,
      "loc": 2,
      "operands_sum": 1115,
      "operands_uniq": 157,
      "operators_sum": 1440,
      "operators_uniq": 39
    }
  }
}
