{
  "files": {
    "/Users/lorraynereis/Documents/PUC /Engenharia de Sofware/7 Peri\u0301odo/TCC 1/plf-es-2022-2-tcci-5308100-pes-lorrayne-reis/Instrumentos/Codigos/Collect-repositories/Repositories/Cloned-repositories/RTM3D/src/utils/train_utils.py": {
      "comment_ratio": 23.020147616197885,
      "cyclomatic_complexity": 18,
      "fanout_external": 12,
      "fanout_internal": 1,
      "halstead_bugprop": 1.5574374206977695,
      "halstead_difficulty": 35.58673469387755,
      "halstead_effort": 166272.33687806543,
      "halstead_timerequired": 9237.352048781413,
      "halstead_volume": 4672.312262093308,
      "lang": [
        "Python"
      ],
      "loc": 1,
      "operands_sum": 279,
      "operands_uniq": 98,
      "operators_sum": 394,
      "operators_uniq": 25
    }
  },
  "overall": {
    "comment_ratio": 23.020147616197885,
    "cyclomatic_complexity": 18,
    "fanout_external": 12,
    "fanout_internal": 1,
    "halstead_bugprop": 1.5574374206977695,
    "halstead_difficulty": 35.58673469387755,
    "halstead_effort": 166272.33687806543,
    "halstead_timerequired": 9237.352048781413,
    "halstead_volume": 4672.312262093308,
    "loc": 1,
    "maintainability_index": 100,
    "operands_sum": 279,
    "operands_uniq": 98,
    "operators_sum": 394,
    "operators_uniq": 25,
    "pylint": 100.0,
    "tiobe": 84.57281728172818,
    "tiobe_compiler": 100.0,
    "tiobe_complexity": 1.1521152115211521,
    "tiobe_coverage": 100.0,
    "tiobe_duplication": 100.0,
    "tiobe_fanout": 88.0,
    "tiobe_functional": 100.0,
    "tiobe_security": 100.0,
    "tiobe_standard": 100.0
  },
  "stats": {
    "max": {
      "comment_ratio": 23.020147616197885,
      "cyclomatic_complexity": 18,
      "fanout_external": 12,
      "fanout_internal": 1,
      "halstead_bugprop": 1.5574374206977695,
      "halstead_difficulty": 35.58673469387755,
      "halstead_effort": 166272.33687806543,
      "halstead_timerequired": 9237.352048781413,
      "halstead_volume": 4672.312262093308,
      "loc": 1,
      "operands_sum": 279,
      "operands_uniq": 98,
      "operators_sum": 394,
      "operators_uniq": 25
    },
    "mean": {
      "comment_ratio": 23.020147616197885,
      "cyclomatic_complexity": 18,
      "fanout_external": 12,
      "fanout_internal": 1,
      "halstead_bugprop": 1.5574374206977695,
      "halstead_difficulty": 35.58673469387755,
      "halstead_effort": 166272.33687806543,
      "halstead_timerequired": 9237.352048781413,
      "halstead_volume": 4672.312262093308,
      "loc": 1,
      "operands_sum": 279,
      "operands_uniq": 98,
      "operators_sum": 394,
      "operators_uniq": 25
    },
    "median": {
      "comment_ratio": 23.020147616197885,
      "cyclomatic_complexity": 18,
      "fanout_external": 12,
      "fanout_internal": 1,
      "halstead_bugprop": 1.5574374206977695,
      "halstead_difficulty": 35.58673469387755,
      "halstead_effort": 166272.33687806543,
      "halstead_timerequired": 9237.352048781413,
      "halstead_volume": 4672.312262093308,
      "loc": 1,
      "operands_sum": 279,
      "operands_uniq": 98,
      "operators_sum": 394,
      "operators_uniq": 25
    },
    "min": {
      "comment_ratio": 23.020147616197885,
      "cyclomatic_complexity": 18,
      "fanout_external": 12,
      "fanout_internal": 1,
      "halstead_bugprop": 1.5574374206977695,
      "halstead_difficulty": 35.58673469387755,
      "halstead_effort": 166272.33687806543,
      "halstead_timerequired": 9237.352048781413,
      "halstead_volume": 4672.312262093308,
      "loc": 1,
      "operands_sum": 279,
      "operands_uniq": 98,
      "operators_sum": 394,
      "operators_uniq": 25
    }
  }
}
