{
  "files": {
    "/Users/lorraynereis/Documents/PUC /Engenharia de Sofware/7 Peri\u0301odo/TCC 1/plf-es-2022-2-tcci-5308100-pes-lorrayne-reis/Instrumentos/Codigos/Collect-repositories/Repositories/Cloned-repositories/Ultra-Fast-Lane-Detection/train.py": {
      "comment_ratio": 0.533997864008544,
      "cyclomatic_complexity": 19,
      "fanout_external": 14,
      "fanout_internal": 1,
      "halstead_bugprop": 2.3956400854020896,
      "halstead_difficulty": 35.69259259259259,
      "halstead_effort": 256519.8167002215,
      "halstead_timerequired": 14251.100927790083,
      "halstead_volume": 7186.920256206269,
      "lang": [
        "Python"
      ],
      "loc": 1,
      "operands_sum": 419,
      "operands_uniq": 135,
      "operators_sum": 565,
      "operators_uniq": 23
    }
  },
  "overall": {
    "comment_ratio": 0.533997864008544,
    "cyclomatic_complexity": 19,
    "fanout_external": 14,
    "fanout_internal": 1,
    "halstead_bugprop": 2.3956400854020896,
    "halstead_difficulty": 35.69259259259259,
    "halstead_effort": 256519.8167002215,
    "halstead_timerequired": 14251.100927790083,
    "halstead_volume": 7186.920256206269,
    "loc": 1,
    "maintainability_index": 100,
    "operands_sum": 419,
    "operands_uniq": 135,
    "operators_sum": 565,
    "operators_uniq": 23,
    "pylint": 100.0,
    "tiobe": 84.34669926650368,
    "tiobe_compiler": 100.0,
    "tiobe_complexity": 0.9779951100244498,
    "tiobe_coverage": 100.0,
    "tiobe_duplication": 100.0,
    "tiobe_fanout": 84.0,
    "tiobe_functional": 100.0,
    "tiobe_security": 100.0,
    "tiobe_standard": 100.0
  },
  "stats": {
    "max": {
      "comment_ratio": 0.533997864008544,
      "cyclomatic_complexity": 19,
      "fanout_external": 14,
      "fanout_internal": 1,
      "halstead_bugprop": 2.3956400854020896,
      "halstead_difficulty": 35.69259259259259,
      "halstead_effort": 256519.8167002215,
      "halstead_timerequired": 14251.100927790083,
      "halstead_volume": 7186.920256206269,
      "loc": 1,
      "operands_sum": 419,
      "operands_uniq": 135,
      "operators_sum": 565,
      "operators_uniq": 23
    },
    "mean": {
      "comment_ratio": 0.533997864008544,
      "cyclomatic_complexity": 19,
      "fanout_external": 14,
      "fanout_internal": 1,
      "halstead_bugprop": 2.3956400854020896,
      "halstead_difficulty": 35.69259259259259,
      "halstead_effort": 256519.8167002215,
      "halstead_timerequired": 14251.100927790083,
      "halstead_volume": 7186.920256206269,
      "loc": 1,
      "operands_sum": 419,
      "operands_uniq": 135,
      "operators_sum": 565,
      "operators_uniq": 23
    },
    "median": {
      "comment_ratio": 0.533997864008544,
      "cyclomatic_complexity": 19,
      "fanout_external": 14,
      "fanout_internal": 1,
      "halstead_bugprop": 2.3956400854020896,
      "halstead_difficulty": 35.69259259259259,
      "halstead_effort": 256519.8167002215,
      "halstead_timerequired": 14251.100927790083,
      "halstead_volume": 7186.920256206269,
      "loc": 1,
      "operands_sum": 419,
      "operands_uniq": 135,
      "operators_sum": 565,
      "operators_uniq": 23
    },
    "min": {
      "comment_ratio": 0.533997864008544,
      "cyclomatic_complexity": 19,
      "fanout_external": 14,
      "fanout_internal": 1,
      "halstead_bugprop": 2.3956400854020896,
      "halstead_difficulty": 35.69259259259259,
      "halstead_effort": 256519.8167002215,
      "halstead_timerequired": 14251.100927790083,
      "halstead_volume": 7186.920256206269,
      "loc": 1,
      "operands_sum": 419,
      "operands_uniq": 135,
      "operators_sum": 565,
      "operators_uniq": 23
    }
  }
}
