{
  "files": {
    "/Users/lorraynereis/Documents/PUC /Engenharia de Sofware/7 Peri\u0301odo/TCC 1/plf-es-2022-2-tcci-5308100-pes-lorrayne-reis/Instrumentos/Codigos/Collect-repositories/Repositories/Cloned-repositories/CVPR2023-3D-Occupancy-Prediction/projects/mmdet3d_plugin/bevformer/modules/transformer_occ.py": {
      "comment_ratio": 21.68378112252075,
      "cyclomatic_complexity": 25,
      "fanout_external": 24,
      "fanout_internal": 1,
      "halstead_bugprop": 4.352216754292495,
      "halstead_difficulty": 61.275449101796404,
      "halstead_effort": 800052.108622906,
      "halstead_timerequired": 44447.339367939225,
      "halstead_volume": 13056.650262877485,
      "lang": [
        "Python"
      ],
      "loc": 3,
      "operands_sum": 758,
      "operands_uniq": 167,
      "operators_sum": 960,
      "operators_uniq": 27
    }
  },
  "overall": {
    "comment_ratio": 21.68378112252075,
    "cyclomatic_complexity": 25,
    "fanout_external": 24,
    "fanout_internal": 1,
    "halstead_bugprop": 4.352216754292495,
    "halstead_difficulty": 61.275449101796404,
    "halstead_effort": 800052.108622906,
    "halstead_timerequired": 44447.339367939225,
    "halstead_volume": 13056.650262877485,
    "loc": 3,
    "maintainability_index": 98.17180593906187,
    "operands_sum": 758,
    "operands_uniq": 167,
    "operators_sum": 960,
    "operators_uniq": 27,
    "pylint": 100.0,
    "tiobe": 83.26382978723404,
    "tiobe_compiler": 100.0,
    "tiobe_complexity": 0.425531914893617,
    "tiobe_coverage": 100.0,
    "tiobe_duplication": 100.0,
    "tiobe_fanout": 64.0,
    "tiobe_functional": 100.0,
    "tiobe_security": 100.0,
    "tiobe_standard": 100.0
  },
  "stats": {
    "max": {
      "comment_ratio": 21.68378112252075,
      "cyclomatic_complexity": 25,
      "fanout_external": 24,
      "fanout_internal": 1,
      "halstead_bugprop": 4.352216754292495,
      "halstead_difficulty": 61.275449101796404,
      "halstead_effort": 800052.108622906,
      "halstead_timerequired": 44447.339367939225,
      "halstead_volume": 13056.650262877485,
      "loc": 3,
      "operands_sum": 758,
      "operands_uniq": 167,
      "operators_sum": 960,
      "operators_uniq": 27
    },
    "mean": {
      "comment_ratio": 21.68378112252075,
      "cyclomatic_complexity": 25,
      "fanout_external": 24,
      "fanout_internal": 1,
      "halstead_bugprop": 4.352216754292495,
      "halstead_difficulty": 61.275449101796404,
      "halstead_effort": 800052.108622906,
      "halstead_timerequired": 44447.339367939225,
      "halstead_volume": 13056.650262877485,
      "loc": 3,
      "operands_sum": 758,
      "operands_uniq": 167,
      "operators_sum": 960,
      "operators_uniq": 27
    },
    "median": {
      "comment_ratio": 21.68378112252075,
      "cyclomatic_complexity": 25,
      "fanout_external": 24,
      "fanout_internal": 1,
      "halstead_bugprop": 4.352216754292495,
      "halstead_difficulty": 61.275449101796404,
      "halstead_effort": 800052.108622906,
      "halstead_timerequired": 44447.339367939225,
      "halstead_volume": 13056.650262877485,
      "loc": 3,
      "operands_sum": 758,
      "operands_uniq": 167,
      "operators_sum": 960,
      "operators_uniq": 27
    },
    "min": {
      "comment_ratio": 21.68378112252075,
      "cyclomatic_complexity": 25,
      "fanout_external": 24,
      "fanout_internal": 1,
      "halstead_bugprop": 4.352216754292495,
      "halstead_difficulty": 61.275449101796404,
      "halstead_effort": 800052.108622906,
      "halstead_timerequired": 44447.339367939225,
      "halstead_volume": 13056.650262877485,
      "loc": 3,
      "operands_sum": 758,
      "operands_uniq": 167,
      "operators_sum": 960,
      "operators_uniq": 27
    }
  }
}
