{
  "files": {
    "/Users/lorraynereis/Documents/PUC /Engenharia de Sofware/7 Peri\u0301odo/TCC 1/plf-es-2022-2-tcci-5308100-pes-lorrayne-reis/Instrumentos/Codigos/Collect-repositories/Repositories/Cloned-repositories/l5kit/l5kit/l5kit/prediction/vectorized/transformer.py": {
      "comment_ratio": 23.438510280615542,
      "cyclomatic_complexity": 11,
      "fanout_external": 6,
      "fanout_internal": 1,
      "halstead_bugprop": 4.9745228222839755,
      "halstead_difficulty": 112.22268907563026,
      "halstead_effort": 1674762.9839544038,
      "halstead_timerequired": 93042.38799746688,
      "halstead_volume": 14923.568466851926,
      "lang": [
        "Python"
      ],
      "loc": 1,
      "operands_sum": 921,
      "operands_uniq": 119,
      "operators_sum": 1149,
      "operators_uniq": 29
    }
  },
  "overall": {
    "comment_ratio": 23.438510280615542,
    "cyclomatic_complexity": 11,
    "fanout_external": 6,
    "fanout_internal": 1,
    "halstead_bugprop": 4.9745228222839755,
    "halstead_difficulty": 112.22268907563026,
    "halstead_effort": 1674762.9839544038,
    "halstead_timerequired": 93042.38799746688,
    "halstead_volume": 14923.568466851926,
    "loc": 1,
    "maintainability_index": 100,
    "operands_sum": 921,
    "operands_uniq": 119,
    "operators_sum": 1149,
    "operators_uniq": 29,
    "pylint": 100.0,
    "tiobe": 85.75949367088607,
    "tiobe_compiler": 100.0,
    "tiobe_complexity": 5.063291139240507,
    "tiobe_coverage": 100.0,
    "tiobe_duplication": 100.0,
    "tiobe_fanout": 100.0,
    "tiobe_functional": 100.0,
    "tiobe_security": 100.0,
    "tiobe_standard": 100.0
  },
  "stats": {
    "max": {
      "comment_ratio": 23.438510280615542,
      "cyclomatic_complexity": 11,
      "fanout_external": 6,
      "fanout_internal": 1,
      "halstead_bugprop": 4.9745228222839755,
      "halstead_difficulty": 112.22268907563026,
      "halstead_effort": 1674762.9839544038,
      "halstead_timerequired": 93042.38799746688,
      "halstead_volume": 14923.568466851926,
      "loc": 1,
      "operands_sum": 921,
      "operands_uniq": 119,
      "operators_sum": 1149,
      "operators_uniq": 29
    },
    "mean": {
      "comment_ratio": 23.438510280615542,
      "cyclomatic_complexity": 11,
      "fanout_external": 6,
      "fanout_internal": 1,
      "halstead_bugprop": 4.9745228222839755,
      "halstead_difficulty": 112.22268907563026,
      "halstead_effort": 1674762.9839544038,
      "halstead_timerequired": 93042.38799746688,
      "halstead_volume": 14923.568466851926,
      "loc": 1,
      "operands_sum": 921,
      "operands_uniq": 119,
      "operators_sum": 1149,
      "operators_uniq": 29
    },
    "median": {
      "comment_ratio": 23.438510280615542,
      "cyclomatic_complexity": 11,
      "fanout_external": 6,
      "fanout_internal": 1,
      "halstead_bugprop": 4.9745228222839755,
      "halstead_difficulty": 112.22268907563026,
      "halstead_effort": 1674762.9839544038,
      "halstead_timerequired": 93042.38799746688,
      "halstead_volume": 14923.568466851926,
      "loc": 1,
      "operands_sum": 921,
      "operands_uniq": 119,
      "operators_sum": 1149,
      "operators_uniq": 29
    },
    "min": {
      "comment_ratio": 23.438510280615542,
      "cyclomatic_complexity": 11,
      "fanout_external": 6,
      "fanout_internal": 1,
      "halstead_bugprop": 4.9745228222839755,
      "halstead_difficulty": 112.22268907563026,
      "halstead_effort": 1674762.9839544038,
      "halstead_timerequired": 93042.38799746688,
      "halstead_volume": 14923.568466851926,
      "loc": 1,
      "operands_sum": 921,
      "operands_uniq": 119,
      "operators_sum": 1149,
      "operators_uniq": 29
    }
  }
}
