{
  "files": {
    "/Users/lorraynereis/Documents/PUC /Engenharia de Sofware/7 Peri\u0301odo/TCC 1/plf-es-2022-2-tcci-5308100-pes-lorrayne-reis/Instrumentos/Codigos/Collect-repositories/Repositories/Cloned-repositories/l5kit/l5kit/l5kit/geometry/transform.py": {
      "comment_ratio": 48.383620689655174,
      "cyclomatic_complexity": 0,
      "fanout_external": 6,
      "fanout_internal": 0,
      "halstead_bugprop": 1.4582528778937622,
      "halstead_difficulty": 62.701612903225815,
      "halstead_effort": 274304.4223941291,
      "halstead_timerequired": 15239.134577451616,
      "halstead_volume": 4374.7586336812865,
      "lang": [
        "Python"
      ],
      "loc": 1,
      "operands_sum": 311,
      "operands_uniq": 62,
      "operators_sum": 368,
      "operators_uniq": 25
    }
  },
  "overall": {
    "comment_ratio": 48.383620689655174,
    "cyclomatic_complexity": 0,
    "fanout_external": 6,
    "fanout_internal": 0,
    "halstead_bugprop": 1.4582528778937622,
    "halstead_difficulty": 62.701612903225815,
    "halstead_effort": 274304.4223941291,
    "halstead_timerequired": 15239.134577451616,
    "halstead_volume": 4374.7586336812865,
    "loc": 1,
    "maintainability_index": 100,
    "operands_sum": 311,
    "operands_uniq": 62,
    "operators_sum": 368,
    "operators_uniq": 25,
    "pylint": 100.0,
    "tiobe": 99.76923076923077,
    "tiobe_compiler": 100.0,
    "tiobe_complexity": 98.46153846153847,
    "tiobe_coverage": 100.0,
    "tiobe_duplication": 100.0,
    "tiobe_fanout": 100.0,
    "tiobe_functional": 100.0,
    "tiobe_security": 100.0,
    "tiobe_standard": 100.0
  },
  "stats": {
    "max": {
      "comment_ratio": 48.383620689655174,
      "cyclomatic_complexity": 0,
      "fanout_external": 6,
      "fanout_internal": 0,
      "halstead_bugprop": 1.4582528778937622,
      "halstead_difficulty": 62.701612903225815,
      "halstead_effort": 274304.4223941291,
      "halstead_timerequired": 15239.134577451616,
      "halstead_volume": 4374.7586336812865,
      "loc": 1,
      "operands_sum": 311,
      "operands_uniq": 62,
      "operators_sum": 368,
      "operators_uniq": 25
    },
    "mean": {
      "comment_ratio": 48.383620689655174,
      "cyclomatic_complexity": 0,
      "fanout_external": 6,
      "fanout_internal": 0,
      "halstead_bugprop": 1.4582528778937622,
      "halstead_difficulty": 62.701612903225815,
      "halstead_effort": 274304.4223941291,
      "halstead_timerequired": 15239.134577451616,
      "halstead_volume": 4374.7586336812865,
      "loc": 1,
      "operands_sum": 311,
      "operands_uniq": 62,
      "operators_sum": 368,
      "operators_uniq": 25
    },
    "median": {
      "comment_ratio": 48.383620689655174,
      "cyclomatic_complexity": 0,
      "fanout_external": 6,
      "fanout_internal": 0,
      "halstead_bugprop": 1.4582528778937622,
      "halstead_difficulty": 62.701612903225815,
      "halstead_effort": 274304.4223941291,
      "halstead_timerequired": 15239.134577451616,
      "halstead_volume": 4374.7586336812865,
      "loc": 1,
      "operands_sum": 311,
      "operands_uniq": 62,
      "operators_sum": 368,
      "operators_uniq": 25
    },
    "min": {
      "comment_ratio": 48.383620689655174,
      "cyclomatic_complexity": 0,
      "fanout_external": 6,
      "fanout_internal": 0,
      "halstead_bugprop": 1.4582528778937622,
      "halstead_difficulty": 62.701612903225815,
      "halstead_effort": 274304.4223941291,
      "halstead_timerequired": 15239.134577451616,
      "halstead_volume": 4374.7586336812865,
      "loc": 1,
      "operands_sum": 311,
      "operands_uniq": 62,
      "operators_sum": 368,
      "operators_uniq": 25
    }
  }
}
