{
  "files": {
    "/Users/lorraynereis/Documents/PUC /Engenharia de Sofware/7 Peri\u0301odo/TCC 1/plf-es-2022-2-tcci-5308100-pes-lorrayne-reis/Instrumentos/Codigos/Collect-repositories/Repositories/Cloned-repositories/l5kit/l5kit/l5kit/tests/geometry/transform_test.py": {
      "comment_ratio": 9.648127128263337,
      "cyclomatic_complexity": 2,
      "fanout_external": 6,
      "fanout_internal": 1,
      "halstead_bugprop": 1.9959802090140917,
      "halstead_difficulty": 33.55434782608695,
      "halstead_effort": 200921.4425617337,
      "halstead_timerequired": 11162.302364540761,
      "halstead_volume": 5987.940627042275,
      "lang": [
        "Python"
      ],
      "loc": 1,
      "operands_sum": 343,
      "operands_uniq": 92,
      "operators_sum": 540,
      "operators_uniq": 18
    }
  },
  "overall": {
    "comment_ratio": 9.648127128263337,
    "cyclomatic_complexity": 2,
    "fanout_external": 6,
    "fanout_internal": 1,
    "halstead_bugprop": 1.9959802090140917,
    "halstead_difficulty": 33.55434782608695,
    "halstead_effort": 200921.4425617337,
    "halstead_timerequired": 11162.302364540761,
    "halstead_volume": 5987.940627042275,
    "loc": 1,
    "maintainability_index": 100,
    "operands_sum": 343,
    "operands_uniq": 92,
    "operators_sum": 540,
    "operators_uniq": 18,
    "pylint": 100.0,
    "tiobe": 99.32835820895522,
    "tiobe_compiler": 100.0,
    "tiobe_complexity": 95.5223880597015,
    "tiobe_coverage": 100.0,
    "tiobe_duplication": 100.0,
    "tiobe_fanout": 100.0,
    "tiobe_functional": 100.0,
    "tiobe_security": 100.0,
    "tiobe_standard": 100.0
  },
  "stats": {
    "max": {
      "comment_ratio": 9.648127128263337,
      "cyclomatic_complexity": 2,
      "fanout_external": 6,
      "fanout_internal": 1,
      "halstead_bugprop": 1.9959802090140917,
      "halstead_difficulty": 33.55434782608695,
      "halstead_effort": 200921.4425617337,
      "halstead_timerequired": 11162.302364540761,
      "halstead_volume": 5987.940627042275,
      "loc": 1,
      "operands_sum": 343,
      "operands_uniq": 92,
      "operators_sum": 540,
      "operators_uniq": 18
    },
    "mean": {
      "comment_ratio": 9.648127128263337,
      "cyclomatic_complexity": 2,
      "fanout_external": 6,
      "fanout_internal": 1,
      "halstead_bugprop": 1.9959802090140917,
      "halstead_difficulty": 33.55434782608695,
      "halstead_effort": 200921.4425617337,
      "halstead_timerequired": 11162.302364540761,
      "halstead_volume": 5987.940627042275,
      "loc": 1,
      "operands_sum": 343,
      "operands_uniq": 92,
      "operators_sum": 540,
      "operators_uniq": 18
    },
    "median": {
      "comment_ratio": 9.648127128263337,
      "cyclomatic_complexity": 2,
      "fanout_external": 6,
      "fanout_internal": 1,
      "halstead_bugprop": 1.9959802090140917,
      "halstead_difficulty": 33.55434782608695,
      "halstead_effort": 200921.4425617337,
      "halstead_timerequired": 11162.302364540761,
      "halstead_volume": 5987.940627042275,
      "loc": 1,
      "operands_sum": 343,
      "operands_uniq": 92,
      "operators_sum": 540,
      "operators_uniq": 18
    },
    "min": {
      "comment_ratio": 9.648127128263337,
      "cyclomatic_complexity": 2,
      "fanout_external": 6,
      "fanout_internal": 1,
      "halstead_bugprop": 1.9959802090140917,
      "halstead_difficulty": 33.55434782608695,
      "halstead_effort": 200921.4425617337,
      "halstead_timerequired": 11162.302364540761,
      "halstead_volume": 5987.940627042275,
      "loc": 1,
      "operands_sum": 343,
      "operands_uniq": 92,
      "operators_sum": 540,
      "operators_uniq": 18
    }
  }
}
