{
  "files": {
    "/Users/lorraynereis/Documents/PUC /Engenharia de Sofware/7 Peri\u0301odo/TCC 1/plf-es-2022-2-tcci-5308100-pes-lorrayne-reis/Instrumentos/Codigos/Collect-repositories/Repositories/Cloned-repositories/Ultra-Fast-Lane-Detection/configs/tusimple.py": {
      "comment_ratio": 24.73498233215548,
      "cyclomatic_complexity": 2,
      "fanout_external": 0,
      "fanout_internal": 0,
      "halstead_bugprop": 0.10005343587792334,
      "halstead_difficulty": 0.5303030303030303,
      "halstead_effort": 159.17592071487803,
      "halstead_timerequired": 8.843106706382112,
      "halstead_volume": 300.16030763377,
      "lang": [
        "Python"
      ],
      "loc": 1,
      "operands_sum": 35,
      "operands_uniq": 33,
      "operators_sum": 24,
      "operators_uniq": 1
    }
  },
  "overall": {
    "comment_ratio": 24.73498233215548,
    "cyclomatic_complexity": 2,
    "fanout_external": 0,
    "fanout_internal": 0,
    "halstead_bugprop": 0.10005343587792334,
    "halstead_difficulty": 0.5303030303030303,
    "halstead_effort": 159.17592071487803,
    "halstead_timerequired": 8.843106706382112,
    "halstead_volume": 300.16030763377,
    "loc": 1,
    "maintainability_index": 100,
    "operands_sum": 35,
    "operands_uniq": 33,
    "operators_sum": 24,
    "operators_uniq": 1,
    "pylint": 100.0,
    "tiobe": 99.32835820895522,
    "tiobe_compiler": 100.0,
    "tiobe_complexity": 95.5223880597015,
    "tiobe_coverage": 100.0,
    "tiobe_duplication": 100.0,
    "tiobe_fanout": 100.0,
    "tiobe_functional": 100.0,
    "tiobe_security": 100.0,
    "tiobe_standard": 100.0
  },
  "stats": {
    "max": {
      "comment_ratio": 24.73498233215548,
      "cyclomatic_complexity": 2,
      "fanout_external": 0,
      "fanout_internal": 0,
      "halstead_bugprop": 0.10005343587792334,
      "halstead_difficulty": 0.5303030303030303,
      "halstead_effort": 159.17592071487803,
      "halstead_timerequired": 8.843106706382112,
      "halstead_volume": 300.16030763377,
      "loc": 1,
      "operands_sum": 35,
      "operands_uniq": 33,
      "operators_sum": 24,
      "operators_uniq": 1
    },
    "mean": {
      "comment_ratio": 24.73498233215548,
      "cyclomatic_complexity": 2,
      "fanout_external": 0,
      "fanout_internal": 0,
      "halstead_bugprop": 0.10005343587792334,
      "halstead_difficulty": 0.5303030303030303,
      "halstead_effort": 159.17592071487803,
      "halstead_timerequired": 8.843106706382112,
      "halstead_volume": 300.16030763377,
      "loc": 1,
      "operands_sum": 35,
      "operands_uniq": 33,
      "operators_sum": 24,
      "operators_uniq": 1
    },
    "median": {
      "comment_ratio": 24.73498233215548,
      "cyclomatic_complexity": 2,
      "fanout_external": 0,
      "fanout_internal": 0,
      "halstead_bugprop": 0.10005343587792334,
      "halstead_difficulty": 0.5303030303030303,
      "halstead_effort": 159.17592071487803,
      "halstead_timerequired": 8.843106706382112,
      "halstead_volume": 300.16030763377,
      "loc": 1,
      "operands_sum": 35,
      "operands_uniq": 33,
      "operators_sum": 24,
      "operators_uniq": 1
    },
    "min": {
      "comment_ratio": 24.73498233215548,
      "cyclomatic_complexity": 2,
      "fanout_external": 0,
      "fanout_internal": 0,
      "halstead_bugprop": 0.10005343587792334,
      "halstead_difficulty": 0.5303030303030303,
      "halstead_effort": 159.17592071487803,
      "halstead_timerequired": 8.843106706382112,
      "halstead_volume": 300.16030763377,
      "loc": 1,
      "operands_sum": 35,
      "operands_uniq": 33,
      "operators_sum": 24,
      "operators_uniq": 1
    }
  }
}
