{
  "files": {
    "/Users/lorraynereis/Documents/PUC /Engenharia de Sofware/7 Peri\u0301odo/TCC 1/plf-es-2022-2-tcci-5308100-pes-lorrayne-reis/Instrumentos/Codigos/Collect-repositories/Repositories/Cloned-repositories/Cam2BEV/model/architecture/uNetXST.py": {
      "comment_ratio": 25.216057987175912,
      "cyclomatic_complexity": 36,
      "fanout_external": 9,
      "fanout_internal": 1,
      "halstead_bugprop": 2.1107072655332035,
      "halstead_difficulty": 65.953125,
      "halstead_effort": 417623.2203663587,
      "halstead_timerequired": 23201.290020353263,
      "halstead_volume": 6332.121796599611,
      "lang": [
        "Python"
      ],
      "loc": 1,
      "operands_sum": 469,
      "operands_uniq": 64,
      "operators_sum": 527,
      "operators_uniq": 18
    }
  },
  "overall": {
    "comment_ratio": 25.216057987175912,
    "cyclomatic_complexity": 36,
    "fanout_external": 9,
    "fanout_internal": 1,
    "halstead_bugprop": 2.1107072655332035,
    "halstead_difficulty": 65.953125,
    "halstead_effort": 417623.2203663587,
    "halstead_timerequired": 23201.290020353263,
    "halstead_volume": 6332.121796599611,
    "loc": 1,
    "maintainability_index": 100,
    "operands_sum": 469,
    "operands_uniq": 64,
    "operators_sum": 527,
    "operators_uniq": 18,
    "pylint": 100.0,
    "tiobe": 84.72115049901959,
    "tiobe_compiler": 100.0,
    "tiobe_complexity": 0.14100332679724162,
    "tiobe_coverage": 100.0,
    "tiobe_duplication": 100.0,
    "tiobe_fanout": 94.0,
    "tiobe_functional": 100.0,
    "tiobe_security": 100.0,
    "tiobe_standard": 100.0
  },
  "stats": {
    "max": {
      "comment_ratio": 25.216057987175912,
      "cyclomatic_complexity": 36,
      "fanout_external": 9,
      "fanout_internal": 1,
      "halstead_bugprop": 2.1107072655332035,
      "halstead_difficulty": 65.953125,
      "halstead_effort": 417623.2203663587,
      "halstead_timerequired": 23201.290020353263,
      "halstead_volume": 6332.121796599611,
      "loc": 1,
      "operands_sum": 469,
      "operands_uniq": 64,
      "operators_sum": 527,
      "operators_uniq": 18
    },
    "mean": {
      "comment_ratio": 25.216057987175912,
      "cyclomatic_complexity": 36,
      "fanout_external": 9,
      "fanout_internal": 1,
      "halstead_bugprop": 2.1107072655332035,
      "halstead_difficulty": 65.953125,
      "halstead_effort": 417623.2203663587,
      "halstead_timerequired": 23201.290020353263,
      "halstead_volume": 6332.121796599611,
      "loc": 1,
      "operands_sum": 469,
      "operands_uniq": 64,
      "operators_sum": 527,
      "operators_uniq": 18
    },
    "median": {
      "comment_ratio": 25.216057987175912,
      "cyclomatic_complexity": 36,
      "fanout_external": 9,
      "fanout_internal": 1,
      "halstead_bugprop": 2.1107072655332035,
      "halstead_difficulty": 65.953125,
      "halstead_effort": 417623.2203663587,
      "halstead_timerequired": 23201.290020353263,
      "halstead_volume": 6332.121796599611,
      "loc": 1,
      "operands_sum": 469,
      "operands_uniq": 64,
      "operators_sum": 527,
      "operators_uniq": 18
    },
    "min": {
      "comment_ratio": 25.216057987175912,
      "cyclomatic_complexity": 36,
      "fanout_external": 9,
      "fanout_internal": 1,
      "halstead_bugprop": 2.1107072655332035,
      "halstead_difficulty": 65.953125,
      "halstead_effort": 417623.2203663587,
      "halstead_timerequired": 23201.290020353263,
      "halstead_volume": 6332.121796599611,
      "loc": 1,
      "operands_sum": 469,
      "operands_uniq": 64,
      "operators_sum": 527,
      "operators_uniq": 18
    }
  }
}
