{
  "files": {
    "/Users/lorraynereis/Documents/PUC /Engenharia de Sofware/7 Peri\u0301odo/TCC 1/plf-es-2022-2-tcci-5308100-pes-lorrayne-reis/Instrumentos/Codigos/Collect-repositories/Repositories/Cloned-repositories/PythonRobotics/PathPlanning/ClosedLoopRRTStar/unicycle_model.py": {
      "comment_ratio": 8.036984352773827,
      "cyclomatic_complexity": 2,
      "fanout_external": 6,
      "fanout_internal": 1,
      "halstead_bugprop": 0.7183206152675401,
      "halstead_difficulty": 32.57142857142857,
      "halstead_effort": 70190.1858347139,
      "halstead_timerequired": 3899.454768595217,
      "halstead_volume": 2154.9618458026202,
      "lang": [
        "Python"
      ],
      "loc": 1,
      "operands_sum": 168,
      "operands_uniq": 49,
      "operators_sum": 186,
      "operators_uniq": 19
    }
  },
  "overall": {
    "comment_ratio": 8.036984352773827,
    "cyclomatic_complexity": 2,
    "fanout_external": 6,
    "fanout_internal": 1,
    "halstead_bugprop": 0.7183206152675401,
    "halstead_difficulty": 32.57142857142857,
    "halstead_effort": 70190.1858347139,
    "halstead_timerequired": 3899.454768595217,
    "halstead_volume": 2154.9618458026202,
    "loc": 1,
    "maintainability_index": 100,
    "operands_sum": 168,
    "operands_uniq": 49,
    "operators_sum": 186,
    "operators_uniq": 19,
    "pylint": 100.0,
    "tiobe": 99.32835820895522,
    "tiobe_compiler": 100.0,
    "tiobe_complexity": 95.5223880597015,
    "tiobe_coverage": 100.0,
    "tiobe_duplication": 100.0,
    "tiobe_fanout": 100.0,
    "tiobe_functional": 100.0,
    "tiobe_security": 100.0,
    "tiobe_standard": 100.0
  },
  "stats": {
    "max": {
      "comment_ratio": 8.036984352773827,
      "cyclomatic_complexity": 2,
      "fanout_external": 6,
      "fanout_internal": 1,
      "halstead_bugprop": 0.7183206152675401,
      "halstead_difficulty": 32.57142857142857,
      "halstead_effort": 70190.1858347139,
      "halstead_timerequired": 3899.454768595217,
      "halstead_volume": 2154.9618458026202,
      "loc": 1,
      "operands_sum": 168,
      "operands_uniq": 49,
      "operators_sum": 186,
      "operators_uniq": 19
    },
    "mean": {
      "comment_ratio": 8.036984352773827,
      "cyclomatic_complexity": 2,
      "fanout_external": 6,
      "fanout_internal": 1,
      "halstead_bugprop": 0.7183206152675401,
      "halstead_difficulty": 32.57142857142857,
      "halstead_effort": 70190.1858347139,
      "halstead_timerequired": 3899.454768595217,
      "halstead_volume": 2154.9618458026202,
      "loc": 1,
      "operands_sum": 168,
      "operands_uniq": 49,
      "operators_sum": 186,
      "operators_uniq": 19
    },
    "median": {
      "comment_ratio": 8.036984352773827,
      "cyclomatic_complexity": 2,
      "fanout_external": 6,
      "fanout_internal": 1,
      "halstead_bugprop": 0.7183206152675401,
      "halstead_difficulty": 32.57142857142857,
      "halstead_effort": 70190.1858347139,
      "halstead_timerequired": 3899.454768595217,
      "halstead_volume": 2154.9618458026202,
      "loc": 1,
      "operands_sum": 168,
      "operands_uniq": 49,
      "operators_sum": 186,
      "operators_uniq": 19
    },
    "min": {
      "comment_ratio": 8.036984352773827,
      "cyclomatic_complexity": 2,
      "fanout_external": 6,
      "fanout_internal": 1,
      "halstead_bugprop": 0.7183206152675401,
      "halstead_difficulty": 32.57142857142857,
      "halstead_effort": 70190.1858347139,
      "halstead_timerequired": 3899.454768595217,
      "halstead_volume": 2154.9618458026202,
      "loc": 1,
      "operands_sum": 168,
      "operands_uniq": 49,
      "operators_sum": 186,
      "operators_uniq": 19
    }
  }
}
