{
  "files": {
    "/Users/lorraynereis/Documents/PUC /Engenharia de Sofware/7 Peri\u0301odo/TCC 1/plf-es-2022-2-tcci-5308100-pes-lorrayne-reis/Instrumentos/Codigos/Collect-repositories/Repositories/Cloned-repositories/l5kit/l5kit/l5kit/tests/simulation/unroll_test.py": {
      "comment_ratio": 8.137614678899082,
      "cyclomatic_complexity": 0,
      "fanout_external": 12,
      "fanout_internal": 1,
      "halstead_bugprop": 4.638991249770798,
      "halstead_difficulty": 72.54545454545455,
      "halstead_effort": 1009613.1865410262,
      "halstead_timerequired": 56089.62147450146,
      "halstead_volume": 13916.973749312392,
      "lang": [
        "Python"
      ],
      "loc": 1,
      "operands_sum": 855,
      "operands_uniq": 165,
      "operators_sum": 978,
      "operators_uniq": 28
    }
  },
  "overall": {
    "comment_ratio": 8.137614678899082,
    "cyclomatic_complexity": 0,
    "fanout_external": 12,
    "fanout_internal": 1,
    "halstead_bugprop": 4.638991249770798,
    "halstead_difficulty": 72.54545454545455,
    "halstead_effort": 1009613.1865410262,
    "halstead_timerequired": 56089.62147450146,
    "halstead_volume": 13916.973749312392,
    "loc": 1,
    "maintainability_index": 100,
    "operands_sum": 855,
    "operands_uniq": 165,
    "operators_sum": 978,
    "operators_uniq": 28,
    "pylint": 100.0,
    "tiobe": 99.16923076923078,
    "tiobe_compiler": 100.0,
    "tiobe_complexity": 98.46153846153847,
    "tiobe_coverage": 100.0,
    "tiobe_duplication": 100.0,
    "tiobe_fanout": 88.0,
    "tiobe_functional": 100.0,
    "tiobe_security": 100.0,
    "tiobe_standard": 100.0
  },
  "stats": {
    "max": {
      "comment_ratio": 8.137614678899082,
      "cyclomatic_complexity": 0,
      "fanout_external": 12,
      "fanout_internal": 1,
      "halstead_bugprop": 4.638991249770798,
      "halstead_difficulty": 72.54545454545455,
      "halstead_effort": 1009613.1865410262,
      "halstead_timerequired": 56089.62147450146,
      "halstead_volume": 13916.973749312392,
      "loc": 1,
      "operands_sum": 855,
      "operands_uniq": 165,
      "operators_sum": 978,
      "operators_uniq": 28
    },
    "mean": {
      "comment_ratio": 8.137614678899082,
      "cyclomatic_complexity": 0,
      "fanout_external": 12,
      "fanout_internal": 1,
      "halstead_bugprop": 4.638991249770798,
      "halstead_difficulty": 72.54545454545455,
      "halstead_effort": 1009613.1865410262,
      "halstead_timerequired": 56089.62147450146,
      "halstead_volume": 13916.973749312392,
      "loc": 1,
      "operands_sum": 855,
      "operands_uniq": 165,
      "operators_sum": 978,
      "operators_uniq": 28
    },
    "median": {
      "comment_ratio": 8.137614678899082,
      "cyclomatic_complexity": 0,
      "fanout_external": 12,
      "fanout_internal": 1,
      "halstead_bugprop": 4.638991249770798,
      "halstead_difficulty": 72.54545454545455,
      "halstead_effort": 1009613.1865410262,
      "halstead_timerequired": 56089.62147450146,
      "halstead_volume": 13916.973749312392,
      "loc": 1,
      "operands_sum": 855,
      "operands_uniq": 165,
      "operators_sum": 978,
      "operators_uniq": 28
    },
    "min": {
      "comment_ratio": 8.137614678899082,
      "cyclomatic_complexity": 0,
      "fanout_external": 12,
      "fanout_internal": 1,
      "halstead_bugprop": 4.638991249770798,
      "halstead_difficulty": 72.54545454545455,
      "halstead_effort": 1009613.1865410262,
      "halstead_timerequired": 56089.62147450146,
      "halstead_volume": 13916.973749312392,
      "loc": 1,
      "operands_sum": 855,
      "operands_uniq": 165,
      "operators_sum": 978,
      "operators_uniq": 28
    }
  }
}
