{
  "files": {
    "/Users/lorraynereis/Documents/PUC /Engenharia de Sofware/7 Peri\u0301odo/TCC 1/plf-es-2022-2-tcci-5308100-pes-lorrayne-reis/Instrumentos/Codigos/Collect-repositories/Repositories/Cloned-repositories/CVPR2023-3D-Occupancy-Prediction/projects/mmdet3d_plugin/core/bbox/util.py": {
      "comment_ratio": 3.2016348773841963,
      "cyclomatic_complexity": 4,
      "fanout_external": 1,
      "fanout_internal": 0,
      "halstead_bugprop": 0.8165245611966128,
      "halstead_difficulty": 28.285714285714285,
      "halstead_effort": 69287.94133582685,
      "halstead_timerequired": 3849.330074212603,
      "halstead_volume": 2449.5736835898383,
      "lang": [
        "Python"
      ],
      "loc": 1,
      "operands_sum": 165,
      "operands_uniq": 35,
      "operators_sum": 276,
      "operators_uniq": 12
    }
  },
  "overall": {
    "comment_ratio": 3.2016348773841963,
    "cyclomatic_complexity": 4,
    "fanout_external": 1,
    "fanout_internal": 0,
    "halstead_bugprop": 0.8165245611966128,
    "halstead_difficulty": 28.285714285714285,
    "halstead_effort": 69287.94133582685,
    "halstead_timerequired": 3849.330074212603,
    "halstead_volume": 2449.5736835898383,
    "loc": 1,
    "maintainability_index": 100,
    "operands_sum": 165,
    "operands_uniq": 35,
    "operators_sum": 276,
    "operators_uniq": 12,
    "pylint": 100.0,
    "tiobe": 93.80733944954129,
    "tiobe_compiler": 100.0,
    "tiobe_complexity": 58.71559633027523,
    "tiobe_coverage": 100.0,
    "tiobe_duplication": 100.0,
    "tiobe_fanout": 100.0,
    "tiobe_functional": 100.0,
    "tiobe_security": 100.0,
    "tiobe_standard": 100.0
  },
  "stats": {
    "max": {
      "comment_ratio": 3.2016348773841963,
      "cyclomatic_complexity": 4,
      "fanout_external": 1,
      "fanout_internal": 0,
      "halstead_bugprop": 0.8165245611966128,
      "halstead_difficulty": 28.285714285714285,
      "halstead_effort": 69287.94133582685,
      "halstead_timerequired": 3849.330074212603,
      "halstead_volume": 2449.5736835898383,
      "loc": 1,
      "operands_sum": 165,
      "operands_uniq": 35,
      "operators_sum": 276,
      "operators_uniq": 12
    },
    "mean": {
      "comment_ratio": 3.2016348773841963,
      "cyclomatic_complexity": 4,
      "fanout_external": 1,
      "fanout_internal": 0,
      "halstead_bugprop": 0.8165245611966128,
      "halstead_difficulty": 28.285714285714285,
      "halstead_effort": 69287.94133582685,
      "halstead_timerequired": 3849.330074212603,
      "halstead_volume": 2449.5736835898383,
      "loc": 1,
      "operands_sum": 165,
      "operands_uniq": 35,
      "operators_sum": 276,
      "operators_uniq": 12
    },
    "median": {
      "comment_ratio": 3.2016348773841963,
      "cyclomatic_complexity": 4,
      "fanout_external": 1,
      "fanout_internal": 0,
      "halstead_bugprop": 0.8165245611966128,
      "halstead_difficulty": 28.285714285714285,
      "halstead_effort": 69287.94133582685,
      "halstead_timerequired": 3849.330074212603,
      "halstead_volume": 2449.5736835898383,
      "loc": 1,
      "operands_sum": 165,
      "operands_uniq": 35,
      "operators_sum": 276,
      "operators_uniq": 12
    },
    "min": {
      "comment_ratio": 3.2016348773841963,
      "cyclomatic_complexity": 4,
      "fanout_external": 1,
      "fanout_internal": 0,
      "halstead_bugprop": 0.8165245611966128,
      "halstead_difficulty": 28.285714285714285,
      "halstead_effort": 69287.94133582685,
      "halstead_timerequired": 3849.330074212603,
      "halstead_volume": 2449.5736835898383,
      "loc": 1,
      "operands_sum": 165,
      "operands_uniq": 35,
      "operators_sum": 276,
      "operators_uniq": 12
    }
  }
}
