{
  "files": {
    "/Users/lorraynereis/Documents/PUC /Engenharia de Sofware/7 Peri\u0301odo/TCC 1/plf-es-2022-2-tcci-5308100-pes-lorrayne-reis/Instrumentos/Codigos/Collect-repositories/Repositories/Cloned-repositories/l5kit/l5kit/l5kit/tests/simulation/utils_test.py": {
      "comment_ratio": 9.926001531002807,
      "cyclomatic_complexity": 0,
      "fanout_external": 8,
      "fanout_internal": 1,
      "halstead_bugprop": 4.712638163016107,
      "halstead_difficulty": 183.67142857142858,
      "halstead_effort": 2596730.951224204,
      "halstead_timerequired": 144262.8306235669,
      "halstead_volume": 14137.914489048322,
      "lang": [
        "Python"
      ],
      "loc": 1,
      "operands_sum": 989,
      "operands_uniq": 70,
      "operators_sum": 1158,
      "operators_uniq": 26
    }
  },
  "overall": {
    "comment_ratio": 9.926001531002807,
    "cyclomatic_complexity": 0,
    "fanout_external": 8,
    "fanout_internal": 1,
    "halstead_bugprop": 4.712638163016107,
    "halstead_difficulty": 183.67142857142858,
    "halstead_effort": 2596730.951224204,
    "halstead_timerequired": 144262.8306235669,
    "halstead_volume": 14137.914489048322,
    "loc": 1,
    "maintainability_index": 100,
    "operands_sum": 989,
    "operands_uniq": 70,
    "operators_sum": 1158,
    "operators_uniq": 26,
    "pylint": 100.0,
    "tiobe": 99.56923076923077,
    "tiobe_compiler": 100.0,
    "tiobe_complexity": 98.46153846153847,
    "tiobe_coverage": 100.0,
    "tiobe_duplication": 100.0,
    "tiobe_fanout": 96.0,
    "tiobe_functional": 100.0,
    "tiobe_security": 100.0,
    "tiobe_standard": 100.0
  },
  "stats": {
    "max": {
      "comment_ratio": 9.926001531002807,
      "cyclomatic_complexity": 0,
      "fanout_external": 8,
      "fanout_internal": 1,
      "halstead_bugprop": 4.712638163016107,
      "halstead_difficulty": 183.67142857142858,
      "halstead_effort": 2596730.951224204,
      "halstead_timerequired": 144262.8306235669,
      "halstead_volume": 14137.914489048322,
      "loc": 1,
      "operands_sum": 989,
      "operands_uniq": 70,
      "operators_sum": 1158,
      "operators_uniq": 26
    },
    "mean": {
      "comment_ratio": 9.926001531002807,
      "cyclomatic_complexity": 0,
      "fanout_external": 8,
      "fanout_internal": 1,
      "halstead_bugprop": 4.712638163016107,
      "halstead_difficulty": 183.67142857142858,
      "halstead_effort": 2596730.951224204,
      "halstead_timerequired": 144262.8306235669,
      "halstead_volume": 14137.914489048322,
      "loc": 1,
      "operands_sum": 989,
      "operands_uniq": 70,
      "operators_sum": 1158,
      "operators_uniq": 26
    },
    "median": {
      "comment_ratio": 9.926001531002807,
      "cyclomatic_complexity": 0,
      "fanout_external": 8,
      "fanout_internal": 1,
      "halstead_bugprop": 4.712638163016107,
      "halstead_difficulty": 183.67142857142858,
      "halstead_effort": 2596730.951224204,
      "halstead_timerequired": 144262.8306235669,
      "halstead_volume": 14137.914489048322,
      "loc": 1,
      "operands_sum": 989,
      "operands_uniq": 70,
      "operators_sum": 1158,
      "operators_uniq": 26
    },
    "min": {
      "comment_ratio": 9.926001531002807,
      "cyclomatic_complexity": 0,
      "fanout_external": 8,
      "fanout_internal": 1,
      "halstead_bugprop": 4.712638163016107,
      "halstead_difficulty": 183.67142857142858,
      "halstead_effort": 2596730.951224204,
      "halstead_timerequired": 144262.8306235669,
      "halstead_volume": 14137.914489048322,
      "loc": 1,
      "operands_sum": 989,
      "operands_uniq": 70,
      "operators_sum": 1158,
      "operators_uniq": 26
    }
  }
}
