{
  "files": {
    "/Users/lorraynereis/Documents/PUC /Engenharia de Sofware/7 Peri\u0301odo/TCC 1/plf-es-2022-2-tcci-5308100-pes-lorrayne-reis/Instrumentos/Codigos/Collect-repositories/Repositories/Cloned-repositories/l5kit/l5kit/l5kit/cle/validators.py": {
      "comment_ratio": 48.28321279025504,
      "cyclomatic_complexity": 18,
      "fanout_external": 10,
      "fanout_internal": 1,
      "halstead_bugprop": 2.2085012183420267,
      "halstead_difficulty": 74.33980582524272,
      "halstead_effort": 492538.6552090747,
      "halstead_timerequired": 27363.258622726375,
      "halstead_volume": 6625.50365502608,
      "lang": [
        "Python"
      ],
      "loc": 1,
      "operands_sum": 403,
      "operands_uniq": 103,
      "operators_sum": 525,
      "operators_uniq": 38
    }
  },
  "overall": {
    "comment_ratio": 48.28321279025504,
    "cyclomatic_complexity": 18,
    "fanout_external": 10,
    "fanout_internal": 1,
    "halstead_bugprop": 2.2085012183420267,
    "halstead_difficulty": 74.33980582524272,
    "halstead_effort": 492538.6552090747,
    "halstead_timerequired": 27363.258622726375,
    "halstead_volume": 6625.50365502608,
    "loc": 1,
    "maintainability_index": 100,
    "operands_sum": 403,
    "operands_uniq": 103,
    "operators_sum": 525,
    "operators_uniq": 38,
    "pylint": 100.0,
    "tiobe": 84.77281728172817,
    "tiobe_compiler": 100.0,
    "tiobe_complexity": 1.1521152115211521,
    "tiobe_coverage": 100.0,
    "tiobe_duplication": 100.0,
    "tiobe_fanout": 92.0,
    "tiobe_functional": 100.0,
    "tiobe_security": 100.0,
    "tiobe_standard": 100.0
  },
  "stats": {
    "max": {
      "comment_ratio": 48.28321279025504,
      "cyclomatic_complexity": 18,
      "fanout_external": 10,
      "fanout_internal": 1,
      "halstead_bugprop": 2.2085012183420267,
      "halstead_difficulty": 74.33980582524272,
      "halstead_effort": 492538.6552090747,
      "halstead_timerequired": 27363.258622726375,
      "halstead_volume": 6625.50365502608,
      "loc": 1,
      "operands_sum": 403,
      "operands_uniq": 103,
      "operators_sum": 525,
      "operators_uniq": 38
    },
    "mean": {
      "comment_ratio": 48.28321279025504,
      "cyclomatic_complexity": 18,
      "fanout_external": 10,
      "fanout_internal": 1,
      "halstead_bugprop": 2.2085012183420267,
      "halstead_difficulty": 74.33980582524272,
      "halstead_effort": 492538.6552090747,
      "halstead_timerequired": 27363.258622726375,
      "halstead_volume": 6625.50365502608,
      "loc": 1,
      "operands_sum": 403,
      "operands_uniq": 103,
      "operators_sum": 525,
      "operators_uniq": 38
    },
    "median": {
      "comment_ratio": 48.28321279025504,
      "cyclomatic_complexity": 18,
      "fanout_external": 10,
      "fanout_internal": 1,
      "halstead_bugprop": 2.2085012183420267,
      "halstead_difficulty": 74.33980582524272,
      "halstead_effort": 492538.6552090747,
      "halstead_timerequired": 27363.258622726375,
      "halstead_volume": 6625.50365502608,
      "loc": 1,
      "operands_sum": 403,
      "operands_uniq": 103,
      "operators_sum": 525,
      "operators_uniq": 38
    },
    "min": {
      "comment_ratio": 48.28321279025504,
      "cyclomatic_complexity": 18,
      "fanout_external": 10,
      "fanout_internal": 1,
      "halstead_bugprop": 2.2085012183420267,
      "halstead_difficulty": 74.33980582524272,
      "halstead_effort": 492538.6552090747,
      "halstead_timerequired": 27363.258622726375,
      "halstead_volume": 6625.50365502608,
      "loc": 1,
      "operands_sum": 403,
      "operands_uniq": 103,
      "operators_sum": 525,
      "operators_uniq": 38
    }
  }
}
