{
  "files": {
    "/Users/lorraynereis/Documents/PUC /Engenharia de Sofware/7 Peri\u0301odo/TCC 1/plf-es-2022-2-tcci-5308100-pes-lorrayne-reis/Instrumentos/Codigos/Collect-repositories/Repositories/Cloned-repositories/l5kit/l5kit/l5kit/vectorization/vectorizer.py": {
      "comment_ratio": 24.1350115708077,
      "cyclomatic_complexity": 3,
      "fanout_external": 13,
      "fanout_internal": 1,
      "halstead_bugprop": 4.958037154638062,
      "halstead_difficulty": 60.43529411764706,
      "halstead_effort": 898921.3010603198,
      "halstead_timerequired": 49940.07228112887,
      "halstead_volume": 14874.111463914187,
      "lang": [
        "Python"
      ],
      "loc": 1,
      "operands_sum": 934,
      "operands_uniq": 170,
      "operators_sum": 1027,
      "operators_uniq": 22
    }
  },
  "overall": {
    "comment_ratio": 24.1350115708077,
    "cyclomatic_complexity": 3,
    "fanout_external": 13,
    "fanout_internal": 1,
    "halstead_bugprop": 4.958037154638062,
    "halstead_difficulty": 60.43529411764706,
    "halstead_effort": 898921.3010603198,
    "halstead_timerequired": 49940.07228112887,
    "halstead_volume": 14874.111463914187,
    "loc": 1,
    "maintainability_index": 100,
    "operands_sum": 934,
    "operands_uniq": 170,
    "operators_sum": 1027,
    "operators_uniq": 22,
    "pylint": 100.0,
    "tiobe": 96.3,
    "tiobe_compiler": 100.0,
    "tiobe_complexity": 80.0,
    "tiobe_coverage": 100.0,
    "tiobe_duplication": 100.0,
    "tiobe_fanout": 86.0,
    "tiobe_functional": 100.0,
    "tiobe_security": 100.0,
    "tiobe_standard": 100.0
  },
  "stats": {
    "max": {
      "comment_ratio": 24.1350115708077,
      "cyclomatic_complexity": 3,
      "fanout_external": 13,
      "fanout_internal": 1,
      "halstead_bugprop": 4.958037154638062,
      "halstead_difficulty": 60.43529411764706,
      "halstead_effort": 898921.3010603198,
      "halstead_timerequired": 49940.07228112887,
      "halstead_volume": 14874.111463914187,
      "loc": 1,
      "operands_sum": 934,
      "operands_uniq": 170,
      "operators_sum": 1027,
      "operators_uniq": 22
    },
    "mean": {
      "comment_ratio": 24.1350115708077,
      "cyclomatic_complexity": 3,
      "fanout_external": 13,
      "fanout_internal": 1,
      "halstead_bugprop": 4.958037154638062,
      "halstead_difficulty": 60.43529411764706,
      "halstead_effort": 898921.3010603198,
      "halstead_timerequired": 49940.07228112887,
      "halstead_volume": 14874.111463914187,
      "loc": 1,
      "operands_sum": 934,
      "operands_uniq": 170,
      "operators_sum": 1027,
      "operators_uniq": 22
    },
    "median": {
      "comment_ratio": 24.1350115708077,
      "cyclomatic_complexity": 3,
      "fanout_external": 13,
      "fanout_internal": 1,
      "halstead_bugprop": 4.958037154638062,
      "halstead_difficulty": 60.43529411764706,
      "halstead_effort": 898921.3010603198,
      "halstead_timerequired": 49940.07228112887,
      "halstead_volume": 14874.111463914187,
      "loc": 1,
      "operands_sum": 934,
      "operands_uniq": 170,
      "operators_sum": 1027,
      "operators_uniq": 22
    },
    "min": {
      "comment_ratio": 24.1350115708077,
      "cyclomatic_complexity": 3,
      "fanout_external": 13,
      "fanout_internal": 1,
      "halstead_bugprop": 4.958037154638062,
      "halstead_difficulty": 60.43529411764706,
      "halstead_effort": 898921.3010603198,
      "halstead_timerequired": 49940.07228112887,
      "halstead_volume": 14874.111463914187,
      "loc": 1,
      "operands_sum": 934,
      "operands_uniq": 170,
      "operators_sum": 1027,
      "operators_uniq": 22
    }
  }
}
