{
  "files": {
    "/Users/lorraynereis/Documents/PUC /Engenharia de Sofware/7 Peri\u0301odo/TCC 1/plf-es-2022-2-tcci-5308100-pes-lorrayne-reis/Instrumentos/Codigos/Collect-repositories/Repositories/Cloned-repositories/l5kit/l5kit/l5kit/visualization/video.py": {
      "comment_ratio": 56.71378091872791,
      "cyclomatic_complexity": 6,
      "fanout_external": 4,
      "fanout_internal": 0,
      "halstead_bugprop": 0.29570805179006765,
      "halstead_difficulty": 16.96969696969697,
      "halstead_effort": 15054.228091130717,
      "halstead_timerequired": 836.3460050628177,
      "halstead_volume": 887.124155370203,
      "lang": [
        "Python"
      ],
      "loc": 1,
      "operands_sum": 70,
      "operands_uniq": 33,
      "operators_sum": 88,
      "operators_uniq": 16
    }
  },
  "overall": {
    "comment_ratio": 56.71378091872791,
    "cyclomatic_complexity": 6,
    "fanout_external": 4,
    "fanout_internal": 0,
    "halstead_bugprop": 0.29570805179006765,
    "halstead_difficulty": 16.96969696969697,
    "halstead_effort": 15054.228091130717,
    "halstead_timerequired": 836.3460050628177,
    "halstead_volume": 887.124155370203,
    "loc": 1,
    "maintainability_index": 100,
    "operands_sum": 70,
    "operands_uniq": 33,
    "operators_sum": 88,
    "operators_uniq": 16,
    "pylint": 100.0,
    "tiobe": 89.01673640167364,
    "tiobe_compiler": 100.0,
    "tiobe_complexity": 26.778242677824267,
    "tiobe_coverage": 100.0,
    "tiobe_duplication": 100.0,
    "tiobe_fanout": 100.0,
    "tiobe_functional": 100.0,
    "tiobe_security": 100.0,
    "tiobe_standard": 100.0
  },
  "stats": {
    "max": {
      "comment_ratio": 56.71378091872791,
      "cyclomatic_complexity": 6,
      "fanout_external": 4,
      "fanout_internal": 0,
      "halstead_bugprop": 0.29570805179006765,
      "halstead_difficulty": 16.96969696969697,
      "halstead_effort": 15054.228091130717,
      "halstead_timerequired": 836.3460050628177,
      "halstead_volume": 887.124155370203,
      "loc": 1,
      "operands_sum": 70,
      "operands_uniq": 33,
      "operators_sum": 88,
      "operators_uniq": 16
    },
    "mean": {
      "comment_ratio": 56.71378091872791,
      "cyclomatic_complexity": 6,
      "fanout_external": 4,
      "fanout_internal": 0,
      "halstead_bugprop": 0.29570805179006765,
      "halstead_difficulty": 16.96969696969697,
      "halstead_effort": 15054.228091130717,
      "halstead_timerequired": 836.3460050628177,
      "halstead_volume": 887.124155370203,
      "loc": 1,
      "operands_sum": 70,
      "operands_uniq": 33,
      "operators_sum": 88,
      "operators_uniq": 16
    },
    "median": {
      "comment_ratio": 56.71378091872791,
      "cyclomatic_complexity": 6,
      "fanout_external": 4,
      "fanout_internal": 0,
      "halstead_bugprop": 0.29570805179006765,
      "halstead_difficulty": 16.96969696969697,
      "halstead_effort": 15054.228091130717,
      "halstead_timerequired": 836.3460050628177,
      "halstead_volume": 887.124155370203,
      "loc": 1,
      "operands_sum": 70,
      "operands_uniq": 33,
      "operators_sum": 88,
      "operators_uniq": 16
    },
    "min": {
      "comment_ratio": 56.71378091872791,
      "cyclomatic_complexity": 6,
      "fanout_external": 4,
      "fanout_internal": 0,
      "halstead_bugprop": 0.29570805179006765,
      "halstead_difficulty": 16.96969696969697,
      "halstead_effort": 15054.228091130717,
      "halstead_timerequired": 836.3460050628177,
      "halstead_volume": 887.124155370203,
      "loc": 1,
      "operands_sum": 70,
      "operands_uniq": 33,
      "operators_sum": 88,
      "operators_uniq": 16
    }
  }
}
