{
  "files": {
    "/Users/lorraynereis/Documents/PUC /Engenharia de Sofware/7 Peri\u0301odo/TCC 1/plf-es-2022-2-tcci-5308100-pes-lorrayne-reis/Instrumentos/Codigos/Collect-repositories/Repositories/Cloned-repositories/CVPR2023-3D-Occupancy-Prediction/utils/vis.py": {
      "comment_ratio": 14.583835946924005,
      "cyclomatic_complexity": 3,
      "fanout_external": 10,
      "fanout_internal": 0,
      "halstead_bugprop": 5.121624828869788,
      "halstead_difficulty": 48.618090452261306,
      "halstead_effort": 747010.857577616,
      "halstead_timerequired": 41500.60319875644,
      "halstead_volume": 15364.874486609364,
      "lang": [
        "Python"
      ],
      "loc": 2,
      "operands_sum": 774,
      "operands_uniq": 199,
      "operators_sum": 1194,
      "operators_uniq": 25
    }
  },
  "overall": {
    "comment_ratio": 14.583835946924005,
    "cyclomatic_complexity": 3,
    "fanout_external": 10,
    "fanout_internal": 0,
    "halstead_bugprop": 5.121624828869788,
    "halstead_difficulty": 48.618090452261306,
    "halstead_effort": 747010.857577616,
    "halstead_timerequired": 41500.60319875644,
    "halstead_volume": 15364.874486609364,
    "loc": 2,
    "maintainability_index": 100,
    "operands_sum": 774,
    "operands_uniq": 199,
    "operators_sum": 1194,
    "operators_uniq": 25,
    "pylint": 100.0,
    "tiobe": 97.0,
    "tiobe_compiler": 100.0,
    "tiobe_complexity": 80.0,
    "tiobe_coverage": 100.0,
    "tiobe_duplication": 100.0,
    "tiobe_fanout": 100.0,
    "tiobe_functional": 100.0,
    "tiobe_security": 100.0,
    "tiobe_standard": 100.0
  },
  "stats": {
    "max": {
      "comment_ratio": 14.583835946924005,
      "cyclomatic_complexity": 3,
      "fanout_external": 10,
      "fanout_internal": 0,
      "halstead_bugprop": 5.121624828869788,
      "halstead_difficulty": 48.618090452261306,
      "halstead_effort": 747010.857577616,
      "halstead_timerequired": 41500.60319875644,
      "halstead_volume": 15364.874486609364,
      "loc": 2,
      "operands_sum": 774,
      "operands_uniq": 199,
      "operators_sum": 1194,
      "operators_uniq": 25
    },
    "mean": {
      "comment_ratio": 14.583835946924005,
      "cyclomatic_complexity": 3,
      "fanout_external": 10,
      "fanout_internal": 0,
      "halstead_bugprop": 5.121624828869788,
      "halstead_difficulty": 48.618090452261306,
      "halstead_effort": 747010.857577616,
      "halstead_timerequired": 41500.60319875644,
      "halstead_volume": 15364.874486609364,
      "loc": 2,
      "operands_sum": 774,
      "operands_uniq": 199,
      "operators_sum": 1194,
      "operators_uniq": 25
    },
    "median": {
      "comment_ratio": 14.583835946924005,
      "cyclomatic_complexity": 3,
      "fanout_external": 10,
      "fanout_internal": 0,
      "halstead_bugprop": 5.121624828869788,
      "halstead_difficulty": 48.618090452261306,
      "halstead_effort": 747010.857577616,
      "halstead_timerequired": 41500.60319875644,
      "halstead_volume": 15364.874486609364,
      "loc": 2,
      "operands_sum": 774,
      "operands_uniq": 199,
      "operators_sum": 1194,
      "operators_uniq": 25
    },
    "min": {
      "comment_ratio": 14.583835946924005,
      "cyclomatic_complexity": 3,
      "fanout_external": 10,
      "fanout_internal": 0,
      "halstead_bugprop": 5.121624828869788,
      "halstead_difficulty": 48.618090452261306,
      "halstead_effort": 747010.857577616,
      "halstead_timerequired": 41500.60319875644,
      "halstead_volume": 15364.874486609364,
      "loc": 2,
      "operands_sum": 774,
      "operands_uniq": 199,
      "operators_sum": 1194,
      "operators_uniq": 25
    }
  }
}
