{
  "files": {
    "/Users/lorraynereis/Documents/PUC /Engenharia de Sofware/7 Peri\u0301odo/TCC 1/plf-es-2022-2-tcci-5308100-pes-lorrayne-reis/Instrumentos/Codigos/Collect-repositories/Repositories/Cloned-repositories/PythonRobotics/PathPlanning/VisibilityRoadMap/visibility_road_map.py": {
      "comment_ratio": 3.693611867998789,
      "cyclomatic_complexity": 18,
      "fanout_external": 12,
      "fanout_internal": 1,
      "halstead_bugprop": 2.9505878986392107,
      "halstead_difficulty": 78.09917355371901,
      "halstead_effort": 691315.4291439804,
      "halstead_timerequired": 38406.412730221135,
      "halstead_volume": 8851.763695917633,
      "lang": [
        "Python"
      ],
      "loc": 2,
      "operands_sum": 540,
      "operands_uniq": 121,
      "operators_sum": 675,
      "operators_uniq": 35
    }
  },
  "overall": {
    "comment_ratio": 3.693611867998789,
    "cyclomatic_complexity": 18,
    "fanout_external": 12,
    "fanout_internal": 1,
    "halstead_bugprop": 2.9505878986392107,
    "halstead_difficulty": 78.09917355371901,
    "halstead_effort": 691315.4291439804,
    "halstead_timerequired": 38406.412730221135,
    "halstead_volume": 8851.763695917633,
    "loc": 2,
    "maintainability_index": 100,
    "operands_sum": 540,
    "operands_uniq": 121,
    "operators_sum": 675,
    "operators_uniq": 35,
    "pylint": 100.0,
    "tiobe": 84.57281728172818,
    "tiobe_compiler": 100.0,
    "tiobe_complexity": 1.1521152115211521,
    "tiobe_coverage": 100.0,
    "tiobe_duplication": 100.0,
    "tiobe_fanout": 88.0,
    "tiobe_functional": 100.0,
    "tiobe_security": 100.0,
    "tiobe_standard": 100.0
  },
  "stats": {
    "max": {
      "comment_ratio": 3.693611867998789,
      "cyclomatic_complexity": 18,
      "fanout_external": 12,
      "fanout_internal": 1,
      "halstead_bugprop": 2.9505878986392107,
      "halstead_difficulty": 78.09917355371901,
      "halstead_effort": 691315.4291439804,
      "halstead_timerequired": 38406.412730221135,
      "halstead_volume": 8851.763695917633,
      "loc": 2,
      "operands_sum": 540,
      "operands_uniq": 121,
      "operators_sum": 675,
      "operators_uniq": 35
    },
    "mean": {
      "comment_ratio": 3.693611867998789,
      "cyclomatic_complexity": 18,
      "fanout_external": 12,
      "fanout_internal": 1,
      "halstead_bugprop": 2.9505878986392107,
      "halstead_difficulty": 78.09917355371901,
      "halstead_effort": 691315.4291439804,
      "halstead_timerequired": 38406.412730221135,
      "halstead_volume": 8851.763695917633,
      "loc": 2,
      "operands_sum": 540,
      "operands_uniq": 121,
      "operators_sum": 675,
      "operators_uniq": 35
    },
    "median": {
      "comment_ratio": 3.693611867998789,
      "cyclomatic_complexity": 18,
      "fanout_external": 12,
      "fanout_internal": 1,
      "halstead_bugprop": 2.9505878986392107,
      "halstead_difficulty": 78.09917355371901,
      "halstead_effort": 691315.4291439804,
      "halstead_timerequired": 38406.412730221135,
      "halstead_volume": 8851.763695917633,
      "loc": 2,
      "operands_sum": 540,
      "operands_uniq": 121,
      "operators_sum": 675,
      "operators_uniq": 35
    },
    "min": {
      "comment_ratio": 3.693611867998789,
      "cyclomatic_complexity": 18,
      "fanout_external": 12,
      "fanout_internal": 1,
      "halstead_bugprop": 2.9505878986392107,
      "halstead_difficulty": 78.09917355371901,
      "halstead_effort": 691315.4291439804,
      "halstead_timerequired": 38406.412730221135,
      "halstead_volume": 8851.763695917633,
      "loc": 2,
      "operands_sum": 540,
      "operands_uniq": 121,
      "operators_sum": 675,
      "operators_uniq": 35
    }
  }
}
