{
  "files": {
    "/Users/lorraynereis/Documents/PUC /Engenharia de Sofware/7 Peri\u0301odo/TCC 1/plf-es-2022-2-tcci-5308100-pes-lorrayne-reis/Instrumentos/Codigos/Collect-repositories/Repositories/Cloned-repositories/pylot/pylot/debug/visualizer_operator.py": {
      "comment_ratio": 6.49852078423507,
      "cyclomatic_complexity": 66,
      "fanout_external": 16,
      "fanout_internal": 1,
      "halstead_bugprop": 7.206695975315872,
      "halstead_difficulty": 79.87924528301886,
      "halstead_effort": 1726996.3064772042,
      "halstead_timerequired": 95944.23924873356,
      "halstead_volume": 21620.087925947617,
      "lang": [
        "Python"
      ],
      "loc": 1,
      "operands_sum": 1323,
      "operands_uniq": 265,
      "operators_sum": 1309,
      "operators_uniq": 32
    }
  },
  "overall": {
    "comment_ratio": 6.49852078423507,
    "cyclomatic_complexity": 66,
    "fanout_external": 16,
    "fanout_internal": 1,
    "halstead_bugprop": 7.206695975315872,
    "halstead_difficulty": 79.87924528301886,
    "halstead_effort": 1726996.3064772042,
    "halstead_timerequired": 95944.23924873356,
    "halstead_volume": 21620.087925947617,
    "loc": 1,
    "maintainability_index": 100,
    "operands_sum": 1323,
    "operands_uniq": 265,
    "operators_sum": 1309,
    "operators_uniq": 32,
    "pylint": 100.0,
    "tiobe": 84.00339056081995,
    "tiobe_compiler": 100.0,
    "tiobe_complexity": 0.022603738799670835,
    "tiobe_coverage": 100.0,
    "tiobe_duplication": 100.0,
    "tiobe_fanout": 80.0,
    "tiobe_functional": 100.0,
    "tiobe_security": 100.0,
    "tiobe_standard": 100.0
  },
  "stats": {
    "max": {
      "comment_ratio": 6.49852078423507,
      "cyclomatic_complexity": 66,
      "fanout_external": 16,
      "fanout_internal": 1,
      "halstead_bugprop": 7.206695975315872,
      "halstead_difficulty": 79.87924528301886,
      "halstead_effort": 1726996.3064772042,
      "halstead_timerequired": 95944.23924873356,
      "halstead_volume": 21620.087925947617,
      "loc": 1,
      "operands_sum": 1323,
      "operands_uniq": 265,
      "operators_sum": 1309,
      "operators_uniq": 32
    },
    "mean": {
      "comment_ratio": 6.49852078423507,
      "cyclomatic_complexity": 66,
      "fanout_external": 16,
      "fanout_internal": 1,
      "halstead_bugprop": 7.206695975315872,
      "halstead_difficulty": 79.87924528301886,
      "halstead_effort": 1726996.3064772042,
      "halstead_timerequired": 95944.23924873356,
      "halstead_volume": 21620.087925947617,
      "loc": 1,
      "operands_sum": 1323,
      "operands_uniq": 265,
      "operators_sum": 1309,
      "operators_uniq": 32
    },
    "median": {
      "comment_ratio": 6.49852078423507,
      "cyclomatic_complexity": 66,
      "fanout_external": 16,
      "fanout_internal": 1,
      "halstead_bugprop": 7.206695975315872,
      "halstead_difficulty": 79.87924528301886,
      "halstead_effort": 1726996.3064772042,
      "halstead_timerequired": 95944.23924873356,
      "halstead_volume": 21620.087925947617,
      "loc": 1,
      "operands_sum": 1323,
      "operands_uniq": 265,
      "operators_sum": 1309,
      "operators_uniq": 32
    },
    "min": {
      "comment_ratio": 6.49852078423507,
      "cyclomatic_complexity": 66,
      "fanout_external": 16,
      "fanout_internal": 1,
      "halstead_bugprop": 7.206695975315872,
      "halstead_difficulty": 79.87924528301886,
      "halstead_effort": 1726996.3064772042,
      "halstead_timerequired": 95944.23924873356,
      "halstead_volume": 21620.087925947617,
      "loc": 1,
      "operands_sum": 1323,
      "operands_uniq": 265,
      "operators_sum": 1309,
      "operators_uniq": 32
    }
  }
}
