{
  "files": {
    "/Users/lorraynereis/Documents/PUC /Engenharia de Sofware/7 Peri\u0301odo/TCC 1/plf-es-2022-2-tcci-5308100-pes-lorrayne-reis/Instrumentos/Codigos/Collect-repositories/Repositories/Cloned-repositories/l5kit/l5kit/l5kit/visualization/visualizer/visualizer.py": {
      "comment_ratio": 9.585121602288984,
      "cyclomatic_complexity": 13,
      "fanout_external": 13,
      "fanout_internal": 1,
      "halstead_bugprop": 2.712746631977764,
      "halstead_difficulty": 35.94267515923567,
      "halstead_effort": 292510.1129474622,
      "halstead_timerequired": 16250.561830414566,
      "halstead_volume": 8138.239895933291,
      "lang": [
        "Python"
      ],
      "loc": 1,
      "operands_sum": 594,
      "operands_uniq": 157,
      "operators_sum": 497,
      "operators_uniq": 19
    }
  },
  "overall": {
    "comment_ratio": 9.585121602288984,
    "cyclomatic_complexity": 13,
    "fanout_external": 13,
    "fanout_internal": 1,
    "halstead_bugprop": 2.712746631977764,
    "halstead_difficulty": 35.94267515923567,
    "halstead_effort": 292510.1129474622,
    "halstead_timerequired": 16250.561830414566,
    "halstead_volume": 8138.239895933291,
    "loc": 1,
    "maintainability_index": 100,
    "operands_sum": 594,
    "operands_uniq": 157,
    "operators_sum": 497,
    "operators_uniq": 19,
    "pylint": 100.0,
    "tiobe": 84.76153846153845,
    "tiobe_compiler": 100.0,
    "tiobe_complexity": 3.076923076923077,
    "tiobe_coverage": 100.0,
    "tiobe_duplication": 100.0,
    "tiobe_fanout": 86.0,
    "tiobe_functional": 100.0,
    "tiobe_security": 100.0,
    "tiobe_standard": 100.0
  },
  "stats": {
    "max": {
      "comment_ratio": 9.585121602288984,
      "cyclomatic_complexity": 13,
      "fanout_external": 13,
      "fanout_internal": 1,
      "halstead_bugprop": 2.712746631977764,
      "halstead_difficulty": 35.94267515923567,
      "halstead_effort": 292510.1129474622,
      "halstead_timerequired": 16250.561830414566,
      "halstead_volume": 8138.239895933291,
      "loc": 1,
      "operands_sum": 594,
      "operands_uniq": 157,
      "operators_sum": 497,
      "operators_uniq": 19
    },
    "mean": {
      "comment_ratio": 9.585121602288984,
      "cyclomatic_complexity": 13,
      "fanout_external": 13,
      "fanout_internal": 1,
      "halstead_bugprop": 2.712746631977764,
      "halstead_difficulty": 35.94267515923567,
      "halstead_effort": 292510.1129474622,
      "halstead_timerequired": 16250.561830414566,
      "halstead_volume": 8138.239895933291,
      "loc": 1,
      "operands_sum": 594,
      "operands_uniq": 157,
      "operators_sum": 497,
      "operators_uniq": 19
    },
    "median": {
      "comment_ratio": 9.585121602288984,
      "cyclomatic_complexity": 13,
      "fanout_external": 13,
      "fanout_internal": 1,
      "halstead_bugprop": 2.712746631977764,
      "halstead_difficulty": 35.94267515923567,
      "halstead_effort": 292510.1129474622,
      "halstead_timerequired": 16250.561830414566,
      "halstead_volume": 8138.239895933291,
      "loc": 1,
      "operands_sum": 594,
      "operands_uniq": 157,
      "operators_sum": 497,
      "operators_uniq": 19
    },
    "min": {
      "comment_ratio": 9.585121602288984,
      "cyclomatic_complexity": 13,
      "fanout_external": 13,
      "fanout_internal": 1,
      "halstead_bugprop": 2.712746631977764,
      "halstead_difficulty": 35.94267515923567,
      "halstead_effort": 292510.1129474622,
      "halstead_timerequired": 16250.561830414566,
      "halstead_volume": 8138.239895933291,
      "loc": 1,
      "operands_sum": 594,
      "operands_uniq": 157,
      "operators_sum": 497,
      "operators_uniq": 19
    }
  }
}
