{
  "files": {
    "/Users/lorraynereis/Documents/PUC /Engenharia de Sofware/7 Peri\u0301odo/TCC 1/plf-es-2022-2-tcci-5308100-pes-lorrayne-reis/Instrumentos/Codigos/Collect-repositories/Repositories/Cloned-repositories/l5kit/l5kit/l5kit/tests/visualization/visualizer_test.py": {
      "comment_ratio": 3.5155247626379267,
      "cyclomatic_complexity": 0,
      "fanout_external": 13,
      "fanout_internal": 1,
      "halstead_bugprop": 1.5969381328236267,
      "halstead_difficulty": 33.06976744186046,
      "halstead_effort": 158431.11801454864,
      "halstead_timerequired": 8801.728778586035,
      "halstead_volume": 4790.81439847088,
      "lang": [
        "Python"
      ],
      "loc": 1,
      "operands_sum": 316,
      "operands_uniq": 86,
      "operators_sum": 399,
      "operators_uniq": 18
    }
  },
  "overall": {
    "comment_ratio": 3.5155247626379267,
    "cyclomatic_complexity": 0,
    "fanout_external": 13,
    "fanout_internal": 1,
    "halstead_bugprop": 1.5969381328236267,
    "halstead_difficulty": 33.06976744186046,
    "halstead_effort": 158431.11801454864,
    "halstead_timerequired": 8801.728778586035,
    "halstead_volume": 4790.81439847088,
    "loc": 1,
    "maintainability_index": 100,
    "operands_sum": 316,
    "operands_uniq": 86,
    "operators_sum": 399,
    "operators_uniq": 18,
    "pylint": 100.0,
    "tiobe": 99.06923076923077,
    "tiobe_compiler": 100.0,
    "tiobe_complexity": 98.46153846153847,
    "tiobe_coverage": 100.0,
    "tiobe_duplication": 100.0,
    "tiobe_fanout": 86.0,
    "tiobe_functional": 100.0,
    "tiobe_security": 100.0,
    "tiobe_standard": 100.0
  },
  "stats": {
    "max": {
      "comment_ratio": 3.5155247626379267,
      "cyclomatic_complexity": 0,
      "fanout_external": 13,
      "fanout_internal": 1,
      "halstead_bugprop": 1.5969381328236267,
      "halstead_difficulty": 33.06976744186046,
      "halstead_effort": 158431.11801454864,
      "halstead_timerequired": 8801.728778586035,
      "halstead_volume": 4790.81439847088,
      "loc": 1,
      "operands_sum": 316,
      "operands_uniq": 86,
      "operators_sum": 399,
      "operators_uniq": 18
    },
    "mean": {
      "comment_ratio": 3.5155247626379267,
      "cyclomatic_complexity": 0,
      "fanout_external": 13,
      "fanout_internal": 1,
      "halstead_bugprop": 1.5969381328236267,
      "halstead_difficulty": 33.06976744186046,
      "halstead_effort": 158431.11801454864,
      "halstead_timerequired": 8801.728778586035,
      "halstead_volume": 4790.81439847088,
      "loc": 1,
      "operands_sum": 316,
      "operands_uniq": 86,
      "operators_sum": 399,
      "operators_uniq": 18
    },
    "median": {
      "comment_ratio": 3.5155247626379267,
      "cyclomatic_complexity": 0,
      "fanout_external": 13,
      "fanout_internal": 1,
      "halstead_bugprop": 1.5969381328236267,
      "halstead_difficulty": 33.06976744186046,
      "halstead_effort": 158431.11801454864,
      "halstead_timerequired": 8801.728778586035,
      "halstead_volume": 4790.81439847088,
      "loc": 1,
      "operands_sum": 316,
      "operands_uniq": 86,
      "operators_sum": 399,
      "operators_uniq": 18
    },
    "min": {
      "comment_ratio": 3.5155247626379267,
      "cyclomatic_complexity": 0,
      "fanout_external": 13,
      "fanout_internal": 1,
      "halstead_bugprop": 1.5969381328236267,
      "halstead_difficulty": 33.06976744186046,
      "halstead_effort": 158431.11801454864,
      "halstead_timerequired": 8801.728778586035,
      "halstead_volume": 4790.81439847088,
      "loc": 1,
      "operands_sum": 316,
      "operands_uniq": 86,
      "operators_sum": 399,
      "operators_uniq": 18
    }
  }
}
