{
  "files": {
    "/Users/lorraynereis/Documents/PUC /Engenharia de Sofware/7 Peri\u0301odo/TCC 1/plf-es-2022-2-tcci-5308100-pes-lorrayne-reis/Instrumentos/Codigos/Collect-repositories/Repositories/Cloned-repositories/PythonRobotics/PathPlanning/VoronoiRoadMap/voronoi_road_map.py": {
      "comment_ratio": 12.544059713871034,
      "cyclomatic_complexity": 15,
      "fanout_external": 12,
      "fanout_internal": 1,
      "halstead_bugprop": 2.0756891413792253,
      "halstead_difficulty": 47.00892857142857,
      "halstead_effort": 292727.76775075775,
      "halstead_timerequired": 16262.653763930986,
      "halstead_volume": 6227.067424137676,
      "lang": [
        "Python"
      ],
      "loc": 1,
      "operands_sum": 405,
      "operands_uniq": 112,
      "operators_sum": 471,
      "operators_uniq": 26
    }
  },
  "overall": {
    "comment_ratio": 12.544059713871034,
    "cyclomatic_complexity": 15,
    "fanout_external": 12,
    "fanout_internal": 1,
    "halstead_bugprop": 2.0756891413792253,
    "halstead_difficulty": 47.00892857142857,
    "halstead_effort": 292727.76775075775,
    "halstead_timerequired": 16262.653763930986,
    "halstead_volume": 6227.067424137676,
    "loc": 1,
    "maintainability_index": 100,
    "operands_sum": 405,
    "operands_uniq": 112,
    "operators_sum": 471,
    "operators_uniq": 26,
    "pylint": 100.0,
    "tiobe": 84.7,
    "tiobe_compiler": 100.0,
    "tiobe_complexity": 2.0,
    "tiobe_coverage": 100.0,
    "tiobe_duplication": 100.0,
    "tiobe_fanout": 88.0,
    "tiobe_functional": 100.0,
    "tiobe_security": 100.0,
    "tiobe_standard": 100.0
  },
  "stats": {
    "max": {
      "comment_ratio": 12.544059713871034,
      "cyclomatic_complexity": 15,
      "fanout_external": 12,
      "fanout_internal": 1,
      "halstead_bugprop": 2.0756891413792253,
      "halstead_difficulty": 47.00892857142857,
      "halstead_effort": 292727.76775075775,
      "halstead_timerequired": 16262.653763930986,
      "halstead_volume": 6227.067424137676,
      "loc": 1,
      "operands_sum": 405,
      "operands_uniq": 112,
      "operators_sum": 471,
      "operators_uniq": 26
    },
    "mean": {
      "comment_ratio": 12.544059713871034,
      "cyclomatic_complexity": 15,
      "fanout_external": 12,
      "fanout_internal": 1,
      "halstead_bugprop": 2.0756891413792253,
      "halstead_difficulty": 47.00892857142857,
      "halstead_effort": 292727.76775075775,
      "halstead_timerequired": 16262.653763930986,
      "halstead_volume": 6227.067424137676,
      "loc": 1,
      "operands_sum": 405,
      "operands_uniq": 112,
      "operators_sum": 471,
      "operators_uniq": 26
    },
    "median": {
      "comment_ratio": 12.544059713871034,
      "cyclomatic_complexity": 15,
      "fanout_external": 12,
      "fanout_internal": 1,
      "halstead_bugprop": 2.0756891413792253,
      "halstead_difficulty": 47.00892857142857,
      "halstead_effort": 292727.76775075775,
      "halstead_timerequired": 16262.653763930986,
      "halstead_volume": 6227.067424137676,
      "loc": 1,
      "operands_sum": 405,
      "operands_uniq": 112,
      "operators_sum": 471,
      "operators_uniq": 26
    },
    "min": {
      "comment_ratio": 12.544059713871034,
      "cyclomatic_complexity": 15,
      "fanout_external": 12,
      "fanout_internal": 1,
      "halstead_bugprop": 2.0756891413792253,
      "halstead_difficulty": 47.00892857142857,
      "halstead_effort": 292727.76775075775,
      "halstead_timerequired": 16262.653763930986,
      "halstead_volume": 6227.067424137676,
      "loc": 1,
      "operands_sum": 405,
      "operands_uniq": 112,
      "operators_sum": 471,
      "operators_uniq": 26
    }
  }
}
