{
  "files": {
    "/Users/lorraynereis/Documents/PUC /Engenharia de Sofware/7 Peri\u0301odo/TCC 1/plf-es-2022-2-tcci-5308100-pes-lorrayne-reis/Instrumentos/Codigos/Collect-repositories/Repositories/Cloned-repositories/CVPR2023-3D-Occupancy-Prediction/projects/configs/_base_/models/votenet.py": {
      "comment_ratio": 1.436335403726708,
      "cyclomatic_complexity": 2,
      "fanout_external": 0,
      "fanout_internal": 0,
      "halstead_bugprop": 0.9150516837496807,
      "halstead_difficulty": 8.135135135135135,
      "halstead_effort": 22332.207308809775,
      "halstead_timerequired": 1240.6781838227653,
      "halstead_volume": 2745.155051249042,
      "lang": [
        "Python"
      ],
      "loc": 1,
      "operands_sum": 172,
      "operands_uniq": 74,
      "operators_sum": 261,
      "operators_uniq": 7
    }
  },
  "overall": {
    "comment_ratio": 1.436335403726708,
    "cyclomatic_complexity": 2,
    "fanout_external": 0,
    "fanout_internal": 0,
    "halstead_bugprop": 0.9150516837496807,
    "halstead_difficulty": 8.135135135135135,
    "halstead_effort": 22332.207308809775,
    "halstead_timerequired": 1240.6781838227653,
    "halstead_volume": 2745.155051249042,
    "loc": 1,
    "maintainability_index": 100,
    "operands_sum": 172,
    "operands_uniq": 74,
    "operators_sum": 261,
    "operators_uniq": 7,
    "pylint": 100.0,
    "tiobe": 99.32835820895522,
    "tiobe_compiler": 100.0,
    "tiobe_complexity": 95.5223880597015,
    "tiobe_coverage": 100.0,
    "tiobe_duplication": 100.0,
    "tiobe_fanout": 100.0,
    "tiobe_functional": 100.0,
    "tiobe_security": 100.0,
    "tiobe_standard": 100.0
  },
  "stats": {
    "max": {
      "comment_ratio": 1.436335403726708,
      "cyclomatic_complexity": 2,
      "fanout_external": 0,
      "fanout_internal": 0,
      "halstead_bugprop": 0.9150516837496807,
      "halstead_difficulty": 8.135135135135135,
      "halstead_effort": 22332.207308809775,
      "halstead_timerequired": 1240.6781838227653,
      "halstead_volume": 2745.155051249042,
      "loc": 1,
      "operands_sum": 172,
      "operands_uniq": 74,
      "operators_sum": 261,
      "operators_uniq": 7
    },
    "mean": {
      "comment_ratio": 1.436335403726708,
      "cyclomatic_complexity": 2,
      "fanout_external": 0,
      "fanout_internal": 0,
      "halstead_bugprop": 0.9150516837496807,
      "halstead_difficulty": 8.135135135135135,
      "halstead_effort": 22332.207308809775,
      "halstead_timerequired": 1240.6781838227653,
      "halstead_volume": 2745.155051249042,
      "loc": 1,
      "operands_sum": 172,
      "operands_uniq": 74,
      "operators_sum": 261,
      "operators_uniq": 7
    },
    "median": {
      "comment_ratio": 1.436335403726708,
      "cyclomatic_complexity": 2,
      "fanout_external": 0,
      "fanout_internal": 0,
      "halstead_bugprop": 0.9150516837496807,
      "halstead_difficulty": 8.135135135135135,
      "halstead_effort": 22332.207308809775,
      "halstead_timerequired": 1240.6781838227653,
      "halstead_volume": 2745.155051249042,
      "loc": 1,
      "operands_sum": 172,
      "operands_uniq": 74,
      "operators_sum": 261,
      "operators_uniq": 7
    },
    "min": {
      "comment_ratio": 1.436335403726708,
      "cyclomatic_complexity": 2,
      "fanout_external": 0,
      "fanout_internal": 0,
      "halstead_bugprop": 0.9150516837496807,
      "halstead_difficulty": 8.135135135135135,
      "halstead_effort": 22332.207308809775,
      "halstead_timerequired": 1240.6781838227653,
      "halstead_volume": 2745.155051249042,
      "loc": 1,
      "operands_sum": 172,
      "operands_uniq": 74,
      "operators_sum": 261,
      "operators_uniq": 7
    }
  }
}
