{
  "files": {
    "/Users/lorraynereis/Documents/PUC /Engenharia de Sofware/7 Peri\u0301odo/TCC 1/plf-es-2022-2-tcci-5308100-pes-lorrayne-reis/Instrumentos/Codigos/Collect-repositories/Repositories/Cloned-repositories/CVPR2023-3D-Occupancy-Prediction/projects/mmdet3d_plugin/models/backbones/vovnet.py": {
      "comment_ratio": 5.2730535851636615,
      "cyclomatic_complexity": 26,
      "fanout_external": 12,
      "fanout_internal": 1,
      "halstead_bugprop": 5.373588637771335,
      "halstead_difficulty": 104.36746987951808,
      "halstead_effort": 1682483.5508925612,
      "halstead_timerequired": 93471.30838292006,
      "halstead_volume": 16120.765913314004,
      "lang": [
        "Python"
      ],
      "loc": 1,
      "operands_sum": 990,
      "operands_uniq": 166,
      "operators_sum": 1117,
      "operators_uniq": 35
    }
  },
  "overall": {
    "comment_ratio": 5.2730535851636615,
    "cyclomatic_complexity": 26,
    "fanout_external": 12,
    "fanout_internal": 1,
    "halstead_bugprop": 5.373588637771335,
    "halstead_difficulty": 104.36746987951808,
    "halstead_effort": 1682483.5508925612,
    "halstead_timerequired": 93471.30838292006,
    "halstead_volume": 16120.765913314004,
    "loc": 1,
    "maintainability_index": 100,
    "operands_sum": 990,
    "operands_uniq": 166,
    "operators_sum": 1117,
    "operators_uniq": 35,
    "pylint": 100.0,
    "tiobe": 84.45667394769467,
    "tiobe_compiler": 100.0,
    "tiobe_complexity": 0.3778263179644607,
    "tiobe_coverage": 100.0,
    "tiobe_duplication": 100.0,
    "tiobe_fanout": 88.0,
    "tiobe_functional": 100.0,
    "tiobe_security": 100.0,
    "tiobe_standard": 100.0
  },
  "stats": {
    "max": {
      "comment_ratio": 5.2730535851636615,
      "cyclomatic_complexity": 26,
      "fanout_external": 12,
      "fanout_internal": 1,
      "halstead_bugprop": 5.373588637771335,
      "halstead_difficulty": 104.36746987951808,
      "halstead_effort": 1682483.5508925612,
      "halstead_timerequired": 93471.30838292006,
      "halstead_volume": 16120.765913314004,
      "loc": 1,
      "operands_sum": 990,
      "operands_uniq": 166,
      "operators_sum": 1117,
      "operators_uniq": 35
    },
    "mean": {
      "comment_ratio": 5.2730535851636615,
      "cyclomatic_complexity": 26,
      "fanout_external": 12,
      "fanout_internal": 1,
      "halstead_bugprop": 5.373588637771335,
      "halstead_difficulty": 104.36746987951808,
      "halstead_effort": 1682483.5508925612,
      "halstead_timerequired": 93471.30838292006,
      "halstead_volume": 16120.765913314004,
      "loc": 1,
      "operands_sum": 990,
      "operands_uniq": 166,
      "operators_sum": 1117,
      "operators_uniq": 35
    },
    "median": {
      "comment_ratio": 5.2730535851636615,
      "cyclomatic_complexity": 26,
      "fanout_external": 12,
      "fanout_internal": 1,
      "halstead_bugprop": 5.373588637771335,
      "halstead_difficulty": 104.36746987951808,
      "halstead_effort": 1682483.5508925612,
      "halstead_timerequired": 93471.30838292006,
      "halstead_volume": 16120.765913314004,
      "loc": 1,
      "operands_sum": 990,
      "operands_uniq": 166,
      "operators_sum": 1117,
      "operators_uniq": 35
    },
    "min": {
      "comment_ratio": 5.2730535851636615,
      "cyclomatic_complexity": 26,
      "fanout_external": 12,
      "fanout_internal": 1,
      "halstead_bugprop": 5.373588637771335,
      "halstead_difficulty": 104.36746987951808,
      "halstead_effort": 1682483.5508925612,
      "halstead_timerequired": 93471.30838292006,
      "halstead_volume": 16120.765913314004,
      "loc": 1,
      "operands_sum": 990,
      "operands_uniq": 166,
      "operators_sum": 1117,
      "operators_uniq": 35
    }
  }
}
