{
  "files": {
    "/Users/lorraynereis/Documents/PUC /Engenharia de Sofware/7 Peri\u0301odo/TCC 1/plf-es-2022-2-tcci-5308100-pes-lorrayne-reis/Instrumentos/Codigos/Collect-repositories/Repositories/Cloned-repositories/l5kit/l5kit/l5kit/geometry/voxel.py": {
      "comment_ratio": 57.48792270531401,
      "cyclomatic_complexity": 0,
      "fanout_external": 3,
      "fanout_internal": 0,
      "halstead_bugprop": 0.36845439382795,
      "halstead_difficulty": 22.193548387096776,
      "halstead_effort": 24531.93125357706,
      "halstead_timerequired": 1362.88506964317,
      "halstead_volume": 1105.36318148385,
      "lang": [
        "Python"
      ],
      "loc": 1,
      "operands_sum": 86,
      "operands_uniq": 31,
      "operators_sum": 113,
      "operators_uniq": 16
    }
  },
  "overall": {
    "comment_ratio": 57.48792270531401,
    "cyclomatic_complexity": 0,
    "fanout_external": 3,
    "fanout_internal": 0,
    "halstead_bugprop": 0.36845439382795,
    "halstead_difficulty": 22.193548387096776,
    "halstead_effort": 24531.93125357706,
    "halstead_timerequired": 1362.88506964317,
    "halstead_volume": 1105.36318148385,
    "loc": 1,
    "maintainability_index": 100,
    "operands_sum": 86,
    "operands_uniq": 31,
    "operators_sum": 113,
    "operators_uniq": 16,
    "pylint": 100.0,
    "tiobe": 99.76923076923077,
    "tiobe_compiler": 100.0,
    "tiobe_complexity": 98.46153846153847,
    "tiobe_coverage": 100.0,
    "tiobe_duplication": 100.0,
    "tiobe_fanout": 100.0,
    "tiobe_functional": 100.0,
    "tiobe_security": 100.0,
    "tiobe_standard": 100.0
  },
  "stats": {
    "max": {
      "comment_ratio": 57.48792270531401,
      "cyclomatic_complexity": 0,
      "fanout_external": 3,
      "fanout_internal": 0,
      "halstead_bugprop": 0.36845439382795,
      "halstead_difficulty": 22.193548387096776,
      "halstead_effort": 24531.93125357706,
      "halstead_timerequired": 1362.88506964317,
      "halstead_volume": 1105.36318148385,
      "loc": 1,
      "operands_sum": 86,
      "operands_uniq": 31,
      "operators_sum": 113,
      "operators_uniq": 16
    },
    "mean": {
      "comment_ratio": 57.48792270531401,
      "cyclomatic_complexity": 0,
      "fanout_external": 3,
      "fanout_internal": 0,
      "halstead_bugprop": 0.36845439382795,
      "halstead_difficulty": 22.193548387096776,
      "halstead_effort": 24531.93125357706,
      "halstead_timerequired": 1362.88506964317,
      "halstead_volume": 1105.36318148385,
      "loc": 1,
      "operands_sum": 86,
      "operands_uniq": 31,
      "operators_sum": 113,
      "operators_uniq": 16
    },
    "median": {
      "comment_ratio": 57.48792270531401,
      "cyclomatic_complexity": 0,
      "fanout_external": 3,
      "fanout_internal": 0,
      "halstead_bugprop": 0.36845439382795,
      "halstead_difficulty": 22.193548387096776,
      "halstead_effort": 24531.93125357706,
      "halstead_timerequired": 1362.88506964317,
      "halstead_volume": 1105.36318148385,
      "loc": 1,
      "operands_sum": 86,
      "operands_uniq": 31,
      "operators_sum": 113,
      "operators_uniq": 16
    },
    "min": {
      "comment_ratio": 57.48792270531401,
      "cyclomatic_complexity": 0,
      "fanout_external": 3,
      "fanout_internal": 0,
      "halstead_bugprop": 0.36845439382795,
      "halstead_difficulty": 22.193548387096776,
      "halstead_effort": 24531.93125357706,
      "halstead_timerequired": 1362.88506964317,
      "halstead_volume": 1105.36318148385,
      "loc": 1,
      "operands_sum": 86,
      "operands_uniq": 31,
      "operators_sum": 113,
      "operators_uniq": 16
    }
  }
}
