{
  "files": {
    "/Users/lorraynereis/Documents/PUC /Engenharia de Sofware/7 Peri\u0301odo/TCC 1/plf-es-2022-2-tcci-5308100-pes-lorrayne-reis/Instrumentos/Codigos/Collect-repositories/Repositories/Cloned-repositories/VoxFormer/projects/mmdet3d_plugin/voxformer/detectors/voxformer.py": {
      "comment_ratio": 31.59401845370665,
      "cyclomatic_complexity": 7,
      "fanout_external": 19,
      "fanout_internal": 1,
      "halstead_bugprop": 1.3907805623928422,
      "halstead_difficulty": 46.2027027027027,
      "halstead_effort": 192773.46254680248,
      "halstead_timerequired": 10709.636808155694,
      "halstead_volume": 4172.341687178527,
      "lang": [
        "Python"
      ],
      "loc": 1,
      "operands_sum": 263,
      "operands_uniq": 74,
      "operators_sum": 365,
      "operators_uniq": 26
    }
  },
  "overall": {
    "comment_ratio": 31.59401845370665,
    "cyclomatic_complexity": 7,
    "fanout_external": 19,
    "fanout_internal": 1,
    "halstead_bugprop": 1.3907805623928422,
    "halstead_difficulty": 46.2027027027027,
    "halstead_effort": 192773.46254680248,
    "halstead_timerequired": 10709.636808155694,
    "halstead_volume": 4172.341687178527,
    "loc": 1,
    "maintainability_index": 100,
    "operands_sum": 263,
    "operands_uniq": 74,
    "operators_sum": 365,
    "operators_uniq": 26,
    "pylint": 100.0,
    "tiobe": 86.42727272727272,
    "tiobe_compiler": 100.0,
    "tiobe_complexity": 18.181818181818183,
    "tiobe_coverage": 100.0,
    "tiobe_duplication": 100.0,
    "tiobe_fanout": 74.0,
    "tiobe_functional": 100.0,
    "tiobe_security": 100.0,
    "tiobe_standard": 100.0
  },
  "stats": {
    "max": {
      "comment_ratio": 31.59401845370665,
      "cyclomatic_complexity": 7,
      "fanout_external": 19,
      "fanout_internal": 1,
      "halstead_bugprop": 1.3907805623928422,
      "halstead_difficulty": 46.2027027027027,
      "halstead_effort": 192773.46254680248,
      "halstead_timerequired": 10709.636808155694,
      "halstead_volume": 4172.341687178527,
      "loc": 1,
      "operands_sum": 263,
      "operands_uniq": 74,
      "operators_sum": 365,
      "operators_uniq": 26
    },
    "mean": {
      "comment_ratio": 31.59401845370665,
      "cyclomatic_complexity": 7,
      "fanout_external": 19,
      "fanout_internal": 1,
      "halstead_bugprop": 1.3907805623928422,
      "halstead_difficulty": 46.2027027027027,
      "halstead_effort": 192773.46254680248,
      "halstead_timerequired": 10709.636808155694,
      "halstead_volume": 4172.341687178527,
      "loc": 1,
      "operands_sum": 263,
      "operands_uniq": 74,
      "operators_sum": 365,
      "operators_uniq": 26
    },
    "median": {
      "comment_ratio": 31.59401845370665,
      "cyclomatic_complexity": 7,
      "fanout_external": 19,
      "fanout_internal": 1,
      "halstead_bugprop": 1.3907805623928422,
      "halstead_difficulty": 46.2027027027027,
      "halstead_effort": 192773.46254680248,
      "halstead_timerequired": 10709.636808155694,
      "halstead_volume": 4172.341687178527,
      "loc": 1,
      "operands_sum": 263,
      "operands_uniq": 74,
      "operators_sum": 365,
      "operators_uniq": 26
    },
    "min": {
      "comment_ratio": 31.59401845370665,
      "cyclomatic_complexity": 7,
      "fanout_external": 19,
      "fanout_internal": 1,
      "halstead_bugprop": 1.3907805623928422,
      "halstead_difficulty": 46.2027027027027,
      "halstead_effort": 192773.46254680248,
      "halstead_timerequired": 10709.636808155694,
      "halstead_volume": 4172.341687178527,
      "loc": 1,
      "operands_sum": 263,
      "operands_uniq": 74,
      "operators_sum": 365,
      "operators_uniq": 26
    }
  }
}
