{
  "files": {
    "/Users/lorraynereis/Documents/PUC /Engenharia de Sofware/7 Peri\u0301odo/TCC 1/plf-es-2022-2-tcci-5308100-pes-lorrayne-reis/Instrumentos/Codigos/Collect-repositories/Repositories/Cloned-repositories/VoxFormer/projects/configs/voxformer/voxformer-S.py": {
      "comment_ratio": 0.5921770297646876,
      "cyclomatic_complexity": 2,
      "fanout_external": 0,
      "fanout_internal": 0,
      "halstead_bugprop": 2.040438531075235,
      "halstead_difficulty": 12.185430463576159,
      "halstead_effort": 74590.86550685628,
      "halstead_timerequired": 4143.936972603126,
      "halstead_volume": 6121.315593225705,
      "lang": [
        "Python"
      ],
      "loc": 1,
      "operands_sum": 368,
      "operands_uniq": 151,
      "operators_sum": 467,
      "operators_uniq": 10
    }
  },
  "overall": {
    "comment_ratio": 0.5921770297646876,
    "cyclomatic_complexity": 2,
    "fanout_external": 0,
    "fanout_internal": 0,
    "halstead_bugprop": 2.040438531075235,
    "halstead_difficulty": 12.185430463576159,
    "halstead_effort": 74590.86550685628,
    "halstead_timerequired": 4143.936972603126,
    "halstead_volume": 6121.315593225705,
    "loc": 1,
    "maintainability_index": 100,
    "operands_sum": 368,
    "operands_uniq": 151,
    "operators_sum": 467,
    "operators_uniq": 10,
    "pylint": 100.0,
    "tiobe": 99.32835820895522,
    "tiobe_compiler": 100.0,
    "tiobe_complexity": 95.5223880597015,
    "tiobe_coverage": 100.0,
    "tiobe_duplication": 100.0,
    "tiobe_fanout": 100.0,
    "tiobe_functional": 100.0,
    "tiobe_security": 100.0,
    "tiobe_standard": 100.0
  },
  "stats": {
    "max": {
      "comment_ratio": 0.5921770297646876,
      "cyclomatic_complexity": 2,
      "fanout_external": 0,
      "fanout_internal": 0,
      "halstead_bugprop": 2.040438531075235,
      "halstead_difficulty": 12.185430463576159,
      "halstead_effort": 74590.86550685628,
      "halstead_timerequired": 4143.936972603126,
      "halstead_volume": 6121.315593225705,
      "loc": 1,
      "operands_sum": 368,
      "operands_uniq": 151,
      "operators_sum": 467,
      "operators_uniq": 10
    },
    "mean": {
      "comment_ratio": 0.5921770297646876,
      "cyclomatic_complexity": 2,
      "fanout_external": 0,
      "fanout_internal": 0,
      "halstead_bugprop": 2.040438531075235,
      "halstead_difficulty": 12.185430463576159,
      "halstead_effort": 74590.86550685628,
      "halstead_timerequired": 4143.936972603126,
      "halstead_volume": 6121.315593225705,
      "loc": 1,
      "operands_sum": 368,
      "operands_uniq": 151,
      "operators_sum": 467,
      "operators_uniq": 10
    },
    "median": {
      "comment_ratio": 0.5921770297646876,
      "cyclomatic_complexity": 2,
      "fanout_external": 0,
      "fanout_internal": 0,
      "halstead_bugprop": 2.040438531075235,
      "halstead_difficulty": 12.185430463576159,
      "halstead_effort": 74590.86550685628,
      "halstead_timerequired": 4143.936972603126,
      "halstead_volume": 6121.315593225705,
      "loc": 1,
      "operands_sum": 368,
      "operands_uniq": 151,
      "operators_sum": 467,
      "operators_uniq": 10
    },
    "min": {
      "comment_ratio": 0.5921770297646876,
      "cyclomatic_complexity": 2,
      "fanout_external": 0,
      "fanout_internal": 0,
      "halstead_bugprop": 2.040438531075235,
      "halstead_difficulty": 12.185430463576159,
      "halstead_effort": 74590.86550685628,
      "halstead_timerequired": 4143.936972603126,
      "halstead_volume": 6121.315593225705,
      "loc": 1,
      "operands_sum": 368,
      "operands_uniq": 151,
      "operators_sum": 467,
      "operators_uniq": 10
    }
  }
}
