{
  "files": {
    "/Users/lorraynereis/Documents/PUC /Engenharia de Sofware/7 Peri\u0301odo/TCC 1/plf-es-2022-2-tcci-5308100-pes-lorrayne-reis/Instrumentos/Codigos/Collect-repositories/Repositories/Cloned-repositories/PythonRobotics/PathPlanning/WavefrontCPP/wavefront_coverage_path_planner.py": {
      "comment_ratio": 15.424610051993067,
      "cyclomatic_complexity": 35,
      "fanout_external": 8,
      "fanout_internal": 1,
      "halstead_bugprop": 3.3364103827497504,
      "halstead_difficulty": 62.93859649122807,
      "halstead_effort": 629966.960427091,
      "halstead_timerequired": 34998.16446817172,
      "halstead_volume": 10009.231148249251,
      "lang": [
        "Python"
      ],
      "loc": 4,
      "operands_sum": 574,
      "operands_uniq": 114,
      "operators_sum": 832,
      "operators_uniq": 25
    }
  },
  "overall": {
    "comment_ratio": 15.424610051993067,
    "cyclomatic_complexity": 35,
    "fanout_external": 8,
    "fanout_internal": 1,
    "halstead_bugprop": 3.3364103827497504,
    "halstead_difficulty": 62.93859649122807,
    "halstead_effort": 629966.960427091,
    "halstead_timerequired": 34998.16446817172,
    "halstead_volume": 10009.231148249251,
    "loc": 4,
    "maintainability_index": 92.59346343269601,
    "operands_sum": 574,
    "operands_uniq": 114,
    "operators_sum": 832,
    "operators_uniq": 25,
    "pylint": 100.0,
    "tiobe": 84.82303262955854,
    "tiobe_compiler": 100.0,
    "tiobe_complexity": 0.15355086372360843,
    "tiobe_coverage": 100.0,
    "tiobe_duplication": 100.0,
    "tiobe_fanout": 96.0,
    "tiobe_functional": 100.0,
    "tiobe_security": 100.0,
    "tiobe_standard": 100.0
  },
  "stats": {
    "max": {
      "comment_ratio": 15.424610051993067,
      "cyclomatic_complexity": 35,
      "fanout_external": 8,
      "fanout_internal": 1,
      "halstead_bugprop": 3.3364103827497504,
      "halstead_difficulty": 62.93859649122807,
      "halstead_effort": 629966.960427091,
      "halstead_timerequired": 34998.16446817172,
      "halstead_volume": 10009.231148249251,
      "loc": 4,
      "operands_sum": 574,
      "operands_uniq": 114,
      "operators_sum": 832,
      "operators_uniq": 25
    },
    "mean": {
      "comment_ratio": 15.424610051993067,
      "cyclomatic_complexity": 35,
      "fanout_external": 8,
      "fanout_internal": 1,
      "halstead_bugprop": 3.3364103827497504,
      "halstead_difficulty": 62.93859649122807,
      "halstead_effort": 629966.960427091,
      "halstead_timerequired": 34998.16446817172,
      "halstead_volume": 10009.231148249251,
      "loc": 4,
      "operands_sum": 574,
      "operands_uniq": 114,
      "operators_sum": 832,
      "operators_uniq": 25
    },
    "median": {
      "comment_ratio": 15.424610051993067,
      "cyclomatic_complexity": 35,
      "fanout_external": 8,
      "fanout_internal": 1,
      "halstead_bugprop": 3.3364103827497504,
      "halstead_difficulty": 62.93859649122807,
      "halstead_effort": 629966.960427091,
      "halstead_timerequired": 34998.16446817172,
      "halstead_volume": 10009.231148249251,
      "loc": 4,
      "operands_sum": 574,
      "operands_uniq": 114,
      "operators_sum": 832,
      "operators_uniq": 25
    },
    "min": {
      "comment_ratio": 15.424610051993067,
      "cyclomatic_complexity": 35,
      "fanout_external": 8,
      "fanout_internal": 1,
      "halstead_bugprop": 3.3364103827497504,
      "halstead_difficulty": 62.93859649122807,
      "halstead_effort": 629966.960427091,
      "halstead_timerequired": 34998.16446817172,
      "halstead_volume": 10009.231148249251,
      "loc": 4,
      "operands_sum": 574,
      "operands_uniq": 114,
      "operators_sum": 832,
      "operators_uniq": 25
    }
  }
}
