{
  "files": {
    "/Users/lorraynereis/Documents/PUC /Engenharia de Sofware/7 Peri\u0301odo/TCC 1/plf-es-2022-2-tcci-5308100-pes-lorrayne-reis/Instrumentos/Codigos/Collect-repositories/Repositories/Cloned-repositories/CVPR2023-3D-Occupancy-Prediction/projects/configs/_base_/datasets/waymoD5-3d-3class.py": {
      "comment_ratio": 14.073919398621841,
      "cyclomatic_complexity": 2,
      "fanout_external": 0,
      "fanout_internal": 0,
      "halstead_bugprop": 1.3100651774892413,
      "halstead_difficulty": 12.455696202531646,
      "halstead_effort": 48953.321568965075,
      "halstead_timerequired": 2719.628976053615,
      "halstead_volume": 3930.195532467724,
      "lang": [
        "Python"
      ],
      "loc": 1,
      "operands_sum": 246,
      "operands_uniq": 79,
      "operators_sum": 364,
      "operators_uniq": 8
    }
  },
  "overall": {
    "comment_ratio": 14.073919398621841,
    "cyclomatic_complexity": 2,
    "fanout_external": 0,
    "fanout_internal": 0,
    "halstead_bugprop": 1.3100651774892413,
    "halstead_difficulty": 12.455696202531646,
    "halstead_effort": 48953.321568965075,
    "halstead_timerequired": 2719.628976053615,
    "halstead_volume": 3930.195532467724,
    "loc": 1,
    "maintainability_index": 100,
    "operands_sum": 246,
    "operands_uniq": 79,
    "operators_sum": 364,
    "operators_uniq": 8,
    "pylint": 100.0,
    "tiobe": 99.32835820895522,
    "tiobe_compiler": 100.0,
    "tiobe_complexity": 95.5223880597015,
    "tiobe_coverage": 100.0,
    "tiobe_duplication": 100.0,
    "tiobe_fanout": 100.0,
    "tiobe_functional": 100.0,
    "tiobe_security": 100.0,
    "tiobe_standard": 100.0
  },
  "stats": {
    "max": {
      "comment_ratio": 14.073919398621841,
      "cyclomatic_complexity": 2,
      "fanout_external": 0,
      "fanout_internal": 0,
      "halstead_bugprop": 1.3100651774892413,
      "halstead_difficulty": 12.455696202531646,
      "halstead_effort": 48953.321568965075,
      "halstead_timerequired": 2719.628976053615,
      "halstead_volume": 3930.195532467724,
      "loc": 1,
      "operands_sum": 246,
      "operands_uniq": 79,
      "operators_sum": 364,
      "operators_uniq": 8
    },
    "mean": {
      "comment_ratio": 14.073919398621841,
      "cyclomatic_complexity": 2,
      "fanout_external": 0,
      "fanout_internal": 0,
      "halstead_bugprop": 1.3100651774892413,
      "halstead_difficulty": 12.455696202531646,
      "halstead_effort": 48953.321568965075,
      "halstead_timerequired": 2719.628976053615,
      "halstead_volume": 3930.195532467724,
      "loc": 1,
      "operands_sum": 246,
      "operands_uniq": 79,
      "operators_sum": 364,
      "operators_uniq": 8
    },
    "median": {
      "comment_ratio": 14.073919398621841,
      "cyclomatic_complexity": 2,
      "fanout_external": 0,
      "fanout_internal": 0,
      "halstead_bugprop": 1.3100651774892413,
      "halstead_difficulty": 12.455696202531646,
      "halstead_effort": 48953.321568965075,
      "halstead_timerequired": 2719.628976053615,
      "halstead_volume": 3930.195532467724,
      "loc": 1,
      "operands_sum": 246,
      "operands_uniq": 79,
      "operators_sum": 364,
      "operators_uniq": 8
    },
    "min": {
      "comment_ratio": 14.073919398621841,
      "cyclomatic_complexity": 2,
      "fanout_external": 0,
      "fanout_internal": 0,
      "halstead_bugprop": 1.3100651774892413,
      "halstead_difficulty": 12.455696202531646,
      "halstead_effort": 48953.321568965075,
      "halstead_timerequired": 2719.628976053615,
      "halstead_volume": 3930.195532467724,
      "loc": 1,
      "operands_sum": 246,
      "operands_uniq": 79,
      "operators_sum": 364,
      "operators_uniq": 8
    }
  }
}
