{
  "files": {
    "/Users/lorraynereis/Documents/PUC /Engenharia de Sofware/7 Peri\u0301odo/TCC 1/plf-es-2022-2-tcci-5308100-pes-lorrayne-reis/Instrumentos/Codigos/Collect-repositories/Repositories/Cloned-repositories/CVPR2023-3D-Occupancy-Prediction/projects/configs/_base_/datasets/waymoD5-3d-car.py": {
      "comment_ratio": 14.392483450779414,
      "cyclomatic_complexity": 2,
      "fanout_external": 0,
      "fanout_internal": 0,
      "halstead_bugprop": 1.2614173047616755,
      "halstead_difficulty": 12.526315789473685,
      "halstead_effort": 47402.73450525454,
      "halstead_timerequired": 2633.485250291919,
      "halstead_volume": 3784.2519142850265,
      "lang": [
        "Python"
      ],
      "loc": 1,
      "operands_sum": 238,
      "operands_uniq": 76,
      "operators_sum": 354,
      "operators_uniq": 8
    }
  },
  "overall": {
    "comment_ratio": 14.392483450779414,
    "cyclomatic_complexity": 2,
    "fanout_external": 0,
    "fanout_internal": 0,
    "halstead_bugprop": 1.2614173047616755,
    "halstead_difficulty": 12.526315789473685,
    "halstead_effort": 47402.73450525454,
    "halstead_timerequired": 2633.485250291919,
    "halstead_volume": 3784.2519142850265,
    "loc": 1,
    "maintainability_index": 100,
    "operands_sum": 238,
    "operands_uniq": 76,
    "operators_sum": 354,
    "operators_uniq": 8,
    "pylint": 100.0,
    "tiobe": 99.32835820895522,
    "tiobe_compiler": 100.0,
    "tiobe_complexity": 95.5223880597015,
    "tiobe_coverage": 100.0,
    "tiobe_duplication": 100.0,
    "tiobe_fanout": 100.0,
    "tiobe_functional": 100.0,
    "tiobe_security": 100.0,
    "tiobe_standard": 100.0
  },
  "stats": {
    "max": {
      "comment_ratio": 14.392483450779414,
      "cyclomatic_complexity": 2,
      "fanout_external": 0,
      "fanout_internal": 0,
      "halstead_bugprop": 1.2614173047616755,
      "halstead_difficulty": 12.526315789473685,
      "halstead_effort": 47402.73450525454,
      "halstead_timerequired": 2633.485250291919,
      "halstead_volume": 3784.2519142850265,
      "loc": 1,
      "operands_sum": 238,
      "operands_uniq": 76,
      "operators_sum": 354,
      "operators_uniq": 8
    },
    "mean": {
      "comment_ratio": 14.392483450779414,
      "cyclomatic_complexity": 2,
      "fanout_external": 0,
      "fanout_internal": 0,
      "halstead_bugprop": 1.2614173047616755,
      "halstead_difficulty": 12.526315789473685,
      "halstead_effort": 47402.73450525454,
      "halstead_timerequired": 2633.485250291919,
      "halstead_volume": 3784.2519142850265,
      "loc": 1,
      "operands_sum": 238,
      "operands_uniq": 76,
      "operators_sum": 354,
      "operators_uniq": 8
    },
    "median": {
      "comment_ratio": 14.392483450779414,
      "cyclomatic_complexity": 2,
      "fanout_external": 0,
      "fanout_internal": 0,
      "halstead_bugprop": 1.2614173047616755,
      "halstead_difficulty": 12.526315789473685,
      "halstead_effort": 47402.73450525454,
      "halstead_timerequired": 2633.485250291919,
      "halstead_volume": 3784.2519142850265,
      "loc": 1,
      "operands_sum": 238,
      "operands_uniq": 76,
      "operators_sum": 354,
      "operators_uniq": 8
    },
    "min": {
      "comment_ratio": 14.392483450779414,
      "cyclomatic_complexity": 2,
      "fanout_external": 0,
      "fanout_internal": 0,
      "halstead_bugprop": 1.2614173047616755,
      "halstead_difficulty": 12.526315789473685,
      "halstead_effort": 47402.73450525454,
      "halstead_timerequired": 2633.485250291919,
      "halstead_volume": 3784.2519142850265,
      "loc": 1,
      "operands_sum": 238,
      "operands_uniq": 76,
      "operators_sum": 354,
      "operators_uniq": 8
    }
  }
}
