{
  "files": {
    "/Users/lorraynereis/Documents/PUC /Engenharia de Sofware/7 Peri\u0301odo/TCC 1/plf-es-2022-2-tcci-5308100-pes-lorrayne-reis/Instrumentos/Codigos/Collect-repositories/Repositories/Cloned-repositories/pylot/pylot/planning/waypoints.py": {
      "comment_ratio": 20.991122598044726,
      "cyclomatic_complexity": 26,
      "fanout_external": 7,
      "fanout_internal": 1,
      "halstead_bugprop": 2.5184117962576202,
      "halstead_difficulty": 90.1530612244898,
      "halstead_effort": 681127.5985694717,
      "halstead_timerequired": 37840.42214274843,
      "halstead_volume": 7555.235388772861,
      "lang": [
        "Python"
      ],
      "loc": 1,
      "operands_sum": 465,
      "operands_uniq": 98,
      "operators_sum": 601,
      "operators_uniq": 38
    }
  },
  "overall": {
    "comment_ratio": 20.991122598044726,
    "cyclomatic_complexity": 26,
    "fanout_external": 7,
    "fanout_internal": 1,
    "halstead_bugprop": 2.5184117962576202,
    "halstead_difficulty": 90.1530612244898,
    "halstead_effort": 681127.5985694717,
    "halstead_timerequired": 37840.42214274843,
    "halstead_volume": 7555.235388772861,
    "loc": 1,
    "maintainability_index": 100,
    "operands_sum": 465,
    "operands_uniq": 98,
    "operators_sum": 601,
    "operators_uniq": 38,
    "pylint": 100.0,
    "tiobe": 84.95667394769467,
    "tiobe_compiler": 100.0,
    "tiobe_complexity": 0.3778263179644607,
    "tiobe_coverage": 100.0,
    "tiobe_duplication": 100.0,
    "tiobe_fanout": 98.0,
    "tiobe_functional": 100.0,
    "tiobe_security": 100.0,
    "tiobe_standard": 100.0
  },
  "stats": {
    "max": {
      "comment_ratio": 20.991122598044726,
      "cyclomatic_complexity": 26,
      "fanout_external": 7,
      "fanout_internal": 1,
      "halstead_bugprop": 2.5184117962576202,
      "halstead_difficulty": 90.1530612244898,
      "halstead_effort": 681127.5985694717,
      "halstead_timerequired": 37840.42214274843,
      "halstead_volume": 7555.235388772861,
      "loc": 1,
      "operands_sum": 465,
      "operands_uniq": 98,
      "operators_sum": 601,
      "operators_uniq": 38
    },
    "mean": {
      "comment_ratio": 20.991122598044726,
      "cyclomatic_complexity": 26,
      "fanout_external": 7,
      "fanout_internal": 1,
      "halstead_bugprop": 2.5184117962576202,
      "halstead_difficulty": 90.1530612244898,
      "halstead_effort": 681127.5985694717,
      "halstead_timerequired": 37840.42214274843,
      "halstead_volume": 7555.235388772861,
      "loc": 1,
      "operands_sum": 465,
      "operands_uniq": 98,
      "operators_sum": 601,
      "operators_uniq": 38
    },
    "median": {
      "comment_ratio": 20.991122598044726,
      "cyclomatic_complexity": 26,
      "fanout_external": 7,
      "fanout_internal": 1,
      "halstead_bugprop": 2.5184117962576202,
      "halstead_difficulty": 90.1530612244898,
      "halstead_effort": 681127.5985694717,
      "halstead_timerequired": 37840.42214274843,
      "halstead_volume": 7555.235388772861,
      "loc": 1,
      "operands_sum": 465,
      "operands_uniq": 98,
      "operators_sum": 601,
      "operators_uniq": 38
    },
    "min": {
      "comment_ratio": 20.991122598044726,
      "cyclomatic_complexity": 26,
      "fanout_external": 7,
      "fanout_internal": 1,
      "halstead_bugprop": 2.5184117962576202,
      "halstead_difficulty": 90.1530612244898,
      "halstead_effort": 681127.5985694717,
      "halstead_timerequired": 37840.42214274843,
      "halstead_volume": 7555.235388772861,
      "loc": 1,
      "operands_sum": 465,
      "operands_uniq": 98,
      "operators_sum": 601,
      "operators_uniq": 38
    }
  }
}
