{
  "files": {
    "/Users/lorraynereis/Documents/PUC /Engenharia de Sofware/7 Peri\u0301odo/TCC 1/plf-es-2022-2-tcci-5308100-pes-lorrayne-reis/Instrumentos/Codigos/Collect-repositories/Repositories/Cloned-repositories/pylot/pylot/planning/world.py": {
      "comment_ratio": 17.220487486601108,
      "cyclomatic_complexity": 74,
      "fanout_external": 13,
      "fanout_internal": 1,
      "halstead_bugprop": 5.0667740763465705,
      "halstead_difficulty": 91.87421383647799,
      "halstead_effort": 1396517.6548541642,
      "halstead_timerequired": 77584.31415856468,
      "halstead_volume": 15200.322229039712,
      "lang": [
        "Python"
      ],
      "loc": 6,
      "operands_sum": 913,
      "operands_uniq": 159,
      "operators_sum": 1093,
      "operators_uniq": 32
    }
  },
  "overall": {
    "comment_ratio": 17.220487486601108,
    "cyclomatic_complexity": 74,
    "fanout_external": 13,
    "fanout_internal": 1,
    "halstead_bugprop": 5.0667740763465705,
    "halstead_difficulty": 91.87421383647799,
    "halstead_effort": 1396517.6548541642,
    "halstead_timerequired": 77584.31415856468,
    "halstead_volume": 15200.322229039712,
    "loc": 6,
    "maintainability_index": 74.88232268788482,
    "operands_sum": 913,
    "operands_uniq": 159,
    "operators_sum": 1093,
    "operators_uniq": 32,
    "pylint": 100.0,
    "tiobe": 84.30240156702247,
    "tiobe_compiler": 100.0,
    "tiobe_complexity": 0.016010446816547796,
    "tiobe_coverage": 100.0,
    "tiobe_duplication": 100.0,
    "tiobe_fanout": 86.0,
    "tiobe_functional": 100.0,
    "tiobe_security": 100.0,
    "tiobe_standard": 100.0
  },
  "stats": {
    "max": {
      "comment_ratio": 17.220487486601108,
      "cyclomatic_complexity": 74,
      "fanout_external": 13,
      "fanout_internal": 1,
      "halstead_bugprop": 5.0667740763465705,
      "halstead_difficulty": 91.87421383647799,
      "halstead_effort": 1396517.6548541642,
      "halstead_timerequired": 77584.31415856468,
      "halstead_volume": 15200.322229039712,
      "loc": 6,
      "operands_sum": 913,
      "operands_uniq": 159,
      "operators_sum": 1093,
      "operators_uniq": 32
    },
    "mean": {
      "comment_ratio": 17.220487486601108,
      "cyclomatic_complexity": 74,
      "fanout_external": 13,
      "fanout_internal": 1,
      "halstead_bugprop": 5.0667740763465705,
      "halstead_difficulty": 91.87421383647799,
      "halstead_effort": 1396517.6548541642,
      "halstead_timerequired": 77584.31415856468,
      "halstead_volume": 15200.322229039712,
      "loc": 6,
      "operands_sum": 913,
      "operands_uniq": 159,
      "operators_sum": 1093,
      "operators_uniq": 32
    },
    "median": {
      "comment_ratio": 17.220487486601108,
      "cyclomatic_complexity": 74,
      "fanout_external": 13,
      "fanout_internal": 1,
      "halstead_bugprop": 5.0667740763465705,
      "halstead_difficulty": 91.87421383647799,
      "halstead_effort": 1396517.6548541642,
      "halstead_timerequired": 77584.31415856468,
      "halstead_volume": 15200.322229039712,
      "loc": 6,
      "operands_sum": 913,
      "operands_uniq": 159,
      "operators_sum": 1093,
      "operators_uniq": 32
    },
    "min": {
      "comment_ratio": 17.220487486601108,
      "cyclomatic_complexity": 74,
      "fanout_external": 13,
      "fanout_internal": 1,
      "halstead_bugprop": 5.0667740763465705,
      "halstead_difficulty": 91.87421383647799,
      "halstead_effort": 1396517.6548541642,
      "halstead_timerequired": 77584.31415856468,
      "halstead_volume": 15200.322229039712,
      "loc": 6,
      "operands_sum": 913,
      "operands_uniq": 159,
      "operators_sum": 1093,
      "operators_uniq": 32
    }
  }
}
