{
  "files": {
    "/Users/lorraynereis/Documents/PUC /Engenharia de Sofware/7 Peri\u0301odo/TCC 1/plf-es-2022-2-tcci-5308100-pes-lorrayne-reis/Instrumentos/Codigos/Collect-repositories/Repositories/Cloned-repositories/l5kit/l5kit/l5kit/data/zarr_utils.py": {
      "comment_ratio": 29.676915059927044,
      "cyclomatic_complexity": 3,
      "fanout_external": 9,
      "fanout_internal": 1,
      "halstead_bugprop": 3.159159999606571,
      "halstead_difficulty": 75.50427350427351,
      "halstead_effort": 715590.2419621655,
      "halstead_timerequired": 39755.013442342526,
      "halstead_volume": 9477.479998819714,
      "lang": [
        "Python"
      ],
      "loc": 1,
      "operands_sum": 631,
      "operands_uniq": 117,
      "operators_sum": 689,
      "operators_uniq": 28
    }
  },
  "overall": {
    "comment_ratio": 29.676915059927044,
    "cyclomatic_complexity": 3,
    "fanout_external": 9,
    "fanout_internal": 1,
    "halstead_bugprop": 3.159159999606571,
    "halstead_difficulty": 75.50427350427351,
    "halstead_effort": 715590.2419621655,
    "halstead_timerequired": 39755.013442342526,
    "halstead_volume": 9477.479998819714,
    "loc": 1,
    "maintainability_index": 100,
    "operands_sum": 631,
    "operands_uniq": 117,
    "operators_sum": 689,
    "operators_uniq": 28,
    "pylint": 100.0,
    "tiobe": 96.7,
    "tiobe_compiler": 100.0,
    "tiobe_complexity": 80.0,
    "tiobe_coverage": 100.0,
    "tiobe_duplication": 100.0,
    "tiobe_fanout": 94.0,
    "tiobe_functional": 100.0,
    "tiobe_security": 100.0,
    "tiobe_standard": 100.0
  },
  "stats": {
    "max": {
      "comment_ratio": 29.676915059927044,
      "cyclomatic_complexity": 3,
      "fanout_external": 9,
      "fanout_internal": 1,
      "halstead_bugprop": 3.159159999606571,
      "halstead_difficulty": 75.50427350427351,
      "halstead_effort": 715590.2419621655,
      "halstead_timerequired": 39755.013442342526,
      "halstead_volume": 9477.479998819714,
      "loc": 1,
      "operands_sum": 631,
      "operands_uniq": 117,
      "operators_sum": 689,
      "operators_uniq": 28
    },
    "mean": {
      "comment_ratio": 29.676915059927044,
      "cyclomatic_complexity": 3,
      "fanout_external": 9,
      "fanout_internal": 1,
      "halstead_bugprop": 3.159159999606571,
      "halstead_difficulty": 75.50427350427351,
      "halstead_effort": 715590.2419621655,
      "halstead_timerequired": 39755.013442342526,
      "halstead_volume": 9477.479998819714,
      "loc": 1,
      "operands_sum": 631,
      "operands_uniq": 117,
      "operators_sum": 689,
      "operators_uniq": 28
    },
    "median": {
      "comment_ratio": 29.676915059927044,
      "cyclomatic_complexity": 3,
      "fanout_external": 9,
      "fanout_internal": 1,
      "halstead_bugprop": 3.159159999606571,
      "halstead_difficulty": 75.50427350427351,
      "halstead_effort": 715590.2419621655,
      "halstead_timerequired": 39755.013442342526,
      "halstead_volume": 9477.479998819714,
      "loc": 1,
      "operands_sum": 631,
      "operands_uniq": 117,
      "operators_sum": 689,
      "operators_uniq": 28
    },
    "min": {
      "comment_ratio": 29.676915059927044,
      "cyclomatic_complexity": 3,
      "fanout_external": 9,
      "fanout_internal": 1,
      "halstead_bugprop": 3.159159999606571,
      "halstead_difficulty": 75.50427350427351,
      "halstead_effort": 715590.2419621655,
      "halstead_timerequired": 39755.013442342526,
      "halstead_volume": 9477.479998819714,
      "loc": 1,
      "operands_sum": 631,
      "operands_uniq": 117,
      "operators_sum": 689,
      "operators_uniq": 28
    }
  }
}
