{
  "files": {
    "/Users/lorraynereis/Documents/PUC /Engenharia de Sofware/7 Peri\u0301odo/TCC 1/plf-es-2022-2-tcci-5308100-pes-lorrayne-reis/Instrumentos/Codigos/Collect-repositories/Repositories/Cloned-repositories/l5kit/l5kit/l5kit/data/zarr_dataset.py": {
      "comment_ratio": 25.023331777881474,
      "cyclomatic_complexity": 5,
      "fanout_external": 8,
      "fanout_internal": 1,
      "halstead_bugprop": 3.046037751197119,
      "halstead_difficulty": 51.73913043478261,
      "halstead_effort": 472798.0335553789,
      "halstead_timerequired": 26266.557419743272,
      "halstead_volume": 9138.113253591357,
      "lang": [
        "Python"
      ],
      "loc": 1,
      "operands_sum": 595,
      "operands_uniq": 138,
      "operators_sum": 650,
      "operators_uniq": 24
    }
  },
  "overall": {
    "comment_ratio": 25.023331777881474,
    "cyclomatic_complexity": 5,
    "fanout_external": 8,
    "fanout_internal": 1,
    "halstead_bugprop": 3.046037751197119,
    "halstead_difficulty": 51.73913043478261,
    "halstead_effort": 472798.0335553789,
    "halstead_timerequired": 26266.557419743272,
    "halstead_volume": 9138.113253591357,
    "loc": 1,
    "maintainability_index": 100,
    "operands_sum": 595,
    "operands_uniq": 138,
    "operators_sum": 650,
    "operators_uniq": 24,
    "pylint": 100.0,
    "tiobe": 90.8,
    "tiobe_compiler": 100.0,
    "tiobe_complexity": 40.0,
    "tiobe_coverage": 100.0,
    "tiobe_duplication": 100.0,
    "tiobe_fanout": 96.0,
    "tiobe_functional": 100.0,
    "tiobe_security": 100.0,
    "tiobe_standard": 100.0
  },
  "stats": {
    "max": {
      "comment_ratio": 25.023331777881474,
      "cyclomatic_complexity": 5,
      "fanout_external": 8,
      "fanout_internal": 1,
      "halstead_bugprop": 3.046037751197119,
      "halstead_difficulty": 51.73913043478261,
      "halstead_effort": 472798.0335553789,
      "halstead_timerequired": 26266.557419743272,
      "halstead_volume": 9138.113253591357,
      "loc": 1,
      "operands_sum": 595,
      "operands_uniq": 138,
      "operators_sum": 650,
      "operators_uniq": 24
    },
    "mean": {
      "comment_ratio": 25.023331777881474,
      "cyclomatic_complexity": 5,
      "fanout_external": 8,
      "fanout_internal": 1,
      "halstead_bugprop": 3.046037751197119,
      "halstead_difficulty": 51.73913043478261,
      "halstead_effort": 472798.0335553789,
      "halstead_timerequired": 26266.557419743272,
      "halstead_volume": 9138.113253591357,
      "loc": 1,
      "operands_sum": 595,
      "operands_uniq": 138,
      "operators_sum": 650,
      "operators_uniq": 24
    },
    "median": {
      "comment_ratio": 25.023331777881474,
      "cyclomatic_complexity": 5,
      "fanout_external": 8,
      "fanout_internal": 1,
      "halstead_bugprop": 3.046037751197119,
      "halstead_difficulty": 51.73913043478261,
      "halstead_effort": 472798.0335553789,
      "halstead_timerequired": 26266.557419743272,
      "halstead_volume": 9138.113253591357,
      "loc": 1,
      "operands_sum": 595,
      "operands_uniq": 138,
      "operators_sum": 650,
      "operators_uniq": 24
    },
    "min": {
      "comment_ratio": 25.023331777881474,
      "cyclomatic_complexity": 5,
      "fanout_external": 8,
      "fanout_internal": 1,
      "halstead_bugprop": 3.046037751197119,
      "halstead_difficulty": 51.73913043478261,
      "halstead_effort": 472798.0335553789,
      "halstead_timerequired": 26266.557419743272,
      "halstead_volume": 9138.113253591357,
      "loc": 1,
      "operands_sum": 595,
      "operands_uniq": 138,
      "operators_sum": 650,
      "operators_uniq": 24
    }
  }
}
