{
  "files": {
    "/Users/lorraynereis/Documents/PUC /Engenharia de Sofware/7 Peri\u0301odo/TCC 1/plf-es-2022-2-tcci-5308100-pes-lorrayne-reis/Instrumentos/Codigos/Collect-repositories/Repositories/Cloned-repositories/l5kit/l5kit/l5kit/tests/data/zarr_utils_test.py": {
      "comment_ratio": 5.181114724683189,
      "cyclomatic_complexity": 0,
      "fanout_external": 8,
      "fanout_internal": 1,
      "halstead_bugprop": 3.34525040340161,
      "halstead_difficulty": 69.04245283018868,
      "halstead_effort": 692892.879546076,
      "halstead_timerequired": 38494.04886367088,
      "halstead_volume": 10035.75121020483,
      "lang": [
        "Python"
      ],
      "loc": 1,
      "operands_sum": 697,
      "operands_uniq": 106,
      "operators_sum": 739,
      "operators_uniq": 21
    }
  },
  "overall": {
    "comment_ratio": 5.181114724683189,
    "cyclomatic_complexity": 0,
    "fanout_external": 8,
    "fanout_internal": 1,
    "halstead_bugprop": 3.34525040340161,
    "halstead_difficulty": 69.04245283018868,
    "halstead_effort": 692892.879546076,
    "halstead_timerequired": 38494.04886367088,
    "halstead_volume": 10035.75121020483,
    "loc": 1,
    "maintainability_index": 100,
    "operands_sum": 697,
    "operands_uniq": 106,
    "operators_sum": 739,
    "operators_uniq": 21,
    "pylint": 100.0,
    "tiobe": 99.56923076923077,
    "tiobe_compiler": 100.0,
    "tiobe_complexity": 98.46153846153847,
    "tiobe_coverage": 100.0,
    "tiobe_duplication": 100.0,
    "tiobe_fanout": 96.0,
    "tiobe_functional": 100.0,
    "tiobe_security": 100.0,
    "tiobe_standard": 100.0
  },
  "stats": {
    "max": {
      "comment_ratio": 5.181114724683189,
      "cyclomatic_complexity": 0,
      "fanout_external": 8,
      "fanout_internal": 1,
      "halstead_bugprop": 3.34525040340161,
      "halstead_difficulty": 69.04245283018868,
      "halstead_effort": 692892.879546076,
      "halstead_timerequired": 38494.04886367088,
      "halstead_volume": 10035.75121020483,
      "loc": 1,
      "operands_sum": 697,
      "operands_uniq": 106,
      "operators_sum": 739,
      "operators_uniq": 21
    },
    "mean": {
      "comment_ratio": 5.181114724683189,
      "cyclomatic_complexity": 0,
      "fanout_external": 8,
      "fanout_internal": 1,
      "halstead_bugprop": 3.34525040340161,
      "halstead_difficulty": 69.04245283018868,
      "halstead_effort": 692892.879546076,
      "halstead_timerequired": 38494.04886367088,
      "halstead_volume": 10035.75121020483,
      "loc": 1,
      "operands_sum": 697,
      "operands_uniq": 106,
      "operators_sum": 739,
      "operators_uniq": 21
    },
    "median": {
      "comment_ratio": 5.181114724683189,
      "cyclomatic_complexity": 0,
      "fanout_external": 8,
      "fanout_internal": 1,
      "halstead_bugprop": 3.34525040340161,
      "halstead_difficulty": 69.04245283018868,
      "halstead_effort": 692892.879546076,
      "halstead_timerequired": 38494.04886367088,
      "halstead_volume": 10035.75121020483,
      "loc": 1,
      "operands_sum": 697,
      "operands_uniq": 106,
      "operators_sum": 739,
      "operators_uniq": 21
    },
    "min": {
      "comment_ratio": 5.181114724683189,
      "cyclomatic_complexity": 0,
      "fanout_external": 8,
      "fanout_internal": 1,
      "halstead_bugprop": 3.34525040340161,
      "halstead_difficulty": 69.04245283018868,
      "halstead_effort": 692892.879546076,
      "halstead_timerequired": 38494.04886367088,
      "halstead_volume": 10035.75121020483,
      "loc": 1,
      "operands_sum": 697,
      "operands_uniq": 106,
      "operators_sum": 739,
      "operators_uniq": 21
    }
  }
}
